This file contains weather cells and corresponding cluster mapping.
numClusters 27
26 26 26 26 26 19 19 19 19 19 19 19 19 19 19 19 19 19 19 19 26 26 26 26 26 26 8 8 8 8 8 8 8 8 8 8 8 8 11 11 11 11 11 11 11 11 11 11 11 11 11 23 23 23 23 23
26 26 26 26 26 19 19 19 19 19 19 19 19 19 19 19 19 19 19 26 26 26 26 26 26 26 8 8 8 8 8 8 8 8 8 8 8 8 11 11 11 11 11 11 11 11 11 11 11 11 23 23 23 23 23 23
26 26 26 26 26 26 19 19 19 19 19 19 19 19 19 19 19 19 19 26 26 26 26 26 26 8 8 8 8 8 8 8 8 8 8 8 8 8 11 11 11 11 11 11 11 11 11 11 11 23 23 23 23 23 23 23
26 26 26 26 26 26 26 19 19 19 19 19 19 19 19 19 19 19 19 26 26 26 26 26 26 8 8 8 8 8 8 8 8 8 8 8 8 8 11 11 11 11 11 11 11 11 11 4 4 23 23 23 23 23 23 23
26 26 26 26 26 26 26 19 19 19 19 19 19 19 19 19 19 19 19 26 26 26 26 26 26 26 17 8 8 8 8 8 8 8 8 8 8 11 11 11 11 11 11 11 4 4 4 4 4 23 23 23 23 23 23 23
26 26 26 26 26 26 26 26 19 19 19 19 19 19 19 19 19 19 19 26 26 26 26 26 26 26 17 8 8 8 8 8 8 8 8 8 8 11 4 4 4 11 4 4 4 4 4 4 4 23 23 23 23 23 23 23
26 26 26 26 26 26 26 26 19 19 19 19 19 19 19 19 19 19 19 19 26 26 26 26 26 17 17 17 4 4 4 8 8 8 4 4 4 4 4 4 4 4 4 4 4 4 4 4 23 23 23 23 23 23 23 23
26 26 26 26 26 26 26 26 26 19 19 19 19 19 19 19 19 19 19 19 19 26 26 26 17 17 17 17 4 4 4 4 4 4 4 4 4 4 4 4 4 4 4 4 4 4 4 4 23 23 23 23 23 23 23 23
26 26 26 26 26 26 26 26 26 19 19 19 19 19 19 19 19 19 26 26 26 26 26 17 17 17 17 17 17 4 4 4 4 4 4 4 4 4 4 4 4 4 4 4 4 4 23 23 23 23 23 23 23 23 23 23
22 26 26 26 26 26 26 26 26 26 26 19 19 19 19 19 19 19 26 26 26 26 17 17 17 17 17 17 17 17 4 4 4 4 4 4 4 4 4 4 4 4 4 4 4 23 23 23 23 23 23 23 23 23 23 23
22 22 26 22 22 22 22 22 22 26 26 19 19 19 19 19 19 26 26 26 26 17 17 17 17 17 17 20 20 20 20 4 4 4 4 4 4 4 4 4 4 4 4 4 23 23 23 23 23 23 23 23 23 23 23 23
22 22 22 22 22 22 22 22 22 22 22 22 19 19 19 26 26 26 26 26 26 17 17 17 17 17 20 20 20 20 20 20 20 20 20 4 4 4 4 4 23 23 23 23 23 23 23 23 23 23 23 23 23 23 23 23
22 22 22 22 22 22 22 22 22 22 22 22 22 22 22 22 22 26 26 26 17 17 17 17 17 20 20 20 20 20 20 20 20 20 20 4 4 4 23 23 23 23 23 23 23 23 23 23 23 23 23 23 23 23 23 23
22 22 22 22 22 22 22 22 22 22 22 22 22 22 22 22 22 22 26 26 26 17 17 17 20 20 20 20 20 20 20 20 20 20 20 20 20 23 23 23 23 23 23 23 23 23 23 23 23 23 23 23 23 23 23 23
13 22 22 22 22 22 22 22 22 22 22 22 22 22 22 22 22 22 22 17 17 17 17 17 20 20 20 20 20 20 20 20 20 20 20 20 20 20 20 23 23 23 23 23 23 23 23 23 23 23 23 23 23 23 23 23
13 13 13 13 22 22 22 22 22 22 22 22 22 22 22 22 22 22 22 17 17 17 17 17 20 20 20 20 20 20 20 20 20 20 20 20 20 20 20 9 9 9 9 23 23 9 23 23 23 23 23 23 23 23 23 23
13 13 13 13 13 22 22 22 22 22 22 22 22 22 22 22 22 22 22 22 17 17 17 17 20 20 20 20 20 20 20 20 20 20 20 20 20 20 20 9 9 9 9 23 9 9 9 9 9 23 23 23 23 23 23 23
13 13 13 13 13 13 22 22 22 22 22 22 22 22 22 22 22 22 22 22 17 17 17 17 20 20 20 20 20 20 20 20 20 20 20 20 20 20 20 9 9 9 9 9 9 9 9 9 9 9 9 23 23 23 23 9
13 13 13 13 13 13 13 22 22 22 22 22 22 13 13 13 22 22 22 22 22 17 17 17 17 20 20 20 20 20 20 20 20 20 20 20 20 20 20 20 9 9 9 9 9 9 9 9 9 9 9 9 9 9 9 9
12 12 13 13 13 13 13 22 22 22 22 22 22 13 13 13 13 13 13 13 22 22 17 17 17 17 20 20 20 20 20 20 20 20 20 20 20 20 20 9 9 9 9 9 9 9 9 9 9 9 9 9 9 9 9 9
12 12 12 12 12 13 13 22 22 22 22 22 22 13 13 13 13 13 13 13 13 22 22 17 17 17 20 20 20 20 20 20 20 20 20 20 20 20 20 9 9 9 9 9 9 9 9 9 9 9 9 9 9 9 9 9
12 12 12 12 12 12 12 13 22 22 16 16 16 13 13 13 13 13 13 13 13 13 22 27 17 17 17 17 20 20 20 20 20 20 20 20 20 9 9 9 9 9 9 9 9 9 9 9 9 9 9 9 9 9 9 9
12 12 12 12 12 12 12 12 16 16 16 16 16 16 13 13 13 13 13 13 13 13 13 13 27 17 17 17 17 20 20 20 20 20 20 20 20 9 9 9 9 9 9 9 9 9 9 9 9 9 9 9 9 9 9 9
12 12 12 12 12 12 16 16 16 16 16 16 16 13 13 13 16 16 13 13 13 13 13 13 27 27 27 27 27 17 17 17 20 20 9 9 9 9 9 9 9 9 9 9 9 9 9 9 9 9 9 9 9 9 9 9
12 12 12 12 12 16 16 16 16 16 16 16 16 16 16 16 16 16 16 13 13 13 13 13 27 27 27 27 27 27 27 17 17 4 9 9 9 9 9 9 9 9 9 9 9 9 9 9 9 9 9 9 9 9 9 9
12 12 12 12 12 16 16 16 16 17 16 16 16 16 16 16 16 16 16 13 13 13 13 13 13 27 27 27 27 27 27 27 27 27 9 14 14 9 9 9 9 9 9 9 9 9 9 9 9 9 9 9 9 7 7 7
12 12 12 12 12 16 16 16 16 16 16 16 16 16 16 16 16 16 16 13 13 13 13 13 13 27 27 27 27 27 27 27 27 27 9 14 14 14 9 9 9 9 9 9 9 9 9 9 9 9 9 7 7 7 7 7
12 12 12 12 12 16 16 16 16 16 16 12 16 16 16 16 16 1 1 13 13 13 13 13 13 13 27 27 27 27 27 27 27 27 14 14 14 14 14 14 14 14 9 9 9 9 9 9 9 9 9 7 7 7 7 7
12 12 12 12 12 16 16 16 16 16 16 16 16 16 16 16 16 16 1 1 1 13 13 13 13 13 13 27 27 27 27 27 27 27 14 14 14 14 14 14 14 14 7 9 9 9 7 9 9 9 9 7 7 7 7 7
12 12 12 12 16 16 16 16 16 16 16 16 16 16 16 16 16 16 1 1 1 1 1 13 13 13 13 13 27 27 27 27 27 27 14 14 14 14 14 14 14 14 7 9 9 9 7 7 7 7 7 7 7 7 7 7
12 12 12 16 16 16 16 16 16 16 16 16 16 16 16 1 1 1 1 1 1 1 1 1 1 13 13 13 27 27 27 27 27 27 14 14 14 14 14 14 14 14 7 7 7 7 7 7 7 7 7 7 7 7 7 7
12 12 12 16 16 16 16 16 16 16 16 16 16 10 1 1 3 3 3 3 1 1 1 1 1 1 1 1 27 27 27 27 27 27 14 14 14 14 14 14 14 14 7 7 7 7 7 7 7 7 7 7 7 7 7 7
12 12 16 16 16 16 16 16 16 16 16 16 10 1 1 3 3 3 3 3 1 1 1 1 1 1 1 1 1 27 27 27 27 27 14 14 14 14 14 14 14 14 7 7 7 7 7 7 7 7 7 7 7 7 7 7
12 12 16 16 16 16 16 16 16 16 10 10 10 1 3 3 3 3 3 3 1 1 1 1 1 1 1 1 1 27 27 27 27 27 14 14 14 14 14 14 14 14 7 7 7 7 7 7 7 7 7 7 7 7 7 24
12 12 16 16 16 16 16 16 16 10 10 10 10 3 3 3 3 3 3 1 1 1 1 1 1 1 1 1 1 27 27 27 27 15 14 14 14 14 14 14 14 14 7 7 7 7 7 7 7 7 7 7 7 24 24 6
3 12 16 10 10 10 10 10 10 10 10 10 10 3 3 3 3 3 3 1 1 1 1 1 1 1 1 1 27 15 15 15 15 15 14 14 14 14 14 14 14 14 7 7 7 7 7 7 7 7 24 24 24 24 24 6
3 12 10 10 10 10 10 10 10 10 10 10 10 3 3 3 3 3 3 1 1 1 1 1 1 1 1 1 27 15 15 15 15 15 15 15 15 15 14 14 14 7 7 7 7 7 7 7 7 24 24 24 24 24 24 24
3 10 10 10 10 10 10 10 10 10 10 10 10 3 3 3 3 3 3 1 1 1 1 1 1 1 1 1 15 15 15 15 15 15 15 15 15 15 15 15 15 15 7 7 7 7 7 7 24 24 24 24 24 24 24 24
3 10 10 10 10 10 10 10 10 10 10 10 10 10 3 3 3 3 1 1 10 10 1 1 1 1 1 15 15 15 15 15 15 15 15 15 15 15 15 15 15 15 7 7 7 7 7 24 24 24 24 24 24 24 24 24
3 10 10 10 10 10 10 10 10 10 10 10 10 10 1 1 1 1 1 1 10 15 1 1 1 1 10 15 15 15 15 15 15 15 15 15 15 15 15 15 15 15 7 7 7 7 2 24 24 24 24 24 24 24 24 24
3 10 10 10 10 10 10 10 10 10 10 10 10 10 10 1 1 1 5 5 5 5 1 1 1 10 15 15 15 15 15 15 15 15 15 15 15 15 15 15 15 15 15 7 7 2 2 24 24 24 24 24 24 24 24 24
3 10 10 10 10 10 10 10 10 10 10 10 10 10 10 10 10 10 5 5 5 5 5 10 10 10 15 15 15 15 15 15 15 15 15 15 15 15 15 15 15 15 15 7 2 2 2 24 24 24 24 24 24 24 24 24
3 10 10 10 10 10 10 10 10 10 10 10 10 10 10 5 5 5 5 5 5 5 5 5 5 5 18 15 15 15 15 15 15 15 15 15 15 15 15 15 15 15 15 2 2 2 2 24 24 24 24 24 24 24 24 24
3 10 10 10 10 10 10 10 10 10 10 10 10 10 5 5 5 5 5 5 5 5 5 5 5 18 18 18 18 18 18 15 15 15 15 15 1 15 15 15 15 15 15 2 2 2 2 24 24 24 24 6 6 6 6 6
10 10 10 10 10 10 25 25 25 25 25 5 5 5 5 5 5 5 5 5 5 5 5 5 5 18 18 18 18 18 18 15 15 15 15 15 15 15 15 15 15 15 2 2 2 2 2 21 21 24 24 6 6 6 6 6
3 10 25 25 25 25 25 25 25 25 25 5 5 5 5 5 5 5 5 5 5 5 5 18 18 18 18 18 18 18 18 15 15 15 15 15 15 15 15 15 15 15 2 2 2 2 21 21 21 21 24 6 6 6 6 6
10 25 25 25 25 25 25 25 25 25 25 25 5 5 5 5 5 5 5 5 5 5 5 18 18 18 18 18 18 18 18 18 18 15 15 15 15 15 15 15 15 2 2 2 2 2 21 21 21 21 21 6 6 6 6 6
25 25 25 25 25 25 25 25 25 25 25 25 25 25 5 5 5 5 5 5 5 5 5 18 18 18 18 18 18 18 18 18 18 18 18 15 15 15 15 2 2 2 2 2 2 21 21 21 21 21 21 6 6 6 6 6
25 25 25 25 25 25 25 25 25 25 25 25 5 5 5 5 5 5 5 5 5 5 5 5 18 18 18 18 18 18 18 18 18 18 18 18 15 15 15 2 2 2 2 2 2 21 21 21 21 21 21 6 6 6 6 6
25 25 25 25 25 25 25 25 25 25 25 5 5 5 5 5 5 5 5 5 5 5 5 5 18 18 18 18 18 18 18 18 18 18 18 18 18 18 15 2 2 2 2 2 21 21 21 21 21 21 21 6 6 6 6 6
25 25 25 25 25 25 25 25 25 25 25 5 5 5 5 5 5 5 5 5 5 5 5 5 5 18 18 18 18 18 18 18 18 18 18 18 18 18 18 2 2 2 2 2 21 21 21 21 21 21 21 6 6 6 6 6
25 25 25 25 25 25 25 25 25 25 25 5 5 5 5 5 5 5 5 5 5 5 5 5 5 18 18 18 18 18 18 18 18 18 18 18 18 18 18 2 2 2 2 21 21 21 21 21 21 21 21 6 6 6 6 6
25 25 25 25 25 25 25 25 25 25 25 5 5 5 5 5 5 5 5 5 5 5 5 5 5 18 18 18 18 18 18 18 18 18 18 18 18 18 18 2 2 2 2 21 21 21 21 21 21 21 21 6 6 6 6 6
25 25 25 25 25 25 25 25 25 25 25 5 5 5 5 5 5 5 5 5 5 5 5 5 18 18 18 18 18 18 18 18 18 18 18 18 18 18 18 2 2 2 2 21 21 21 21 21 21 21 21 6 6 6 6 6
