ncols         100
nrows         100
xllcorner     -5405915.3286881
yllcorner     -6032219.8960591
cellsize      100000
NODATA_value  -9999
0 0 0 0 0 0 0 0 0 0 0 0 0 0 0 0 0 0 0 0 0 0 0 0 0 0 0 0 0 0 0 0 0 0 0 0 0 0 0 0 0 0 0 0 0 0 0 0 0 0 0 0 0 0 0 0 0 0 0 0 0 0 0 0 0 0 0 0 0 0 0 0 0 0 0 0 0 0 0 0 0 0 0 0 0 0 0 0 0 0 0 0 0 0 0 0 0 0 0 0 
0 0 0 0 0 0 0 0 0 0 0 0 0 0 0 0 0 0 0 0 0 0 0 0 0 0 0 0 0 0 0 0 0 0 0 0 124 1275 170 0 0 0 0 0 0 0 0 0 0 0 0 0 0 0 0 0 0 0 0 0 0 0 0 0 0 0 0 0 0 0 0 0 0 0 0 0 0 0 0 0 0 0 0 0 0 0 0 0 0 0 0 0 0 0 0 0 0 0 0 0 
0 0 0 0 0 0 0 0 0 0 0 0 0 0 0 0 0 0 0 0 0 0 0 0 0 0 0 0 0 0 0 0 0 0 23 204 547 606 615 4297 8687 9863 798 0 0 954 7556 0 0 0 0 0 0 0 0 0 0 0 0 0 0 0 0 0 0 0 0 0 0 0 0 0 0 0 0 0 0 0 0 0 0 0 0 0 0 0 0 0 0 0 0 0 0 0 0 0 0 0 0 0 
0 0 0 0 0 0 0 0 0 0 0 0 0 0 0 0 0 0 0 0 0 0 0 0 0 0 0 0 0 0 0 0 0 0 2407 2374 7306 6519 3361 6194 3790 55338 63684 118827 40339 22384 72484 4076 0 0 0 0 0 0 0 0 0 0 0 0 0 0 0 0 0 0 0 0 0 0 0 0 0 0 0 0 0 0 0 0 0 0 0 0 0 0 0 0 0 0 0 0 0 0 0 0 0 0 0 0 
0 0 0 0 0 0 0 0 0 0 0 0 0 0 0 0 0 0 0 0 0 0 0 0 0 0 0 0 0 0 0 2914 6557 3892 1604 14655 28903 10384 18627 17967 34094 6695 9570 94823 115857 48538 9726 7197 0 0 0 0 0 0 0 0 0 0 0 0 0 0 0 0 0 0 0 0 0 0 0 0 0 0 0 0 0 0 0 0 0 0 0 0 0 0 0 0 0 0 0 0 0 0 0 0 0 0 0 0 
0 0 0 0 0 0 0 0 0 0 0 0 0 0 0 0 0 0 0 0 0 0 0 0 0 0 0 0 0 0 1077 38709 9130 31360 13451 8647 15960 11916 9697 14229 20188 14106 54102 7693 4157 16348 73466 24206 247643 0 0 0 0 0 0 0 0 0 0 0 0 0 0 0 0 0 0 0 0 0 0 0 0 0 0 0 0 0 0 0 0 0 0 0 0 0 0 0 0 0 0 0 0 0 0 0 0 0 0 0 
0 0 0 0 0 0 0 0 0 0 0 0 0 0 0 0 0 0 0 0 0 0 0 0 0 0 0 0 0 261 12276 31294 18619 29577 13544 17093 10762 11524 13491 17410 43535 4146 16494 15263 5267 15102 11076 88479 181362 38613 149 0 0 0 0 0 0 0 0 0 0 0 0 0 0 0 0 0 0 0 0 0 0 0 0 0 0 0 0 0 0 0 0 0 0 0 0 0 0 0 0 0 0 0 0 0 0 0 0 0 
0 0 0 0 0 0 0 0 0 0 0 0 0 0 0 0 0 0 0 0 0 0 0 0 0 0 0 0 1526 7221 9565 21846 16443 27799 10086 12966 13777 10164 15811 19385 11948 12341 35156 5805 3637 25836 28643 34035 91004 224413 26828 859 0 0 0 0 0 0 0 0 0 0 0 0 0 0 0 0 0 0 0 0 0 0 0 0 0 0 0 0 0 0 0 0 0 0 0 0 0 0 0 0 0 0 0 0 0 0 0 0 
0 0 0 0 0 0 0 0 0 0 0 0 0 0 0 0 0 0 0 0 0 0 0 0 0 0 0 5006 29983 916921 23201 98110 26936 17007 34300 14192 4929 3916 10426 22632 19544 24937 4356 2478 10130 124351 358976 70405 117426 75433 88600 40538 4337 0 0 0 7081 14389 2729 0 0 0 0 0 119 0 0 0 0 0 0 0 0 0 0 0 0 0 0 0 0 0 0 0 0 0 0 0 0 0 0 0 0 0 0 0 0 0 0 0 
0 0 0 0 0 0 0 0 0 0 0 0 0 0 0 0 0 0 0 0 0 0 0 0 0 10 3170 6787 12607 11394 137182 14656 9399 13109 10562 9411 2892 474 4590 125588 14825 2870 85604 18288 81692 42753 99667 833060 95657 107747 68754 132757 26542 2829 0 2966 94709 102683 87311 31549 14940 5362 332 15114 52834 42812 5727 0 0 0 0 0 0 0 0 0 0 0 0 0 0 0 0 0 0 0 0 0 0 0 0 0 0 0 0 0 0 0 0 0 
0 0 0 0 0 0 0 0 0 0 0 0 0 0 0 0 0 0 0 0 0 0 0 0 0 2932 7768 12243 2721 8750 75269 36924 13313 10888 13001 4005 949 1228 4335 948 5955 166144 376740 10311 262441 1142533 92212 215014 79924 51533 55627 57678 42433 56690 23421 41483 31754 196312 49125 49178 40463 402513 73959 97281 45365 469866 77684 0 0 0 0 0 0 0 0 0 0 0 0 0 0 0 0 0 0 0 0 0 0 0 0 0 0 0 0 0 0 0 0 0 
0 0 0 0 0 0 0 0 0 0 0 0 0 0 0 0 0 0 0 0 0 0 0 0 76 1905 9064 2214 758 19907 51974 56460 22563 237825 5533 321 2922 287 240 128 17035 45913 41789 49575 4782 267841 595996 326753 1478940 34866 24756 115263 74610 89103 1319799 128645 45152 290857 56750 57901 70244 106961 61233 97506 123122 76865 17472 0 0 0 0 0 0 0 0 0 0 0 0 0 0 0 0 0 0 0 0 0 0 0 0 0 0 0 0 0 0 0 0 0 
0 0 0 0 0 0 0 0 0 0 0 0 0 0 0 0 0 0 0 666 388 0 0 0 2634 6264 16431 477 5867 55522 474341 60793 26290 921605 228127 43151 10358 1966 210 1267 24461 7433 34041 149451 119610 141165 711876 64922 7195 6456 7484 20576 34735 62557 47930 61800 45285 52066 68690 418933 80659 63216 226325 116184 609877 34807 4003 0 0 0 0 0 0 0 0 0 0 0 0 0 0 0 0 0 0 0 0 0 0 0 0 0 0 0 0 0 0 0 0 0 
0 0 0 0 0 0 0 0 0 0 0 0 0 0 0 0 0 0 73414 44384 56707 216 0 788 5478 11262 17337 16190 28441 33387 21975 5673 19578 9224 35140 48959 90134 67466 11328 104168 148604 1136267 56154 176291 13422 30940 272446 39504 12579 4133 3325 2805 11610 64992 21529 21170 119699 58019 89562 94833 167576 103221 1556191 519885 117813 33457 921 0 0 0 0 0 0 0 0 0 0 0 0 0 0 0 0 0 0 0 0 0 0 0 0 0 0 0 0 0 0 0 0 0 
0 0 0 0 0 0 0 0 0 0 0 0 0 0 0 0 0 2415 261086 48226 19512 46842 127360 115477 62440 59610 52298 174447 10242 6441 14466 1097 9873 12479 696 5749 40662 32601 83771 53030 41013 26287 13834 7316 2968 2923 6943 16274 52634 2488 6247 2209 3195 723 13835 21324 13971 24500 108531 664061 146475 340715 370843 103989 136102 44064 0 0 0 0 0 0 0 0 0 0 0 0 0 0 0 0 0 0 0 0 0 0 0 0 0 0 0 0 0 0 0 0 0 0 
0 0 0 0 0 0 0 0 0 0 0 0 0 0 0 0 0 0 416032 65682 64386 482040 17045 81736 51985 51575 10785 202122 4081 452 23093 1381 2387 465 1515 7898 265075 3254 2830 10035 2774 79462 109038 2157 1868 4310 6723 2808 4254 9917 2063 3383 3330 362 587 322 10455 126523 40634 77269 116373 350761 1926797 163730 41924 9591 0 0 0 0 0 0 0 0 0 0 0 0 0 0 0 0 0 0 0 0 0 0 0 0 0 0 0 0 0 0 0 0 0 0 
0 0 0 0 0 0 0 0 0 0 0 0 0 0 60388 152017 0 0 589443 103603 115920 61984 61981 26570 32118 73550 8821 1089 1541 1693 5637 2199 9167 3676 57195 49991 7082 4353 10053 16219 6971 8509 3822 2404 2218 1511 1111 543 1042 3369 4966 829 294 794 1693 5831 11990 2688 8686 5211 27027 183037 511748 70523 93575 4604 1683 4495 0 0 0 0 0 0 0 0 0 0 0 0 0 0 0 0 0 0 0 0 0 0 0 0 0 0 0 0 0 0 0 0 
0 0 0 0 0 0 0 0 0 2 1306 0 0 107319 1055291 2077924 509765 240910 489712 39704 41502 179991 55258 3337 6103 8077 1127 1011 6100 1454 28668 3812 4343 3030 1778 2048 109841 6788 9360 4120 3402 2918 2933 1765 1868 1919 916 372 163 67 2344 265852 128124 10661 72796 3615 2815 1553 53230 4451 19146 106301 109331 247288 1232703 212591 240767 134572 117240 16511 0 0 0 0 0 0 0 0 0 0 0 0 0 0 0 0 0 0 0 0 0 0 0 0 0 0 0 0 0 0 
0 0 0 0 0 0 0 0 0 289980 968358 14226 0 424456 263609 638573 748779 681046 497357 301036 128171 19265 53890 3035 7630 3294 518 76 798 6618 4369 5542 5888 7018 1143 916 1749 3956 4831 476 213 495 695 214 885 486 412 71 0 0 2340 55596 10233 369954 127437 3468 60915 5831 23502 3922 4834 278872 18522 369765 106081 63289 203698 54631 162552 444962 750811 14578 0 0 0 0 0 0 0 0 0 0 0 0 0 0 0 0 0 0 0 0 0 0 0 0 0 0 0 0 
0 0 0 0 0 0 0 0 5814 88587 229991 58279 53596 1707898 931197 432603 28512 144886 76525 16819 51022 49374 72215 2496 16894 654 650 932 8388 2718 1732 3103 4261 1711 508 221 396 215 181 664 442 530 317 138 194 1106 448 994 40 4753 2926 7047 11035 17232 11266 374 3685 72679 14717 40617 21237 7003 24584 34754 35168 38034 80853 733020 102598 120684 66137 131464 244809 0 0 0 0 0 0 0 0 0 0 0 0 0 0 0 0 0 0 0 0 0 0 0 0 0 0 0 
0 0 0 0 0 0 0 0 5952 20278 63503 442814 449238 1155357 359769 217508 97801 183857 319513 38966 57354 66817 12584 9037 319 101 1534 1753 611 1567 19200 1304 1572 789 474 149 130 277 152 318 768 136 1036 333 561 893 384 69 436 556 8316 3343 144381 4055 2296 1252 339 4954 1090 859 2880 1894 13503 5360 11913 23451 17810 53365 56042 99164 69888 247617 154096 36771 0 0 0 0 0 0 0 0 0 0 0 0 0 0 0 0 0 0 0 0 0 0 0 0 0 0 
0 0 0 0 0 0 0 0 7357 79628 17049 122253 197770 466698 8224 30757 90909 49881 188661 30221 21149 20101 20386 1653 1275 286 639 2495 544 1514 1511 1330 951 1218 145 373 82 176 148 60 174 231 34 54 58 456 557 114 16 58 3471 10271 4350 4890 3563 4314 20207 5557 2716 1109 754 2800 5458 18617 11251 18341 19911 28129 16767 28757 65390 67475 935475 177924 692 0 0 0 0 0 0 0 0 0 0 0 0 0 0 0 0 0 0 0 0 0 0 0 0 0 
0 0 0 0 0 0 0 0 0 11122 11105 56550 179060 75752 101085 8212 649 190 10204 2267 39190 1008 710 47979 1240 2448 1176 1544 1509 1169 362 585 572 3897 1344 484 158 67 80 15 49 122 17 33 19 252 1156 861 84 236 829 3274 307 49456 720 1955 1385 2157 4499 5584 530 14697 11603 6013 12253 273014 18736 87705 28858 32438 25576 94151 505400 800378 203440 84259 0 0 0 0 0 0 0 0 0 0 0 0 0 0 0 0 0 0 0 0 0 0 0 0 
0 0 0 0 0 0 0 0 0 1988 706 1134 677789 76229 2073 4502 11451 3048 6324 689 2493 2037 613 5113 68309 4530 2482 1168 1732 2284 1952 27836 3298 4829 2341 1696 206 181 46 16 34 8 0 0 179 371 2667 2022 1446 4963 948 113514 887 186 249 956 2424 2175 4596 907 3238 6079 54588 122667 18750 35520 9796 152396 21892 33015 30540 394668 66287 295174 115736 524489 5079 0 0 0 0 0 0 0 0 0 0 0 0 0 0 0 0 0 0 0 0 0 0 0 
0 0 0 0 0 0 0 0 0 721 573 989 23648 9688 178 2461 5038 610 611 283 1169 85 700 1562 8276 2242 953 869 3235 2395 1577 3756 8565 42836 3094 3386 510 639 21 50 59 1 0 41 255 540 720 6647 89 874 1480 76 24 1892 3132 771 74467 1012 1656 41807 57254 4366 9635 2322 3588 14118 5718 16614 15374 70286 37568 53250 394598 58457 64245 199360 4626 0 0 0 0 0 0 0 0 0 0 0 0 0 0 0 0 0 0 0 0 0 0 0 
0 0 0 0 0 0 0 0 0 2 2043 494 3469 78351 3808 2687 938 2006 214 108 15 362 331 2018 5168 24054 1191 275 614 1097 2268 6385 3980 3140 2114 1071 612 355 358 326 57 34 0 7 40 0 0 309 0 0 44 3515 634 606 3504 346 107884 21047 1436 1489 46102 10914 8966 4077 3860 3469 8522 3100 22079 10640 77510 21255 30255 35783 47994 117325 20447 14990 0 0 0 0 0 0 0 0 0 0 0 0 0 0 0 0 0 0 0 0 0 0 
0 0 0 0 0 0 0 0 0 0 704 1384 130 305305 22547 10864 293 39 132 12 21 351 281 1356 1046 1699 1339 1172 2760 3710 4865 13188 2665 1589 480 2220 2733 329 70 227 944 241 0 0 7 0 220183 10628 60 41 0 924 530 30 378 428 3218 71 109 342 3154 3894 4698 748 1441 5225 13166 7660 20266 35681 14490 14816 24345 16908 126003 65163 344579 62029 2346 0 0 0 0 0 0 0 0 0 0 0 0 0 0 0 0 0 0 0 0 0 
0 0 0 0 0 0 0 1667 75406 3196 101 77136 7876 4994 220 514 1254 446 440 13 62 404 970 602 414 1064 2253 5910 2293 2277 8963 4470 6318 2102 51 1794 3780 169 216 732 932 499 0 23 216 59 15481 0 1306 410 0 8 296 50 576 924 267 129 119 89 433 27625 1534 1810 798 5622 6341 329308 77863 4302 8885 17195 284590 89749 98239 569254 106846 260517 4693 0 0 0 0 0 0 0 0 0 0 0 0 0 0 0 0 0 0 0 0 0 
0 0 0 0 0 0 0 4790 256674 17416 28050 4 352 9801 1583 1547 158 145 135 56 343 847 165 2129 6077 3175 7187 4622 2601 3617 5695 4616 5028 1027 224 99 150 29 30 506 1041 759 27 136 21 0 0 3 519 628 324 706 184 0 234 4 32 1072 8 0 54 89 1053 1468 2312 4662 1832 36867 214228 33675 12263 24610 62523 28707 37386 4905485 246617 19251 0 0 0 0 0 0 0 0 0 0 0 0 0 0 0 0 0 0 0 0 0 0 
0 0 0 0 0 0 0 0 0 3980 35632 14396 15548 7885 38147 4231 103 6 207 223 92 65 92 2130 5617 9342 271852 5448 2681 3571 3665 1015 1165 2084 89 63 82 80 0 3 13 24 21 70 61 3 0 0 128 979 316 1214 414 162 112 2 0 23 138 0 0 903 9 36 710 92 2243 1421 602 2647 57492 10550 19349 65347 117953 222406 13403 19 0 0 0 0 0 0 0 0 0 0 0 0 0 0 0 0 0 0 0 0 0 0 
0 0 0 0 0 0 0 0 0 202 2908 1360 17432 8801 2090 448 0 0 292 111 113 16 646 1231 5338 18216 24874 14456 1959 1852 608 167 679 112 14 89 55 51 4 0 29 20 26 35 0 0 0 0 1 0 345 880 752 166 2 0 0 0 14 511 0 6 4 18 22 529 2479 1235 915 20501 11899 10679 27742 120639 129072 169463 798233 490307 0 0 0 0 0 0 0 0 0 0 0 0 0 0 0 0 0 0 0 0 0 0 
0 0 0 0 0 0 0 0 0 0 0 0 0 1098 31060 32 0 0 0 149 563 711 1263 2502 3959 14018 6099 4255 394 19 36 133 669 567 59 217 260 333 255 602 36 0 110 0 0 0 0 0 0 0 0 454 208 590 0 0 0 0 16 840 0 0 0 0 0 1362 5945 3405 7388 11461 7532 33554 29190 182957 190566 81731 363018 235591 1454 0 0 0 0 0 0 0 0 0 0 0 0 0 0 0 0 0 0 0 0 0 
0 0 0 0 0 0 0 0 0 0 0 0 0 0 0 0 0 0 0 505 527 1241 1217 768 1844 2068 2446 596 800 347 152 291 231 652 1777 519 135 22 2278 476 19 325 0 0 0 23 0 0 0 0 0 0 0 0 0 0 10 72 165 108 0 0 0 0 0 93 17278 31433 124715 7652 11233 15980 66197 54318 57116 78158 418349 404767 16 0 0 0 0 0 0 0 0 0 0 0 0 0 0 0 0 0 0 0 0 0 
0 0 0 0 0 0 0 0 0 0 0 0 0 0 0 0 0 0 0 643 297 1001 542 508 1082 1275 650 959 679 651 343 71 115 1058 2169 372 104 288 794 166 255 1415 48 5 0 24 14 0 0 0 0 0 0 0 0 160 362 38 54 0 0 0 0 0 0 0 125862 417137 39823 14033 14134 13919 222442 101495 129258 177280 149936 37299 0 0 0 0 0 0 0 0 0 0 0 0 0 0 0 0 0 0 0 0 0 0 
0 0 0 0 0 0 0 0 0 0 0 0 0 0 0 0 0 0 0 1134 1374 922 689 143 196 502 517 3220 577 1915 746 177 1 64 214 94 423 159 376 232 617 208 34 8 110 148 55 0 0 0 0 0 0 58 18 44 65 2 0 0 0 0 0 0 0 0 12090 64445 5090 3255 14750 62931 73626 0 5394 91346 0 0 107129 57210 253017 485 0 0 0 0 0 0 0 0 0 0 0 0 0 0 0 0 0 0 
0 0 0 0 0 0 0 0 0 0 0 0 0 0 0 0 0 0 9 793 398 655 50 490 820 353 231 951 747 5555 1358 1195 808 134 167 6 47 10 54 0 35 56 1 35 336 104 28 0 0 0 0 0 4 18 0 8 0 0 0 0 0 0 0 0 0 0 5237 16976 9963 2436 14517 23205 109638 59253 81519 147757 57756 150018 98601 242985 290807 31174 0 0 0 0 0 0 0 0 0 0 0 0 0 0 0 0 0 0 
0 0 0 0 0 0 0 0 0 0 0 0 0 0 0 0 0 0 221 452 197 82 213 4246 4063 1654 65 27 193 738 1075 544 708 111 439 71 15 24 0 0 3 568 120 358 96 0 0 0 0 0 0 0 0 0 0 0 0 0 0 0 0 0 0 0 0 0 3709 3369 8241 10518 12753 29033 8756 10394 19501 9478 33631 20422 17405 83514 125483 129368 0 0 0 0 0 0 0 0 0 0 0 0 0 0 0 0 0 0 
0 0 0 0 0 0 0 0 0 0 0 0 0 0 0 0 0 0 1306 1872 538 1955 1886 3007 1552 562 2256 727 414 648 1122 2077 1329 199 0 0 0 0 0 0 0 21 54 1 29 0 0 0 0 0 0 0 0 0 0 0 0 0 0 0 0 0 0 0 0 0 0 11992 14205 8425 1933 14336 687 3787 6875 10223 27409 64831 11627 40308 182639 1125173 40068 0 0 0 0 0 0 0 0 0 0 0 0 0 0 0 0 0 
0 0 0 0 0 0 0 487 200 0 0 0 0 0 0 0 0 165 111386 614 3757 2811 7903 908 215 513 303 286 513 739 1307 991 129 0 0 0 0 0 0 0 0 0 0 0 0 5 0 1 0 0 0 0 0 0 0 0 0 0 0 0 0 0 0 0 0 0 0 0 1126 94522 28231 19238 20511 28729 29330 8378 12793 16510 31184 65336 208017 396893 191842 137761 0 0 0 0 0 0 0 0 0 0 0 0 0 0 0 0 
0 0 0 0 0 0 0 110 2077 1593 679 10 0 0 0 0 0 1016 1838 1883 1674 9576 3205 73 60 39 123 574 1696 468 1537 273 176 0 0 11 0 0 0 0 0 0 0 0 0 0 0 0 0 0 0 0 0 0 0 0 0 0 0 0 0 0 0 0 0 0 0 0 0 189 10530 48088 48940 19823 29531 18423 50370 275682 28568 24548 29534 17478 19749 62170 0 0 0 0 0 0 0 0 0 0 0 0 0 0 0 0 
0 0 0 0 0 0 0 0 367 2773 5908 638 1781 2204 527 0 0 455 1186 2311 3021 2404 1029 427 2236 727 103 157 892 534 63 134 19 126 40 32 69 0 0 0 0 0 0 0 0 0 0 0 0 0 0 0 0 0 0 0 0 0 0 0 0 0 0 0 0 0 0 0 0 0 0 0 2353 58 0 0 0 11187 119294 34616 33518 77180 225596 200156 0 0 0 0 0 0 0 0 0 0 0 0 0 0 0 0 
0 0 0 0 0 0 0 0 0 226 277879 5131 1616 501 1327 522 0 13 267 213 876 276 191 1463 917 1194 479 778 319 203 322 136 38 52 0 29 116 0 0 0 0 0 0 0 0 0 0 0 0 0 0 0 0 51 0 0 0 0 0 0 0 0 0 0 0 0 0 0 0 0 0 0 0 0 0 0 0 0 2043 108815 44925 318722 330 0 0 0 0 0 0 0 0 0 0 0 0 0 0 0 0 0 
0 0 0 0 0 0 0 0 0 0 1792 1209 6358 1643 1733 1714 0 0 1 483 894 1041 407 325 144 634 1642 798 4 9 131 0 0 0 0 3 3 0 0 0 0 0 0 0 0 0 0 0 0 0 0 0 0 0 0 0 0 0 0 0 0 4 2 5 0 0 0 0 0 0 0 0 0 0 0 0 0 0 0 0 0 0 0 0 0 0 0 0 0 0 0 0 0 0 0 0 0 0 0 0 
0 0 0 0 0 0 0 0 0 0 0 1817 1009 8381 794 926 807 0 0 374 37 559 1824 595 375 624 1091 383 11 108 0 0 0 0 82 0 0 0 0 0 0 0 0 0 0 0 0 0 0 0 0 0 0 0 0 0 0 0 0 0 0 1733 73 11 0 0 0 0 0 0 0 0 0 0 0 0 0 0 0 0 0 0 0 0 0 0 0 0 0 0 0 0 0 0 0 0 0 0 0 0 
0 0 0 0 0 0 0 0 0 0 0 80 176 3123 1098 977 738 79 162 1114 156 145 373 770 890 819 755 51 16 2 0 0 0 0 0 0 0 0 0 0 0 0 0 0 0 0 0 0 0 0 0 0 0 0 0 0 0 0 0 0 4 70 795 0 0 0 0 0 0 0 0 0 0 0 0 0 0 0 0 0 0 1771 20273 0 0 0 0 0 0 0 0 0 0 0 0 0 0 0 0 0 
0 0 0 0 0 0 0 0 0 0 0 0 17 613 440 611 1605 856 88 195 107 50 636 394 595 653 1484 49 19 4 0 0 0 0 0 2 0 0 0 0 0 0 0 0 0 0 0 0 0 0 0 0 0 0 0 0 0 0 0 0 0 4 0 0 0 0 0 0 0 0 0 0 0 0 0 0 0 0 0 0 0 0 130 0 0 0 0 0 0 0 0 0 0 0 0 0 0 0 0 0 
0 0 0 0 0 0 0 0 0 0 0 0 0 0 0 22 135 1079 526 190 79 72 3 0 559 667 3742 882 0 1 0 0 0 0 0 0 0 0 0 0 0 0 0 0 0 0 0 0 0 0 0 0 0 0 0 0 0 0 0 0 0 0 0 0 0 0 0 0 0 0 0 0 0 0 0 0 0 0 0 0 0 0 0 0 0 0 0 0 0 0 0 0 0 0 0 0 0 0 0 0 
0 0 0 0 0 0 0 0 0 0 0 0 0 0 0 0 5 976 726 422 76 4 13 120 813 511 712 83 0 0 0 0 0 0 0 0 0 0 0 0 0 0 0 0 0 0 0 0 0 0 0 0 0 0 0 0 0 0 0 0 0 0 0 0 0 0 0 0 0 0 0 0 0 0 0 0 0 0 0 0 34209 5333 0 0 0 0 0 0 0 0 0 0 0 0 0 0 0 0 0 0 
0 0 0 0 0 0 0 0 0 0 0 0 0 0 0 0 0 233 875 258 503 61 95 59 394 969 325 349 0 0 0 0 0 0 0 0 0 0 0 0 0 0 0 0 0 0 0 0 0 0 0 0 0 0 0 0 0 0 0 0 0 0 0 0 0 0 0 0 0 0 0 0 0 0 0 0 0 0 0 0 6432 988 0 0 0 0 0 0 0 0 0 0 0 0 0 0 0 0 0 0 
0 0 0 0 0 0 0 0 0 0 0 0 0 0 0 0 27 750 883 315 206 223 295 358 52 147 535 991 0 0 0 0 0 0 0 0 0 0 0 0 0 0 0 0 0 0 0 0 0 0 0 0 0 0 0 0 0 0 0 0 0 0 0 0 0 0 0 0 0 0 0 0 0 0 0 0 0 0 0 0 0 0 0 0 0 0 0 0 0 0 0 0 0 0 0 0 0 0 0 0 
0 0 0 0 0 0 0 0 0 0 0 0 0 0 0 0 0 78 1458 38 71 316 710 253 68 422 2247 1206 0 0 0 0 0 0 0 0 0 0 0 0 0 0 0 0 0 0 0 0 0 0 0 0 0 0 0 0 0 0 0 0 0 0 0 0 0 0 0 0 0 0 0 0 0 0 0 0 0 0 0 0 0 0 0 0 0 0 0 0 0 0 0 0 0 0 0 0 0 0 0 0 
0 0 0 0 0 0 0 0 0 0 0 0 0 0 0 0 0 0 374 391 160 56 610 606 315 69 354 417 0 0 0 0 0 0 0 0 0 0 0 0 0 0 0 0 0 0 0 0 0 0 0 0 0 0 0 0 0 0 0 0 0 0 0 0 0 0 0 0 0 0 0 0 0 0 0 0 799 10083 712 0 0 0 0 0 0 0 0 0 0 0 0 0 0 0 0 0 0 0 0 0 
0 0 0 0 0 0 0 0 0 0 0 0 0 0 0 0 0 0 2 95 33 505 433 209 132 60 69 223 1 4 0 0 0 0 0 0 0 0 0 0 0 0 0 0 0 0 0 0 0 0 0 0 0 0 0 0 0 0 0 0 0 0 0 0 0 0 0 0 0 0 0 0 0 0 0 254 4870 81 1874 0 0 0 0 0 0 0 0 0 0 0 0 0 0 0 0 0 0 0 0 0 
0 0 0 0 0 0 0 0 0 0 0 0 0 0 0 0 0 0 0 317 451 1461 12158 453 58 42 190 1004 0 150 0 0 0 0 0 0 0 0 0 0 0 0 0 0 0 0 0 0 0 0 0 0 0 0 0 0 0 0 0 0 0 0 0 0 0 0 0 0 0 0 0 0 0 0 0 424 23482 239 1308 96 0 0 0 0 0 0 0 0 0 0 0 0 0 0 0 0 0 0 0 0 
0 0 0 0 0 0 0 0 0 0 0 0 0 0 0 0 0 0 0 63 747 419 413 596 389 766 1035 1 0 6 0 0 0 0 0 0 0 0 0 0 0 0 0 0 0 0 0 0 0 0 0 0 0 0 0 0 0 0 0 0 0 0 0 0 0 0 0 0 0 0 0 568 0 0 0 0 10221 712 11120 458 0 0 0 0 0 0 0 0 0 0 0 0 0 0 0 0 0 0 0 0 
0 0 0 0 0 0 0 0 0 0 0 0 0 0 0 0 0 0 0 0 0 0 0 214 72 272 524 0 0 0 0 0 0 0 0 0 0 0 0 0 0 0 0 0 0 0 0 0 0 0 0 0 0 0 0 0 0 0 0 0 0 0 0 0 0 0 0 0 0 0 0 0 0 0 0 4901 3660 11346 204494 0 0 0 0 0 0 0 0 0 0 0 0 0 0 0 0 0 0 0 0 0 
0 0 0 0 0 0 0 0 0 0 0 0 0 0 0 0 0 0 0 0 0 0 0 435 483 2063 0 0 0 0 0 0 0 0 0 0 0 0 0 0 0 0 0 0 0 0 0 0 0 0 0 0 0 0 0 0 0 0 0 0 0 0 0 0 0 0 0 0 0 0 0 0 0 0 0 0 1737 3283 584 0 0 0 0 0 0 0 0 0 0 0 0 0 0 0 0 0 0 0 0 0 
0 0 0 0 0 0 0 0 0 0 0 0 0 0 0 0 0 0 0 0 0 0 285 1814 1443 688 0 0 0 0 0 0 0 0 0 0 0 0 0 0 0 0 0 0 0 0 0 0 0 0 0 0 0 0 0 0 0 0 0 0 0 0 0 0 0 0 0 0 0 0 0 0 0 0 0 0 0 0 0 0 0 0 0 0 0 0 0 0 0 0 0 0 0 0 0 0 0 0 0 0 
0 0 0 0 0 0 0 0 0 0 0 0 0 0 0 0 0 0 0 0 0 0 743 1055 783 330 0 0 0 0 0 0 0 0 0 0 0 0 0 0 0 0 0 0 0 0 0 0 0 0 0 0 0 0 0 0 0 0 0 0 0 0 0 0 0 0 0 0 0 0 0 0 0 0 0 0 0 0 0 0 0 0 0 0 0 0 0 0 0 0 0 0 0 0 0 0 0 0 0 0 
0 0 0 0 0 0 0 0 0 0 0 0 0 0 0 0 0 0 0 0 0 0 535 0 165 1 0 462 0 16 120 0 0 0 0 0 0 0 0 0 0 0 0 0 0 0 0 0 0 0 0 0 0 0 0 0 0 0 0 0 0 0 0 0 0 0 0 0 0 0 0 0 0 0 0 0 0 0 0 0 0 0 0 0 0 0 0 0 0 0 0 0 0 0 0 0 0 0 0 0 
0 0 0 0 0 0 0 0 0 0 0 0 0 0 0 0 0 0 0 0 0 0 0 0 337 504 255 925 0 0 0 305 0 0 0 0 0 0 0 0 0 0 0 0 0 0 0 0 0 0 0 0 0 0 0 0 0 0 0 0 0 0 0 0 0 0 0 0 0 0 0 0 0 0 0 0 0 0 0 0 0 0 0 0 0 0 0 0 0 0 0 0 0 0 0 0 0 0 0 0 
0 0 0 0 0 0 0 0 0 0 0 0 0 0 0 263 375 0 0 0 0 0 0 0 3968 0 51 3005 0 0 0 752 2801 0 0 0 0 0 0 0 0 0 0 0 0 0 0 0 0 0 0 0 0 0 0 0 66 660 0 0 0 0 0 0 0 0 0 0 0 0 0 0 0 603 0 0 0 0 0 0 0 0 0 0 0 0 0 0 0 0 0 0 0 0 0 0 0 0 0 0 
0 0 0 0 0 0 0 0 0 0 0 0 0 0 0 130 0 0 0 0 225 1804 1220 1049 330 347 400 2478 1 0 0 0 0 0 0 0 0 0 0 0 0 0 0 0 0 0 0 0 0 0 0 0 0 0 0 0 0 37 110 0 0 348 301 0 0 0 0 0 0 0 0 0 0 2013 338 0 0 0 0 0 0 0 0 0 0 0 0 0 0 0 0 0 0 0 0 0 0 0 0 0 
0 0 0 0 0 0 0 0 0 0 0 0 0 0 0 0 0 0 0 0 1617 327 2945 0 1725 481 0 0 761 0 0 0 1158 0 0 0 0 0 0 0 0 0 0 0 0 0 0 0 0 0 0 0 0 0 15 0 0 0 0 0 0 0 216 2062 0 331 504 0 0 0 0 0 0 0 0 0 0 0 0 0 0 0 0 0 0 0 0 0 0 0 0 0 0 0 0 0 0 0 0 0 
0 0 0 0 0 0 0 0 0 0 0 0 0 0 0 0 0 0 0 0 1535 9097 523 113 145 182 810 225 1 0 0 149 0 1013 0 0 0 0 0 0 0 0 0 0 0 0 0 0 0 0 0 0 0 0 166 0 0 0 0 0 0 0 0 0 0 2000 333 4380 0 0 0 0 0 0 0 0 0 0 0 0 0 0 0 0 0 0 0 0 0 0 0 0 0 0 0 0 0 0 0 0 
0 0 0 0 0 0 0 0 0 0 0 0 0 0 0 0 0 0 0 8 817 1647 1334 297 95 0 2 157 180 195 35 2 0 0 148 0 0 0 0 0 0 0 0 0 0 0 0 0 0 0 2 0 0 0 0 0 0 0 0 0 0 0 0 0 0 0 1075 5118 0 0 0 0 0 0 0 10 0 0 0 0 0 0 0 0 0 0 0 0 0 0 0 0 0 0 0 0 0 0 0 0 
0 0 0 0 0 0 0 0 0 0 0 0 0 0 0 51 0 0 0 0 561 0 335 330 50 545 0 0 326 1 0 1 122 0 0 0 0 0 0 0 0 0 0 0 0 0 0 0 0 0 0 239 0 0 0 0 0 0 0 0 0 0 0 0 0 0 0 1250 0 272 0 0 0 0 0 0 0 0 0 0 0 0 0 0 0 0 0 0 0 0 0 0 0 0 0 0 0 0 0 0 
0 0 0 0 0 0 0 0 0 0 0 0 0 0 0 0 1048 44 0 0 3247 779 0 1 0 59 2 9 72 322 62 1000 0 0 0 4 0 0 0 0 0 138 0 0 0 0 0 0 0 0 0 0 0 0 718 86 0 1355 0 0 0 0 0 0 0 0 0 0 5482 0 0 135 0 0 0 2 0 4 0 0 0 0 0 0 0 0 0 0 0 0 0 0 0 0 0 0 0 0 0 0 
0 0 0 0 0 0 0 0 0 0 0 0 0 0 0 0 1218 74 118 116 61 1329 409 66 0 11 3 5 2795 87421 74 124 57 3 329 0 0 1126 0 0 0 0 0 0 0 0 0 0 0 0 0 0 0 0 0 0 0 0 0 0 0 872 0 0 0 0 0 0 0 525 3335 13402 0 0 0 109 7672 425 0 0 0 0 0 0 0 0 0 0 0 0 0 0 0 0 0 0 0 0 0 0 
0 0 0 0 0 0 0 0 0 0 0 0 0 0 0 0 0 0 385 0 0 17 84 32 8409 816 9221 168 4 3378 7 0 0 0 0 0 4269 0 0 0 0 0 0 2 0 0 0 0 0 0 0 0 0 0 0 0 0 0 0 0 0 0 0 13 577 0 18 0 0 0 0 0 275 1889 259 254 0 0 0 0 0 0 0 0 0 0 0 0 0 0 0 0 0 0 0 0 0 0 0 0 
0 0 0 0 0 0 0 0 0 0 0 0 0 0 0 0 0 0 0 0 43 109 62 8429 29213 270761 71081 263 33 238 2 327 2 28 49 921 236 0 0 0 346 0 0 407 0 0 0 0 0 0 0 0 0 0 0 0 0 0 0 0 0 0 0 0 0 0 0 0 0 0 0 0 0 0 0 0 0 0 0 0 0 0 0 0 0 0 0 0 0 0 0 0 0 0 0 0 0 0 0 0 
0 0 0 0 0 0 0 0 0 0 0 0 0 0 0 0 0 0 0 0 0 12578 258 0 1059 4042 3458 1679 1300 2570 377 1422 4 6 0 0 0 0 0 0 0 0 0 0 0 0 0 0 0 0 0 0 0 0 0 0 0 2106 20 0 0 0 0 0 1418 0 0 0 0 0 0 0 0 0 0 0 0 0 0 0 0 0 0 0 0 0 0 0 0 0 0 0 0 0 0 0 0 0 0 0 
0 0 0 0 0 0 0 0 0 0 0 0 0 0 0 0 0 0 0 0 0 0 0 0 0 0 2795 4 110 6 369 36 89 0 0 0 0 665 123 0 0 0 0 0 0 0 0 919 425 0 0 0 739 0 0 2 0 0 0 0 0 0 0 0 0 0 0 0 0 0 0 0 0 0 0 0 0 0 0 0 0 0 0 0 0 0 0 0 0 0 0 0 0 0 0 0 0 0 0 0 
0 0 0 0 0 0 0 0 0 0 0 0 0 0 0 0 0 0 0 0 0 0 0 0 0 0 0 0 2 101 37 74 899 38 0 0 0 0 0 0 0 0 0 1244 0 0 0 0 0 0 0 985 0 0 621 26 2 0 0 0 0 0 0 0 0 0 0 0 0 0 0 0 0 0 0 0 0 0 0 0 0 0 0 0 0 0 0 0 0 0 0 0 0 0 0 0 0 0 0 0 
0 0 0 0 0 0 0 0 0 0 0 0 0 0 0 0 0 0 0 0 0 0 0 0 0 0 0 11 55 0 185 528 0 0 0 0 0 806 573 649 0 0 0 0 0 0 5 0 0 0 0 0 0 0 0 0 676 0 0 0 0 0 0 0 0 5817 0 0 0 0 0 0 0 0 0 0 0 0 0 0 0 0 0 0 0 0 0 0 0 0 0 0 0 0 0 0 0 0 0 0 
0 0 0 0 0 0 0 0 0 0 0 0 0 0 0 0 0 0 0 0 0 0 0 0 0 0 0 0 656 0 690 2024 7 728 0 0 0 0 0 0 0 0 0 0 0 0 5 0 0 0 0 0 0 0 0 0 4 0 0 0 0 1275 0 0 0 481 0 0 0 0 0 0 0 0 0 0 0 0 0 0 0 0 0 0 0 0 0 0 0 0 0 0 0 0 0 0 0 0 0 0 
0 0 0 0 0 0 0 0 0 0 0 0 0 0 0 0 0 0 0 0 0 0 0 0 0 0 0 0 0 0 176 21994 88 15 13 0 0 0 190 0 0 0 0 0 0 0 0 0 0 0 0 0 0 0 0 0 0 0 0 0 0 0 0 0 0 0 0 0 0 0 0 0 0 0 0 0 0 0 0 0 0 0 0 0 0 0 0 0 0 0 0 0 0 0 0 0 0 0 0 0 
0 0 0 0 0 0 0 0 0 0 0 0 0 0 0 0 0 0 0 0 0 0 0 0 0 0 0 0 0 618 3410 130 361 38 12 0 0 0 0 0 0 316 33 118 0 0 0 0 0 0 0 0 9 0 0 0 0 0 791 0 0 322 1158 0 579 0 330 0 0 0 0 0 0 0 0 0 0 0 0 0 0 0 0 0 0 0 0 0 0 0 0 0 0 0 0 0 0 0 0 0 
0 0 0 0 0 0 0 0 0 0 0 0 0 0 0 0 0 0 0 0 0 0 0 0 0 0 0 0 0 822 30914 6 10 20 1515 0 0 0 1344 0 0 2314 0 0 0 0 0 0 0 0 0 0 1666 0 383 0 0 0 0 0 0 0 0 0 0 0 471 172 0 767 0 0 1273 0 624 448 36 794 56 0 0 0 0 0 0 0 0 0 0 0 0 0 0 0 0 0 0 0 0 0 
0 0 0 0 0 0 0 0 0 0 0 0 0 0 0 0 0 0 0 0 0 0 0 0 0 0 0 0 1 9780 90 361 320 770 48 58 87 654 61 0 869 0 19304 0 286 0 0 0 0 0 0 0 0 0 2419 0 0 0 0 0 0 0 510 0 0 0 0 246 2088 0 0 0 8 4 323 16 455 108 1996 5637 0 0 0 0 0 0 0 0 0 0 0 0 0 0 0 0 0 0 0 0 
0 0 0 0 0 0 0 0 0 0 0 0 0 0 0 0 0 0 0 0 0 0 0 0 0 0 0 0 52 138 5680 29 326 4 4 15 70 47 81 0 46 4431 608 0 0 0 0 0 0 0 0 0 0 12 327 0 0 0 0 0 0 0 1391 0 0 0 0 0 0 0 0 0 56 360 54 9919 6 34 4456 7821 1201 18500 14902 17704 2801 0 0 0 0 0 0 0 0 0 0 0 0 0 0 0 
0 0 0 0 0 0 0 0 0 0 0 0 0 0 0 0 0 0 0 0 0 0 0 0 0 0 0 0 0 3621 2177 393 2 61 0 6 5566 227 538 378 162 0 8 0 0 0 0 0 0 0 0 0 0 2110 0 0 0 0 0 0 0 0 0 1398 0 0 0 0 0 0 0 592 0 88 43 310 2 15 1327 4252 17471 47598 19076 112128 136688 0 0 0 0 0 0 0 0 0 0 0 0 0 0 0 
0 0 0 0 0 0 0 0 0 0 0 0 0 0 0 0 0 0 0 0 0 0 0 0 0 0 0 0 111 1670 11488 543 239 2 570 75 560 209 2852 5797 725 2 138 4270 38 63 0 0 0 0 0 0 0 0 0 0 0 0 0 0 0 0 0 0 0 0 0 0 0 0 0 831 58 280 96 32 0 25 1028 8143 37800 378 22746 7218 2468 0 0 0 0 0 0 0 0 0 0 0 0 0 0 0 
0 0 0 0 0 0 0 0 0 0 0 0 0 0 0 0 0 0 0 0 0 0 0 0 0 0 0 0 3209 2227 18229 23174 7970 325 662 38 1782 1774 1274 1012 6171 2259 75 3235 11 747 1400 0 0 0 0 0 0 1076 0 0 0 0 0 0 0 0 0 305 376 0 0 0 64 74 0 3 13554 42 2 0 555 2385 0 16408 8582 3102 14747 1489 0 0 0 0 0 0 0 0 0 0 0 0 0 0 0 0 
0 0 0 0 0 0 0 0 0 0 0 0 0 0 0 0 0 0 0 0 0 0 0 0 0 0 0 0 321 0 244 12583 18817 1556 589 7346 32798 13278 2392 4025 50 152 464 540 72 0 0 396 1093 694 343 0 0 0 0 0 0 0 0 0 0 0 0 455 1441 0 0 0 98 0 0 9 371 0 0 4763 222 88 0 176 10727 0 0 0 0 0 0 0 0 0 0 0 0 0 0 0 0 0 0 0 
0 0 0 0 0 0 0 0 0 0 0 0 0 0 0 0 0 0 0 0 0 0 0 0 0 0 0 0 0 0 328 11 4756 11734 6412 834 3826 73046 20864 9543 3276 890 35259 1168 7 14 760 4 5 319 0 0 0 0 0 0 0 0 0 0 0 0 0 0 0 0 30 65 13 0 0 0 9 85 28868 577 12 6 0 1822 475 0 0 0 0 0 0 0 0 0 0 0 0 0 0 0 0 0 0 0 
0 0 0 0 0 0 0 0 0 0 0 0 0 0 0 0 0 0 0 0 0 0 0 0 0 0 0 0 0 0 1575 2348 1086 1035 95222 1460 0 251 5282 8475 10116 2366 3081 1146 4989 558 0 907 12 878 2378 0 2646 1488 9 982 0 0 488 343 0 31 0 0 3767 679 115 0 0 0 0 0 29 8795 10455 6900 35202 0 0 8313 121977 0 0 0 0 0 0 0 0 0 0 0 0 0 0 0 0 0 0 0 
0 0 0 0 0 0 0 0 0 0 0 0 0 0 0 0 0 0 0 0 0 0 0 0 0 0 0 0 0 160 6885 581 368 1253 25824 2355 1813 15814 14795 25539 25503 15954 9152 1432 3669 1144 6855 1632 3241 1766 1922 14590 4 66 0 0 0 0 0 0 0 0 0 0 1183 117 191 33 0 0 0 0 14 36522 46504 63583 58008 0 0 0 0 0 0 0 0 0 0 0 0 0 0 0 0 0 0 0 0 0 0 0 
0 0 0 0 0 0 0 0 0 0 0 0 0 0 0 0 0 0 0 0 0 0 0 0 0 0 0 0 0 198 7989 2098 1084 786 35101 2552 2546 4760 2013 31750 997177 53403 35376 24040 10026 93 1257 981 9664 1505 1255 3750 24 3240 1320 491 636 2197 4 0 0 0 1422 683 0 2496 612 11 0 2809 24 130 9 98146 10046 11834 23827 0 0 0 0 0 0 0 0 0 0 0 0 0 0 0 0 0 0 0 0 0 0 0 
0 0 0 0 0 0 0 0 0 0 0 0 0 0 0 0 0 0 0 0 0 0 0 0 0 0 0 0 0 0 4835 124676 5460 16300 11357 68294 1926 1580 418 36702 172422 37792 26873 41372 10663 22305 45056 10738 2586 12386 88 4444 6 5804 1882 487 778 1376 1022 0 0 0 0 0 2772 2 0 420 5375 6611 39848 191903 81986 85003 58868 8921 2235 0 0 0 0 0 0 0 0 0 0 0 0 0 0 0 0 0 0 0 0 0 0 0 
0 0 0 0 0 0 0 0 0 0 0 0 0 0 0 0 0 0 0 0 0 0 0 0 0 0 0 0 0 0 2192 206502 2289682 71152 17048 192520 16541 6609 23137 411987 46954 7490 10400 10470 33776 257010 29721 13347 3818 2071 2632 374 699 328 1253 276 119 511 1854 3 219 0 10 211 13 68 2108 3635 159 1897 1249 13899 691955 54313 0 0 0 0 0 0 0 0 0 0 0 0 0 0 0 0 0 0 0 0 0 0 0 0 0 0 
0 0 0 0 0 0 0 0 0 0 0 0 0 0 0 0 0 0 0 0 0 0 0 0 0 0 0 0 0 0 0 96949 772423 209228 11229 199721 31041 7599 12644 699848 16875 0 0 0 1401 4936 16622 16029 19014 11942 2403 5377 1176 627 1619 82 735 1016 0 152 94 58 9156 14077 8662 5489 40107 37811 1690 428 1950 247397 198218 13840 0 0 0 0 0 0 0 0 0 0 0 0 0 0 0 0 0 0 0 0 0 0 0 0 0 0 
0 0 0 0 0 0 0 0 0 0 0 0 0 0 0 0 0 0 0 0 0 0 0 0 0 0 0 0 0 0 35 319953 3382477 18453 41661 22531 62301 30744 41494 31877 1206 0 0 0 0 0 219484 26947 35817 19923 22908 16989 27652 2310 5910 2911 6131 575 1165 4548 7532 2196 2064 457 54284 21844 49587 10602 465 28606 90020 2352785 10510 0 0 0 0 0 0 0 0 0 0 0 0 0 0 0 0 0 0 0 0 0 0 0 0 0 0 0 
0 0 0 0 0 0 0 0 0 0 0 0 0 0 0 0 0 0 0 0 0 0 0 0 0 0 0 0 0 0 44 185962 28533 111146 34871 19783 599209 43662 80978 16892 838 0 0 0 0 0 2133 10076 17130 23691 75336 48625 801011 9011 19509 12267 2442 653 949 6140 7839 2776 6675 4548 1175 1771 32106 3535 52156 437675 770061 1535658 0 0 0 0 0 0 0 0 0 0 0 0 0 0 0 0 0 0 0 0 0 0 0 0 0 0 0 0 
0 0 0 0 0 0 0 0 0 0 0 0 0 0 0 0 0 0 0 0 0 0 0 0 0 0 0 0 0 0 0 1846 20 0 0 4398 84176 17859 40196 3098 10987 0 0 0 0 0 0 1738 7821 12597 29509 45804 26046 19835 11862 26205 5221 907 135056 68 0 0 828 366 17860 175847 101902 12460 34916 202334 96674 0 0 0 0 0 0 0 0 0 0 0 0 0 0 0 0 0 0 0 0 0 0 0 0 0 0 0 0 0 
0 0 0 0 0 0 0 0 0 0 0 0 0 0 0 0 0 0 0 0 0 0 0 0 0 0 0 0 0 0 0 0 0 0 0 137 80068 3106 134021 12097 61482 0 0 0 0 0 0 0 0 58 714 4607 7876 37567 51086 66962 48859 8497 4773 46762 57424 15751 131955 14438 22477 4186 58280 181990 223905 299016 20247 0 0 0 0 0 0 0 0 0 0 0 0 0 0 0 0 0 0 0 0 0 0 0 0 0 0 0 0 0 
0 0 0 0 0 0 0 0 0 0 0 0 0 0 0 0 0 0 0 0 0 0 0 0 0 0 0 0 0 0 0 0 0 0 0 0 1295 70 4041 46530 22245 0 0 0 0 0 0 0 0 0 0 0 0 57184 104696 41666 204267 36914 56411 46069 70197 10108 19039 1665 0 0 1698 84465 34 0 0 0 0 0 0 0 0 0 0 0 0 0 0 0 0 0 0 0 0 0 0 0 0 0 0 0 0 0 0 0 
0 0 0 0 0 0 0 0 0 0 0 0 0 0 0 0 0 0 0 0 0 0 0 0 0 0 0 0 0 0 0 0 0 0 0 0 0 0 0 4237 575 0 0 0 0 0 0 0 0 0 0 0 0 2201 102667 115448 102185 79330 197341 93462 215454 33 0 0 0 0 0 0 0 0 0 0 0 0 0 0 0 0 0 0 0 0 0 0 0 0 0 0 0 0 0 0 0 0 0 0 0 0 0 0 
0 0 0 0 0 0 0 0 0 0 0 0 0 0 0 0 0 0 0 0 0 0 0 0 0 0 0 0 0 0 0 0 0 0 0 0 0 0 0 0 0 0 0 0 0 0 0 0 0 0 0 0 0 0 0 0 249 114054 16406 16785 134355 0 0 0 0 0 0 0 0 0 0 0 0 0 0 0 0 0 0 0 0 0 0 0 0 0 0 0 0 0 0 0 0 0 0 0 0 0 0 0 
0 0 0 0 0 0 0 0 0 0 0 0 0 0 0 0 0 0 0 0 0 0 0 0 0 0 0 0 0 0 0 0 0 0 0 0 0 0 0 0 0 0 0 0 0 0 0 0 0 0 0 0 0 0 0 0 0 0 0 0 0 0 0 0 0 0 0 0 0 0 0 0 0 0 0 0 0 0 0 0 0 0 0 0 0 0 0 0 0 0 0 0 0 0 0 0 0 0 0 0 
