OID_,FID_,RegionCode,Pre_Contac,POP1800,POP1900,Area
,0,102.000000000000000,525.000000000000000,175.000000000000000,350.000000000000000,0.000000000000000
,1,104.000000000000000,1000.000000000000000,1000.000000000000000,700.000000000000000,175281.000000000000000
,2,105.000000000000000,750.000000000000000,40.000000000000000,0.000000000000000,0.000000000000000
,3,106.000000000000000,8500.000000000000000,3600.000000000000000,876.000000000000000,141207.000000000000000
,4,107.000000000000000,2500.000000000000000,252.000000000000000,550.000000000000000,34348.800781300000000
,5,108.000000000000000,4000.000000000000000,3750.000000000000000,1520.000000000000000,0.000000000000000
,6,109.000000000000000,45000.000000000000000,34000.000000000000000,19000.000000000000000,0.000000000000000
,7,110.000000000000000,0.000000000000000,0.000000000000000,0.000000000000000,368954.000000000000000
,8,111.000000000000000,1250.000000000000000,800.000000000000000,850.000000000000000,244972.000000000000000
,9,112.000000000000000,1000.000000000000000,1000.000000000000000,675.000000000000000,34425.300781300000000
,10,113.000000000000000,750.000000000000000,300.000000000000000,450.000000000000000,0.000000000000000
,11,114.000000000000000,4000.000000000000000,4000.000000000000000,3000.000000000000000,525677.000000000000000
,12,115.000000000000000,0.000000000000000,0.000000000000000,0.000000000000000,282510.000000000000000
,13,116.000000000000000,500.000000000000000,500.000000000000000,238.000000000000000,123611.000000000000000
,14,117.000000000000000,4600.000000000000000,4600.000000000000000,1000.000000000000000,158029.000000000000000
,15,118.000000000000000,105.000000000000000,105.000000000000000,250.000000000000000,153886.000000000000000
,16,119.000000000000000,10000.000000000000000,4500.000000000000000,36000.000000000000000,253551.000000000000000
,17,120.000000000000000,0.000000000000000,5000.000000000000000,36000.000000000000000,173253.000000000000000
,18,121.000000000000000,275.000000000000000,275.000000000000000,250.000000000000000,0.000000000000000
,19,122.000000000000000,1250.000000000000000,1250.000000000000000,1601.000000000000000,242743.000000000000000
,20,123.000000000000000,75.000000000000000,75.000000000000000,75.000000000000000,0.000000000000000
,21,125.000000000000000,0.000000000000000,400.000000000000000,150.000000000000000,59632.101562500000000
,22,126.000000000000000,250.000000000000000,250.000000000000000,200.000000000000000,0.000000000000000
,23,127.000000000000000,430.000000000000000,200.000000000000000,250.000000000000000,90784.703125000000000
,24,128.000000000000000,0.000000000000000,0.000000000000000,0.000000000000000,18427.900390600000000
,25,129.000000000000000,0.000000000000000,0.000000000000000,0.000000000000000,752478.000000000000000
,26,130.000000000000000,0.000000000000000,0.000000000000000,0.000000000000000,8503.900390630000400
,27,202.000000000000000,10000.000000000000000,10000.000000000000000,2600.000000000000000,119118.000000000000000
,28,203.000000000000000,15000.000000000000000,8000.000000000000000,4560.000000000000000,110159.000000000000000
,29,204.000000000000000,4000.000000000000000,2250.000000000000000,634.000000000000000,0.000000000000000
,30,205.000000000000000,0.000000000000000,0.000000000000000,36000.000000000000000,0.000000000000000
,31,206.000000000000000,650.000000000000000,220.000000000000000,255.000000000000000,0.000000000000000
,32,207.000000000000000,1000.000000000000000,850.000000000000000,570.000000000000000,0.000000000000000
,33,131.000000000000000,0.000000000000000,0.000000000000000,0.000000000000000,161577.000000000000000
,34,302.000000000000000,4000.000000000000000,4000.000000000000000,1100.000000000000000,18898.599609400000000
,35,303.000000000000000,9000.000000000000000,9000.000000000000000,2109.000000000000000,103587.000000000000000
,36,304.000000000000000,5000.000000000000000,5000.000000000000000,1938.000000000000000,17582.900390600000000
,37,305.000000000000000,1200.000000000000000,1200.000000000000000,634.000000000000000,40727.500000000000000
,38,306.000000000000000,1200.000000000000000,600.000000000000000,696.000000000000000,0.000000000000000
,39,307.000000000000000,400.000000000000000,375.000000000000000,0.000000000000000,0.000000000000000
,40,402.000000000000000,2800.000000000000000,2800.000000000000000,250.000000000000000,149578.000000000000000
,41,403.000000000000000,2000.000000000000000,2000.000000000000000,1400.000000000000000,373357.000000000000000
,42,404.000000000000000,550.000000000000000,475.000000000000000,300.000000000000000,0.000000000000000
,43,405.000000000000000,500.000000000000000,500.000000000000000,330.000000000000000,342796.000000000000000
,44,406.000000000000000,700.000000000000000,550.000000000000000,400.000000000000000,0.000000000000000
,45,407.000000000000000,6000.000000000000000,3000.000000000000000,1100.000000000000000,223012.000000000000000
,46,408.000000000000000,2020.000000000000000,2000.000000000000000,1250.000000000000000,267320.000000000000000
,47,409.000000000000000,1600.000000000000000,1400.000000000000000,1500.000000000000000,47933.800781300000000
,48,410.000000000000000,65.000000000000000,60.000000000000000,0.000000000000000,0.000000000000000
,49,503.000000000000000,10000.000000000000000,7500.000000000000000,5435.000000000000000,0.000000000000000
,50,504.000000000000000,14427.000000000000000,8428.000000000000000,900.000000000000000,9279.490234380000400
,51,505.000000000000000,14485.000000000000000,14458.000000000000000,3550.000000000000000,0.000000000000000
,52,506.000000000000000,1238.000000000000000,1238.000000000000000,367.000000000000000,10934.299804700000000
,53,508.000000000000000,2910.000000000000000,2910.000000000000000,288.000000000000000,8578.219726560000700
,54,509.000000000000000,19125.000000000000000,19125.000000000000000,1257.000000000000000,29605.000000000000000
,55,510.000000000000000,25000.000000000000000,17500.000000000000000,2636.000000000000000,0.000000000000000
,56,602.000000000000000,100000.000000000000000,50000.000000000000000,36000.000000000000000,0.000000000000000
,57,603.000000000000000,5000.000000000000000,5000.000000000000000,2000.000000000000000,14868.500000000000000
,58,604.000000000000000,8000.000000000000000,200.000000000000000,840.000000000000000,0.000000000000000
,59,605.000000000000000,22000.000000000000000,200.000000000000000,840.000000000000000,0.000000000000000
,60,606.000000000000000,12000.000000000000000,0.000000000000000,0.000000000000000,45080.800781300000000
,61,607.000000000000000,800.000000000000000,250.000000000000000,325.000000000000000,0.000000000000000
,62,608.000000000000000,7300.000000000000000,6000.000000000000000,5000.000000000000000,0.000000000000000
,63,609.000000000000000,2500.000000000000000,0.000000000000000,0.000000000000000,88655.203125000000000
,64,610.000000000000000,4500.000000000000000,3200.000000000000000,4000.000000000000000,115086.000000000000000
,65,512.000000000000000,20000.000000000000000,20000.000000000000000,6750.000000000000000,0.000000000000000
,66,900.000000000000000,0.000000000000000,0.000000000000000,0.000000000000000,1.470950007440000
,2200,511.000000000000000,4057.000000000000000,4057.000000000000000,324.000000000000000,0.000000000000000