ncols         100
nrows         100
xllcorner     -5000000
yllcorner     -5000000
cellsize      100000
NODATA_value  -9999
125 124.4154 123.8188 123.2101 122.589 121.9552 121.3086 120.6489 119.9759 119.2894 118.5892 117.875 117.1467 116.4041 115.647 114.8753 114.0889 113.2875 112.4712 111.6398 110.7932 109.9315 109.0546 108.1625 107.2553 106.3331 105.3959 104.444 103.4774 102.4965 101.5014 100.4926 99.4703 98.43495 97.38697 96.32685 95.25512 94.17234 93.07912 91.97614 90.86406 89.74364 88.61565 87.48089 86.34019 85.19443 84.04449 82.89127 81.7357 80.57873 79.42127 78.2643 77.10873 75.95551 74.80557 73.65981 72.51911 71.38435 70.25636 69.13594 68.02386 66.92088 65.82766 64.74488 63.67315 62.61303 61.56505 60.5297 59.5074 58.49857 57.50353 56.5226 55.55605 54.60409 53.66692 52.74467 51.83747 50.9454 50.06849 49.20676 48.36022 47.52881 46.71247 45.91113 45.12467 44.35298 43.59591 42.85331 42.12502 41.41084 40.71059 40.02407 39.35108 38.69139 38.04478 37.41103 36.78991 36.18119 35.58463 35 
125.5846 125 124.4032 123.794 123.172 122.5372 121.8892 121.2277 120.5526 119.8636 119.1605 118.4431 117.711 116.9643 116.2026 115.4258 114.6337 113.8262 113.0031 112.1644 111.31 110.4397 109.5537 108.6518 107.7342 106.8008 105.8519 104.8874 103.9077 102.9128 101.9032 100.879 99.8407 98.78862 97.72324 96.64503 95.55457 94.45243 93.33925 92.21572 91.08257 89.94057 88.79054 87.63333 86.46982 85.30093 84.12759 82.95078 81.77147 80.59066 79.40934 78.22853 77.04922 75.87241 74.69907 73.53018 72.36667 71.20946 70.05943 68.91743 67.78428 66.66075 65.54757 64.44543 63.35496 62.27676 61.21138 60.1593 59.12098 58.09682 57.08717 56.09234 55.11259 54.14814 53.19917 52.26581 51.34817 50.44632 49.56028 48.69005 47.83561 46.9969 46.17384 45.36632 44.57423 43.79741 43.03571 42.28895 41.55695 40.83949 40.13638 39.44738 38.77229 38.11084 37.46282 36.82797 36.20605 35.59681 35 34.41537 
126.1812 125.5968 125 124.3905 123.768 123.1323 122.4831 121.8202 121.1432 120.452 119.7462 119.0257 118.2902 117.5394 116.7733 115.9915 115.1939 114.3803 113.5507 112.7047 111.8425 110.9638 110.0686 109.1569 108.2288 107.2842 106.3233 105.3462 104.353 103.344 102.3194 101.2796 100.2249 99.15561 98.07232 96.9755 95.86571 94.74356 93.60973 92.46494 91.30993 90.14555 88.97263 87.79208 86.60484 85.41187 84.21418 83.01279 81.80874 80.60309 79.39691 78.19126 76.98721 75.78582 74.58813 73.39516 72.20792 71.02737 69.85445 68.69007 67.53506 66.39027 65.25644 64.13429 63.0245 61.92768 60.84439 59.77514 58.72039 57.68056 56.65599 55.64699 54.65382 53.6767 52.71579 51.77122 50.84308 49.93142 49.03624 48.15754 47.29527 46.44934 45.61966 44.80609 44.0085 43.22672 42.46057 41.70984 40.97432 40.2538 39.54804 38.8568 38.17983 37.51688 36.86768 36.23198 35.6095 35 34.40319 33.81881 
126.7899 126.206 125.6095 125 124.3772 123.741 123.0909 122.4266 121.7481 121.0548 120.3466 119.6233 118.8845 118.13 117.3596 116.573 115.7701 114.9507 114.1145 113.2614 112.3914 111.5043 110.6 109.6785 108.7398 107.7839 106.811 105.821 104.8142 103.7908 102.751 101.6951 100.6235 99.53665 98.43495 97.31894 96.18921 95.04639 93.89119 92.72436 91.54669 90.35905 89.16235 87.95753 86.74558 85.52754 84.30447 83.07745 81.84761 80.61606 79.38394 78.15239 76.92255 75.69553 74.47246 73.25442 72.04247 70.83765 69.64095 68.45331 67.27564 66.10881 64.95361 63.81079 62.68106 61.56505 60.46334 59.37647 58.30489 57.24902 56.20922 55.1858 54.17901 53.18904 52.21607 51.2602 50.32151 49.40002 48.49574 47.60861 46.73857 45.88553 45.04935 44.22989 43.42697 42.64041 41.86999 41.11551 40.37671 39.65335 38.94519 38.25195 37.57336 36.90915 36.25904 35.62276 35 34.3905 33.79395 33.21009 
127.411 126.828 126.232 125.6228 125 124.3634 123.7127 123.0475 122.3676 121.6726 120.9623 120.2364 119.4945 118.7365 117.9621 117.1709 116.3629 115.5377 114.6952 113.8351 112.9574 112.0619 111.1486 110.2173 109.268 108.3008 107.3156 106.3126 105.292 104.2539 103.1986 102.1263 101.0375 99.93253 98.81189 97.67611 96.52579 95.36162 94.1843 92.99461 91.79343 90.58163 89.36019 88.1301 86.89243 85.64825 84.3987 83.14496 81.88819 80.6296 79.3704 78.11181 76.85504 75.6013 74.35175 73.10757 71.8699 70.63981 69.41837 68.20657 67.00539 65.8157 64.63838 63.47421 62.32389 61.18811 60.06746 58.96249 57.87366 56.80141 55.74608 54.70798 53.68735 52.68439 51.69925 50.73201 49.78273 48.85142 47.93806 47.04258 46.16488 45.30485 44.46232 43.63713 42.82907 42.03794 41.26349 40.50548 39.76364 39.03771 38.3274 37.63243 36.95251 36.28733 35.63659 35 34.37724 33.76802 33.17203 32.58897 
128.0448 127.4628 126.8677 126.259 125.6366 125 124.3489 123.6831 123.0021 122.3057 121.5936 120.8653 120.1207 119.3595 118.5812 117.7857 116.9728 116.142 115.2934 114.4265 113.5412 112.6375 111.7151 110.774 109.8142 108.8355 107.8381 106.822 105.7873 104.7343 103.6631 102.5741 101.4677 100.3441 99.20397 98.04782 96.87627 95.68999 94.48976 93.2764 92.05078 90.81388 89.56669 88.31028 87.04577 85.77432 84.49715 83.21548 81.93059 80.64375 79.35625 78.06941 76.78452 75.50285 74.22568 72.95423 71.68972 70.43331 69.18612 67.94922 66.7236 65.51024 64.31001 63.12373 61.95218 60.79603 59.6559 58.53235 57.42586 56.33686 55.2657 54.21267 53.17802 52.16192 51.1645 50.18584 49.22596 48.28487 47.36249 46.45875 45.57352 44.70665 43.85796 43.02724 42.21426 41.41879 40.64055 39.87927 39.13467 38.40644 37.69428 36.99788 36.31691 35.65106 35 34.36341 33.74096 33.13232 32.53718 31.95522 
128.6914 128.1108 127.5169 126.9091 126.2873 125.6511 125 124.3338 123.6521 122.9546 122.2409 121.5107 120.7636 119.9994 119.2176 118.4181 117.6004 116.7644 115.9097 115.0362 114.1436 113.2317 112.3004 111.3496 110.3791 109.389 108.3792 107.3499 106.301 105.2328 104.1455 103.0394 101.9149 100.7723 99.61209 98.43495 97.24146 96.03234 94.80838 93.57043 92.31944 91.05641 89.78241 88.49856 87.20605 85.90614 84.6001 83.28925 81.97494 80.65855 79.34145 78.02506 76.71075 75.3999 74.09386 72.79395 71.50144 70.21759 68.94359 67.68056 66.42957 65.19162 63.96766 62.75854 61.56505 60.38791 59.22775 58.08513 56.96056 55.85446 54.76717 53.69898 52.65012 51.62076 50.61099 49.62087 48.65042 47.69958 46.76829 45.85641 44.9638 44.09028 43.23562 42.39959 41.58194 40.78239 40.00064 39.23639 38.48933 37.75911 37.04541 36.34789 35.6662 35 34.34894 33.71267 33.09085 32.48312 31.88916 31.30861 
129.3511 128.7723 128.1798 127.5734 126.9525 126.3169 125.6662 125 124.3179 123.6196 122.9047 122.1729 121.4237 120.6568 119.8718 119.0685 118.2464 117.4054 116.545 115.665 114.7652 113.8453 112.9052 111.9448 110.9638 109.9622 108.94 107.8973 106.834 105.7505 104.6468 103.5232 102.3801 101.218 100.0372 98.83843 97.6223 96.38954 95.14098 93.87753 92.60016 91.30993 90.00798 88.6955 87.37376 86.04409 84.70786 83.36646 82.02136 80.67403 79.32597 77.97864 76.63354 75.29214 73.95591 72.62624 71.3045 69.99202 68.69007 67.39984 66.12247 64.85902 63.61046 62.3777 61.16157 59.96279 58.78203 57.61987 56.47679 55.35323 54.24953 53.16596 52.10273 51.05999 50.03782 49.03624 48.05525 47.09476 46.15466 45.2348 44.335 43.45503 42.59464 41.75357 40.93153 40.12819 39.34324 38.57634 37.82713 37.09525 36.38036 35.68206 35 34.3338 33.68309 33.04749 32.42664 31.82017 31.22772 30.64892 
130.0241 129.4474 128.8568 128.252 127.6324 126.9979 126.3479 125.6821 125 124.3013 123.5856 122.8524 122.1014 121.3322 120.5444 119.7376 118.9115 118.0657 117.1998 116.3136 115.4069 114.4792 113.5305 112.5604 111.569 110.556 109.5214 108.4652 107.3874 106.2883 105.1679 104.0265 102.8645 101.6823 100.4804 99.25929 98.01977 96.76256 95.4885 94.19855 92.89375 91.57519 90.24409 88.90172 87.54942 86.18861 84.82076 83.44739 82.07003 80.69028 79.30972 77.92997 76.55261 75.17924 73.81139 72.45058 71.09828 69.75591 68.42481 67.10625 65.80145 64.5115 63.23745 61.98023 60.74071 59.51964 58.31771 57.13549 55.97349 54.83213 53.71174 52.61258 51.53484 50.47864 49.44403 48.43103 47.43956 46.46953 45.52078 44.59314 43.68636 42.80019 41.93435 41.08853 40.26239 39.4556 38.66779 37.89858 37.14759 36.41442 35.6987 35 34.31794 33.65211 33.00212 32.36757 31.74805 31.1432 30.55261 29.97593 
130.7106 130.1364 129.548 128.9452 128.3274 127.6943 127.0454 126.3804 125.6987 125 124.2838 123.5498 122.7974 122.0263 121.236 120.4261 119.5962 118.746 117.875 116.9829 116.0694 115.1342 114.177 113.1976 112.1957 111.1713 110.1243 109.0546 107.9622 106.8473 105.71 104.5505 103.3691 102.1663 100.9426 99.69862 98.43495 97.15242 95.85193 94.53445 93.20109 91.853 90.49148 89.11787 87.7336 86.34019 84.93922 83.5323 82.12109 80.70732 79.29268 77.87891 76.4677 75.06078 73.65981 72.2664 70.88213 69.50852 68.147 66.79891 65.46555 64.14807 62.84758 61.56505 60.30138 59.05735 57.83365 56.63089 55.44955 54.29005 53.15271 52.03777 50.9454 49.87568 48.82865 47.80427 46.80243 45.82301 44.86581 43.93059 43.01709 42.12502 41.25403 40.40379 39.57392 38.76403 37.97373 37.2026 36.45021 35.71616 35 34.3013 33.61964 32.95459 32.30572 31.6726 31.05481 30.45196 29.86362 29.28941 
131.4108 130.8395 130.2538 129.6534 129.0377 128.4064 127.7591 127.0953 126.4144 125.7162 125 124.2655 123.5121 122.7395 121.9471 121.1345 120.3013 119.447 118.5713 117.6736 116.7537 115.8112 114.8457 113.8571 112.8451 111.8094 110.75 109.6667 108.5596 107.4287 106.2742 105.0963 103.8952 102.6713 101.4253 100.1576 98.869 97.56027 96.23235 94.88627 93.52316 92.14428 90.75097 89.34467 87.92693 86.49934 85.06361 83.62148 82.17474 80.72523 79.27477 77.82526 76.37852 74.93639 73.50066 72.07307 70.65533 69.24903 67.85572 66.47684 65.11373 63.76765 62.43973 61.131 59.84239 58.57471 57.32866 56.10484 54.90375 53.72579 52.57126 51.44038 50.33329 49.25003 48.19061 47.15494 46.14289 45.15427 44.18884 43.24632 42.32641 41.42875 40.55297 39.69868 38.86546 38.05288 37.2605 36.48787 35.73452 35 34.28384 33.58558 32.90475 32.24089 31.59356 30.96229 30.34665 29.7462 29.16051 28.58916 
132.125 131.5569 130.9743 130.3767 129.7636 129.1347 128.4893 127.8271 127.1476 126.4502 125.7345 125 124.2462 123.4725 122.6785 121.8636 121.0275 120.1696 119.2894 118.3865 117.4606 116.5111 115.5377 114.5401 113.518 112.4712 111.3995 110.3027 109.1808 108.0339 106.8619 105.6652 104.444 103.1986 101.9296 100.6376 99.32318 97.98734 96.63095 95.25512 93.86103 92.45 91.02345 89.58295 88.1301 86.66666 85.19443 83.71529 82.23118 80.74406 79.25594 77.76882 76.28471 74.80557 73.33334 71.8699 70.41705 68.97655 67.55 66.13897 64.74488 63.36905 62.01266 60.67682 59.36245 58.07041 56.80141 55.55605 54.33481 53.13808 51.96615 50.81919 49.69732 48.60054 47.52881 46.48199 45.45991 44.46232 43.48895 42.53944 41.61346 40.71059 39.83042 38.9725 38.13636 37.32153 36.52753 35.75385 35 34.26548 33.54979 32.85241 32.17287 31.51068 30.86533 30.23636 29.62329 29.02568 28.44305 27.87498 
132.8533 132.289 131.7098 131.1155 130.5055 129.8793 129.2364 128.5763 127.8986 127.2026 126.4879 125.7538 125 124.2258 123.4306 122.6141 121.7755 120.9144 120.0303 119.1226 118.1909 117.2348 116.2538 115.2476 114.2157 113.1579 112.074 110.9638 109.8271 108.664 107.4744 106.2587 105.0169 103.7495 102.4569 101.1398 99.79887 98.43495 97.04903 95.64225 94.21585 92.77124 91.30993 89.83356 88.34389 86.84277 85.33216 83.81407 82.29061 80.7639 79.2361 77.70939 76.18593 74.66784 73.15723 71.65611 70.16644 68.69007 67.22876 65.78415 64.35775 62.95097 61.56505 60.20112 58.86018 57.54306 56.25051 54.9831 53.74134 52.52557 51.33604 50.17292 49.03624 47.926 46.84208 45.7843 44.75243 43.74616 42.76517 41.80905 40.87739 39.96974 39.08562 38.22452 37.38594 36.56936 35.77422 35 34.24615 33.51213 32.7974 32.10142 31.42367 30.76361 30.12073 29.49452 28.8845 28.29016 27.71105 27.14669 
133.5959 133.0357 132.4606 131.87 131.2635 130.6405 130.0006 129.3432 128.6678 127.9737 127.2605 126.5275 125.7742 125 124.2043 123.3865 122.546 121.6822 120.7946 119.8827 118.9458 117.9835 116.9953 115.9807 114.9393 113.8708 112.7749 111.6513 110.4998 109.3205 108.1132 106.8781 105.6155 104.3256 103.0089 101.666 100.2976 98.90458 97.488 96.049 94.58892 93.10921 91.61149 90.0975 88.56915 87.0284 85.47737 83.91825 82.35329 80.78483 79.21517 77.64671 76.08175 74.52263 72.9716 71.43085 69.9025 68.38851 66.89079 65.41108 63.951 62.512 61.09542 59.70243 58.33404 56.99113 55.67442 54.38451 53.12186 51.88679 50.67952 49.50017 48.34873 47.22512 46.12919 45.06069 44.01932 43.00473 42.0165 41.05419 40.11731 39.20536 38.31778 37.45403 36.61354 35.79572 35 34.22578 33.47247 32.7395 32.02627 31.33221 30.65676 29.99936 29.35945 28.73651 28.13001 27.53943 26.96429 26.40409 
134.353 133.7974 133.2267 132.6404 132.0379 131.4188 130.7824 130.1282 129.4556 128.764 128.0529 127.3215 126.5694 125.7957 125 124.1815 123.3397 122.4739 121.5834 120.6677 119.7261 118.7581 117.7631 116.7406 115.6901 114.6111 113.5034 112.3666 111.2005 110.0049 108.7798 107.5252 106.2413 104.9285 103.587 102.2176 100.8209 99.39781 97.9494 96.47688 94.98164 93.46521 91.92932 90.37585 88.80679 87.22432 85.63068 84.02827 82.41951 80.80693 79.19307 77.58049 75.97173 74.36932 72.77568 71.19321 69.62415 68.07068 66.53479 65.01836 63.52312 62.0506 60.60219 59.17911 57.78241 56.41297 55.07153 53.75865 52.47477 51.22019 49.99508 48.79948 47.63336 46.49656 45.38886 44.30994 43.25944 42.23692 41.24191 40.2739 39.33231 38.41659 37.52612 36.66028 35.81845 35 34.20428 33.43064 32.67847 31.94712 31.23597 30.5444 29.87181 29.21761 28.58121 27.96206 27.35959 26.77328 26.20259 25.64702 
135.1247 134.5742 134.0085 133.427 132.8291 132.2143 131.5819 130.9315 130.2624 129.5739 128.8655 128.1364 127.3859 126.6135 125.8185 125 124.1575 123.2902 122.3974 121.4785 120.5328 119.5597 118.5584 117.5284 116.4692 115.3803 114.2611 113.1113 111.9307 110.7189 109.4759 108.2016 106.8962 105.56 104.1932 102.7965 101.3706 99.9164 98.43495 96.92751 95.39555 93.8407 92.26477 90.66978 89.05789 87.43141 85.79279 84.14462 82.48956 80.83031 79.16969 77.51044 75.85538 74.20721 72.56859 70.94211 69.33022 67.73523 66.1593 64.60445 63.07249 61.56505 60.0836 58.62938 57.20348 55.80679 54.44003 53.10376 51.79837 50.52411 49.2811 48.06932 46.88866 45.7389 44.61973 43.53077 42.47156 41.4416 40.44033 39.46716 38.52145 37.60256 36.70981 35.84253 35 34.18155 33.38646 32.61406 31.86364 31.13454 30.42608 29.7376 29.06847 28.41805 27.78574 27.17092 26.57303 25.9915 25.42577 24.87533 
135.9111 135.3663 134.8061 134.2299 133.6371 133.0272 132.3996 131.7536 131.0885 130.4038 129.6987 128.9725 128.2245 127.454 126.6603 125.8425 125 124.132 123.2376 122.3162 121.3671 120.3894 119.3824 118.3456 117.2782 116.1796 115.0494 113.887 112.692 111.4641 110.2032 108.9092 107.582 106.222 104.8293 103.4047 101.9487 100.4623 98.9465 97.4027 95.83239 94.23728 92.61932 90.98065 89.32359 87.65065 85.96449 84.26789 82.56377 80.85509 79.14491 77.43623 75.73211 74.03551 72.34935 70.67641 69.01935 67.38068 65.76272 64.16761 62.5973 61.05349 59.53773 58.0513 56.59531 55.17065 53.77803 52.41797 51.09082 49.79676 48.53586 47.30801 46.11304 44.95063 43.82038 42.72182 41.65443 40.61758 39.61065 38.63295 37.68378 36.76239 35.86805 35 34.15747 33.33972 32.54597 31.77548 31.0275 30.30132 29.59621 28.91147 28.24643 27.6004 26.97276 26.36287 25.77011 25.19391 24.63368 24.08887 
136.7125 136.1738 135.6197 135.0493 134.4623 133.858 133.2356 132.5947 131.9343 131.254 130.553 129.8304 129.0856 128.3178 127.5261 126.7098 125.868 125 124.1048 123.1817 122.2298 121.2483 120.2364 119.1933 118.1183 117.0107 115.8698 114.6952 113.4862 112.2425 110.9638 109.6499 108.3008 106.9166 105.4976 104.0442 102.5572 101.0375 99.48613 97.90445 96.29404 94.65675 92.99461 91.30993 89.6052 87.88314 86.14663 84.3987 82.64255 80.8814 79.1186 77.35745 75.6013 73.85337 72.11686 70.3948 68.69007 67.00539 65.34325 63.70595 62.09555 60.51387 58.96249 57.44275 55.95578 54.50245 53.08345 51.69925 50.35014 49.03624 47.75753 46.51383 45.30485 44.13018 42.98933 41.88173 40.80673 39.76364 38.75173 37.77021 36.8183 35.89517 35 34.13195 33.29019 32.47388 31.68222 30.91438 30.16958 29.44703 28.74597 28.06565 27.40536 26.76438 26.14204 25.53768 24.95065 24.38034 23.82616 23.28753 
137.5288 136.9969 136.4493 135.8855 135.3048 134.7066 134.0903 133.455 132.8002 132.125 131.4287 130.7106 129.9697 129.2054 128.4166 127.6026 126.7624 125.8952 125 124.076 123.1221 122.1376 121.1215 120.0729 118.991 117.875 116.7241 115.5377 114.3151 113.0558 111.7595 110.4258 109.0546 107.646 106.2001 104.7174 103.1986 101.6444 100.0561 98.43495 96.78265 95.1011 93.39249 91.65929 89.90418 88.1301 86.34019 84.53777 82.72631 80.90938 79.09062 77.27369 75.46223 73.65981 71.8699 70.09582 68.34071 66.60751 64.8989 63.21736 61.56505 59.9439 58.35556 56.80141 55.28256 53.79988 52.35402 50.9454 49.57421 48.24052 46.94418 45.68491 44.46232 43.27589 42.12502 41.00901 39.92711 38.87852 37.8624 36.87788 35.92405 35 34.10483 33.23761 32.39744 31.58341 30.79464 30.03026 29.28941 28.57125 27.87498 27.19981 26.54497 25.90972 25.29335 24.69515 24.11447 23.55066 23.0031 22.47119 
138.3602 137.8356 137.2953 136.7386 136.1649 135.5735 134.9638 134.335 133.6864 133.0171 132.3264 131.6135 130.8774 130.1173 129.3323 128.5215 127.6838 126.8183 125.924 125 124.0452 123.0585 122.0391 120.9858 119.8978 118.7742 117.614 116.4164 115.1807 113.9063 112.5926 111.2392 109.8459 108.4127 106.9395 105.4269 103.8753 102.2856 100.6589 98.99665 97.30053 95.57254 93.81503 92.03059 90.22217 88.39292 86.54629 84.6859 82.81556 80.93919 79.06081 77.18444 75.3141 73.45371 71.60708 69.77783 67.96941 66.18497 64.42746 62.69947 61.00335 59.34109 57.71441 56.12472 54.57312 53.06047 51.58734 50.15407 48.76078 47.40742 46.09372 44.8193 43.58362 42.38604 41.22583 40.10217 39.01418 37.96094 36.94149 35.95484 35 34.07595 33.1817 32.31622 31.47855 30.66769 29.88268 29.12261 28.38654 27.67359 26.98291 26.31365 25.665 25.0362 24.42648 23.83512 23.26143 22.70473 22.16439 21.63978 
139.2068 138.69 138.1575 137.6086 137.0426 136.4588 135.8564 135.2348 134.5931 133.9306 133.2463 132.5394 131.8091 131.0542 130.2739 129.4672 128.6329 127.7702 126.8779 125.9548 125 124.0122 122.9904 121.9335 120.8404 119.7099 118.5412 117.3332 116.0851 114.796 113.4654 112.0926 110.6773 109.2192 107.7185 106.1753 104.5901 102.9638 101.2974 99.59229 97.85032 96.07358 94.26451 92.42594 90.56101 88.67317 86.76617 84.844 82.91084 80.97102 79.02898 77.08916 75.156 73.23383 71.32683 69.43899 67.57406 65.73549 63.92643 62.14968 60.40772 58.70264 57.03623 55.40988 53.82471 52.2815 50.78075 49.32272 47.90741 46.53462 45.20397 43.91493 42.66681 41.45882 40.29008 39.15964 38.06649 37.00955 35.98776 35 34.04516 33.12212 32.22979 31.36705 30.53284 29.7261 28.94581 28.19095 27.46055 26.75368 26.06941 25.40687 24.7652 24.14359 23.54125 22.95742 22.39139 21.84246 21.30995 20.79323 
140.0685 139.5603 139.0362 138.4957 137.938 137.3625 136.7683 136.1547 135.5208 134.8658 134.1888 133.4889 132.7652 132.0165 131.2419 130.4403 129.6107 128.7517 127.8624 126.9415 125.9878 125 123.977 122.9174 121.8202 120.684 119.5077 118.2902 117.0304 115.7274 114.3803 112.9885 111.5514 110.0686 108.54 106.9657 105.3462 103.6821 101.9745 100.2249 98.43495 96.60698 94.74356 92.8477 90.92281 88.97263 87.00127 85.01311 83.01279 81.00509 78.99491 76.98721 74.98689 72.99873 71.02737 69.07719 67.1523 65.25644 63.39302 61.56505 59.77514 58.02549 56.31791 54.65382 53.03429 51.46001 49.93142 48.44862 47.01148 45.61966 44.2726 42.96961 41.70984 40.49232 39.31603 38.17983 37.08257 36.02303 35 34.01224 33.05851 32.1376 31.24827 30.38935 29.55967 28.75809 27.9835 27.23483 26.51106 25.81116 25.13419 24.47922 23.84534 23.23171 22.63751 22.06194 21.50427 20.96376 20.43972 19.93151 
140.9454 140.4463 139.9314 139.4 138.8514 138.2849 137.6996 137.0948 136.4695 135.823 135.1543 134.4623 133.7462 133.0047 132.2369 131.4416 130.6176 129.7636 128.8785 127.9609 127.0096 126.023 125 123.9391 122.8389 121.6981 120.5154 119.2894 118.0189 116.7029 115.3401 113.9298 112.4712 110.9638 109.4072 107.8015 106.1468 104.444 102.6938 100.8978 99.0577 97.1759 95.25512 93.29857 91.30993 89.29331 87.2532 85.19443 83.12213 81.04163 78.95837 76.87787 74.80557 72.7468 70.70669 68.69007 66.70143 64.74488 62.8241 60.9423 59.10223 57.30621 55.55605 53.85316 52.19854 50.59281 49.03624 47.52881 46.0702 44.65989 43.29715 41.98106 40.71059 39.48461 38.30186 37.16108 36.06091 35 33.97697 32.99045 32.03906 31.12148 30.23636 29.38242 28.5584 27.76308 26.99527 26.25384 25.53768 24.84573 24.17699 23.53047 22.90524 22.30042 21.71513 21.14858 20.59998 20.06858 19.55368 19.0546 
141.8375 141.3482 140.8431 140.3215 139.7827 139.226 138.6504 138.0553 137.4396 136.8024 136.1429 135.4599 134.7524 134.0193 133.2594 132.4716 131.6544 130.8067 129.9271 129.0142 128.0665 127.0826 126.0609 125 123.8983 122.7543 121.5664 120.3331 119.0531 117.725 116.3475 114.9194 113.4399 111.9081 110.3236 108.6861 106.9958 105.2532 103.459 101.6148 99.72227 97.78389 95.80251 93.7816 91.72511 89.63754 87.52382 85.38931 83.2397 81.08092 78.91908 76.7603 74.61069 72.47618 70.36246 68.27489 66.2184 64.19749 62.21611 60.27772 58.38522 56.54098 54.74684 53.00416 51.31385 49.67639 48.09189 46.56013 45.0806 43.65254 42.27501 40.94686 39.66686 38.43363 37.24574 36.10171 35 33.93909 32.91743 31.93351 30.98582 30.07289 29.19327 28.34558 27.52844 26.74056 25.98068 25.24758 24.54009 23.85711 23.19757 22.56044 21.94475 21.34958 20.77404 20.21727 19.67849 19.15692 18.65183 18.16253 
142.7447 142.2658 141.7712 141.2602 140.732 140.1858 139.6209 139.0362 138.431 137.8043 137.1549 136.482 135.7843 135.0607 134.3099 133.5308 132.7218 131.8817 131.009 130.1022 129.1596 128.1798 127.1611 126.1017 125 123.8542 122.6627 121.4237 120.1355 118.7966 117.4054 115.9605 114.4608 112.9052 111.293 109.6237 107.8973 106.1139 104.2744 102.3801 100.4328 98.43495 96.38954 94.30028 92.17146 90.00798 87.81529 85.59934 83.36646 81.12331 78.87669 76.63354 74.40066 72.18471 69.99202 67.82854 65.69972 63.61046 61.56505 59.56717 57.61987 55.72556 53.88609 52.10273 50.37625 48.70696 47.09476 45.53918 44.03948 42.59464 41.20345 39.86451 38.57634 37.33731 36.14576 35 33.89829 32.83892 31.82017 30.84036 29.89783 28.99099 28.11828 27.27817 26.46923 25.69006 24.93931 24.2157 23.51801 22.84506 22.19573 21.56897 20.96376 20.37913 19.81416 19.268 18.7398 18.22878 17.73419 17.25533 
143.6669 143.1992 142.7158 142.2161 141.6992 141.1645 140.611 140.0378 139.444 138.8286 138.1906 137.5288 136.8421 136.1292 135.3889 134.6197 133.8204 132.9893 132.125 131.2258 130.2901 129.316 128.3019 127.2457 126.1458 125 123.8065 122.5634 121.2686 119.9204 118.5169 117.0565 115.5377 113.9591 112.3196 110.6186 108.8557 107.0309 105.1448 103.1986 101.1941 99.13364 97.02052 94.85861 92.65256 90.40771 88.1301 85.82634 83.50353 81.16914 78.83086 76.49647 74.17366 71.8699 69.59229 67.34744 65.14139 62.97947 60.86636 58.80594 56.80141 54.85521 52.96914 51.14434 49.38139 47.68038 46.04094 44.46232 42.94347 41.48307 40.07961 38.7314 37.43665 36.19349 35 33.85424 32.75426 31.69813 30.68397 29.70992 28.77417 27.87498 27.01067 26.17962 25.38027 24.61114 23.87081 23.15792 22.47119 21.80939 21.17135 20.55596 19.96218 19.38901 18.8355 18.30076 17.78393 17.28421 16.80083 16.33309 
144.6041 144.1481 143.6767 143.189 142.6844 142.1619 141.6208 141.06 140.4786 139.8757 139.25 138.6005 137.926 137.2251 136.4966 135.7389 134.9506 134.1302 133.2759 132.386 131.4588 130.4923 129.4846 128.4336 127.3373 126.1935 125 123.7546 122.4552 121.0995 119.6855 118.211 116.6743 115.0738 113.4078 111.6755 109.876 108.0092 106.0754 104.0755 102.0113 99.88516 97.70042 95.46122 93.17255 90.84031 88.47115 86.07246 83.65222 81.21887 78.78113 76.34778 73.92754 71.52885 69.15969 66.82745 64.53878 62.29957 60.11483 57.98872 55.9245 53.92464 51.99082 50.12401 48.32453 46.59217 44.92625 43.32565 41.78897 40.31454 38.90049 37.5448 36.24537 35 33.80651 32.66269 31.56637 30.51539 29.50768 28.54118 27.61396 26.72411 25.86982 25.04937 24.2611 23.50344 22.77488 22.074 21.39946 20.74997 20.12432 19.52136 18.94001 18.37924 17.83808 17.31561 16.81096 16.3233 15.85186 15.39591 
145.556 145.1126 144.6538 144.179 143.6873 143.178 142.6501 142.1027 141.5348 140.9454 140.3333 139.6973 139.0362 138.3487 137.6334 136.8887 136.113 135.3048 134.4623 133.5836 132.6668 131.7098 130.7106 129.6669 128.5763 127.4366 126.2454 125 123.698 122.337 120.9144 119.4278 117.875 116.2538 114.5625 112.7995 110.9638 109.0546 107.0721 105.0169 102.8905 100.6954 98.43495 96.11342 93.73627 91.30993 88.84181 86.34019 83.81407 81.27303 78.72697 76.18593 73.65981 71.15819 68.69007 66.26373 63.88658 61.56505 59.30455 57.10945 54.9831 52.92792 50.9454 49.03624 47.20047 45.43748 43.74616 42.12502 40.5722 39.08562 37.663 36.30195 35 33.75463 32.56335 31.42367 30.33314 29.28941 28.29016 27.3332 26.41638 25.53768 24.69515 23.88696 23.11134 22.36664 21.65127 20.96376 20.30268 19.66672 19.0546 18.46516 17.89727 17.34988 16.82198 16.31265 15.82099 15.34618 14.88741 14.44395 
146.5226 146.0923 145.647 145.1858 144.708 144.2127 143.699 143.166 142.6126 142.0378 141.4404 140.8192 140.1729 139.5002 138.7995 138.0693 137.308 136.5138 135.6849 134.8193 133.9149 132.9696 131.9811 130.9469 129.8645 128.7314 127.5448 126.302 125 123.6361 122.2073 120.7108 119.144 117.5041 115.789 113.9965 112.125 110.1735 108.1416 106.0296 103.8387 101.5713 99.23067 96.82141 94.34933 91.82149 89.24611 86.63251 83.99091 81.33222 78.66778 76.00909 73.36749 70.75389 68.17851 65.65067 63.17859 60.76933 58.42869 56.16126 53.97041 51.8584 49.82648 47.875 46.00354 44.21103 42.49586 40.85601 39.28915 37.7927 36.36393 35 33.69805 32.4552 31.2686 30.13548 29.05314 28.01894 27.03039 26.08507 25.1807 24.31509 23.48617 22.69198 21.93068 21.20051 20.49983 19.82709 19.18081 18.55962 17.96223 17.38742 16.83404 16.30102 15.78733 15.29202 14.8142 14.35301 13.90766 13.4774 
147.5035 147.0872 146.656 146.2092 145.7461 145.2657 144.7672 144.2495 143.7117 143.1527 142.5713 141.9661 141.336 140.6795 139.9951 139.2811 138.5359 137.7575 136.9442 136.0937 135.204 134.2726 133.2971 132.275 131.2034 130.0796 128.9005 127.663 126.3639 125 123.5679 122.0643 120.486 118.8298 117.0928 115.2724 113.3664 111.373 109.2914 107.1213 104.8637 102.5206 100.0952 97.59242 95.01836 92.38076 89.68879 86.95296 84.18491 81.39718 78.60282 75.81509 73.04704 70.31121 67.61924 64.98164 62.40757 59.90477 57.47943 55.1363 52.8787 50.70864 48.627 46.63363 44.72758 42.90716 41.17017 39.51399 37.93567 36.43209 35 33.63607 32.337 31.09951 29.92039 28.79655 27.72499 26.70285 25.7274 24.79603 23.90628 23.05582 22.24247 21.46414 20.7189 20.00492 19.32048 18.66396 18.03385 17.42874 16.84729 16.28826 15.75047 15.23283 14.7343 14.25392 13.79077 13.34401 12.91283 12.49647 
148.4986 148.0968 147.6806 147.249 146.8014 146.3369 145.8545 145.3532 144.8321 144.29 143.7258 143.1381 142.5256 141.8868 141.2202 140.5241 139.7968 139.0362 138.2405 137.4074 136.5346 135.6197 134.6599 133.6525 132.5947 131.4831 130.3145 129.0856 127.7927 126.4321 125 123.4926 121.9059 120.2364 118.4802 116.6341 114.6952 112.6609 110.5297 108.3008 105.9744 103.5523 101.0375 98.43495 95.75117 92.99461 90.17551 87.30576 84.3987 81.4688 78.5312 75.6013 72.69424 69.82449 67.00539 64.24883 61.56505 58.96249 56.44773 54.0256 51.69925 49.47029 47.33909 45.30485 43.36589 41.5198 39.76364 38.09406 36.50743 35 33.56791 32.2073 30.91438 29.68545 28.51693 27.40536 26.34746 25.34011 24.38034 23.46538 22.59258 21.75948 20.96376 20.20324 19.47589 18.77981 18.11321 17.47443 16.86192 16.27421 15.70995 15.16787 14.64677 14.14554 13.66314 13.19859 12.75098 12.31944 11.90318 11.50143 
149.5074 149.121 148.7204 148.3049 147.8737 147.4259 146.9606 146.4768 145.9735 145.4496 144.9037 144.3348 143.7413 143.1219 142.4748 141.7984 141.0908 140.3501 139.5742 138.7608 137.9074 137.0115 136.0702 135.0806 134.0395 132.9435 131.789 130.5722 129.2892 127.9357 126.5074 125 123.4089 121.7295 119.9576 118.0888 116.1193 114.0459 111.866 109.5778 107.1811 104.6769 102.0679 99.35899 96.55707 93.67131 90.71312 87.69605 84.63546 81.54816 78.45184 75.36454 72.30395 69.28688 66.32869 63.44293 60.64101 57.9321 55.32314 52.81889 50.42216 48.13402 45.95406 43.88066 41.91123 40.04245 38.27049 36.59114 35 33.49257 32.06433 30.71085 29.4278 28.21103 27.05653 25.96052 24.9194 23.9298 22.98852 22.09259 21.23921 20.42578 19.64986 18.90918 18.20163 17.52523 16.87814 16.25866 15.66519 15.09625 14.55045 14.02651 13.52321 13.03944 12.57414 12.12634 11.69511 11.2796 10.87902 10.49259 
150.5297 150.1593 149.7751 149.3765 148.9625 148.5323 148.0851 147.6199 147.1355 146.6309 146.1048 145.556 144.9831 144.3845 143.7587 143.1038 142.418 141.6992 140.9454 140.1541 139.3227 138.4486 137.5288 136.5601 135.5392 134.4623 133.3257 132.125 130.856 129.514 128.0941 126.5911 125 123.3153 121.5318 119.6442 117.6476 115.5377 113.3106 110.9638 108.4956 105.9065 103.1986 100.3764 97.44719 94.42078 91.30993 88.1301 84.89909 81.63657 78.36343 75.10091 71.8699 68.69007 65.57922 62.55281 59.62357 56.80141 54.09349 51.50436 49.03624 46.68937 44.46232 42.35238 40.35582 38.46823 36.68468 35 33.40886 31.90594 30.48601 29.14399 27.87498 26.67435 25.53768 24.46082 23.43987 22.47119 21.55139 20.67728 19.84593 19.0546 18.30076 17.58203 16.89624 16.24135 15.61548 15.01689 14.44395 13.89516 13.36911 12.86451 12.38013 11.91487 11.46765 11.03751 10.62353 10.22486 9.840698 9.470302 
151.565 151.2114 150.8444 150.4633 150.0675 149.6559 149.2278 148.782 148.3177 147.8336 147.3287 146.8014 146.2505 145.6744 145.0715 144.44 143.778 143.0835 142.354 141.5873 140.7807 139.9314 139.0362 138.0919 137.0948 136.0409 134.9262 133.7462 132.4959 131.1702 129.7636 128.2705 126.6847 125 123.2101 121.3086 119.2894 117.1467 114.8753 112.4712 109.9315 107.2553 104.444 101.5014 98.43495 95.25512 91.97614 88.61565 85.19443 81.7357 78.2643 74.80557 71.38435 68.02386 64.74488 61.56505 58.49857 55.55605 52.74467 50.06849 47.52881 45.12467 42.85331 40.71059 38.69139 36.78991 35 33.31532 31.72951 30.23636 28.82982 27.50414 26.25384 25.07376 23.95906 22.90524 21.90811 20.96376 20.06858 19.21925 18.41266 17.64598 16.91656 16.22197 15.55997 14.92847 14.32557 13.74949 13.19859 12.67134 12.16635 11.68229 11.21797 10.77225 10.3441 9.932536 9.536654 9.155612 8.788622 8.434949 
152.613 152.2768 151.9277 151.565 151.1881 150.796 150.3879 149.9628 149.5196 149.0573 148.5747 148.0704 147.5431 146.9911 146.413 145.8068 145.1707 144.5024 143.7999 143.0605 142.2815 141.46 140.5928 139.6764 138.707 137.6804 136.5922 135.4375 134.211 132.9072 131.5198 130.0424 128.4682 126.7899 125 123.0909 121.0548 118.8845 116.573 114.1145 111.5043 108.7398 105.821 102.751 99.53665 96.18921 92.72436 89.16235 85.52754 81.84761 78.15239 74.47246 70.83765 67.27564 63.81079 60.46334 57.24902 54.17901 51.2602 48.49574 45.88553 43.42697 41.11551 38.94519 36.90915 35 33.21009 31.53177 29.95755 28.4802 27.09284 25.78897 24.56252 23.40783 22.31962 21.29304 20.32361 19.40719 18.53999 17.7185 16.93953 16.20012 15.49755 14.82935 14.19321 13.58703 13.00887 12.45694 11.92959 11.42529 10.94265 10.48036 10.03721 9.612094 9.203974 8.81189 8.434949 8.072322 7.723237 7.386972 
153.6731 153.355 153.0245 152.6811 152.3239 151.9522 151.565 151.1616 150.7407 150.3014 149.8424 149.3625 148.8602 148.334 147.7824 147.2035 146.5953 145.9558 145.2826 144.5731 143.8247 143.0343 142.1985 141.3139 140.3763 139.3814 138.3245 137.2005 136.0035 134.7276 133.3659 131.9112 130.3558 128.6914 126.9091 125 122.9546 120.7636 118.4181 115.9097 113.2317 110.3791 107.3499 104.1455 100.7723 97.24146 93.57043 89.78241 85.90614 81.97494 78.02506 74.09386 70.21759 66.42957 62.75854 59.22775 55.85446 52.65012 49.62087 46.76829 44.09028 41.58194 39.23639 37.04541 35 33.09085 31.30861 29.64417 28.08877 26.63411 25.27242 23.99646 22.79953 21.67547 20.6186 19.62375 18.68615 17.80146 16.96571 16.17529 15.42687 14.71744 14.04422 13.40469 12.79652 12.21759 11.66596 11.13982 10.63755 10.15761 9.698622 9.259292 8.838433 8.434949 8.047821 7.676109 7.318938 6.9755 6.645038 6.326853 
154.7449 154.4454 154.1343 153.8108 153.4742 153.1237 152.7585 152.3777 151.9802 151.565 151.131 150.6768 150.2011 149.7024 149.1791 148.6294 148.0513 147.4427 146.8014 146.1247 145.4099 144.6538 143.8532 143.0042 142.1027 141.1443 140.124 139.0362 137.875 136.6336 135.3048 133.8807 132.3524 130.7106 128.9452 127.0454 125 122.7974 120.4261 117.875 115.1342 112.1957 109.0546 105.71 102.1663 98.43495 94.53445 90.49148 86.34019 82.12109 77.87891 73.65981 69.50852 65.46555 61.56505 57.83365 54.29005 50.9454 47.80427 44.86581 42.12502 39.57392 37.2026 35 32.95459 31.05481 29.28941 27.64762 26.11934 24.69515 23.36637 22.125 20.96376 19.87599 18.85566 17.89727 16.99584 16.14684 15.34618 14.59012 13.87528 13.19859 12.55725 11.9487 11.37062 10.82089 10.29757 9.798877 9.323184 8.868999 8.434949 8.01977 7.622297 7.241459 6.876265 6.525796 6.189206 5.865708 5.554571 5.255119 
155.8277 155.5476 155.2564 154.9536 154.6384 154.31 153.9677 153.6105 153.2374 152.8476 152.4397 152.0127 151.565 151.0954 150.6022 150.0836 149.5377 148.9625 148.3556 147.7144 147.0362 146.3179 145.556 144.7468 143.8861 142.9691 141.9908 140.9454 139.8265 138.627 137.3391 135.9541 134.4623 132.8533 131.1155 129.2364 127.2026 125 122.6141 120.0303 117.2348 114.2157 110.9638 107.4744 103.7495 99.79887 95.64225 91.30993 86.84277 82.29061 77.70939 73.15723 68.69007 64.35775 60.20112 56.25051 52.52557 49.03624 45.7843 42.76517 39.96974 37.38594 35 32.7974 30.76361 28.8845 27.14669 25.53768 24.04594 22.66091 21.373 20.17352 19.0546 18.00918 17.03086 16.11391 15.25316 14.44395 13.68209 12.96377 12.28559 11.64443 11.03751 10.46227 9.916406 9.397813 8.904576 8.434949 7.987335 7.560272 7.152422 6.762555 6.38954 6.03234 5.689993 5.361616 5.046392 4.743563 4.452428 4.172338 
156.9209 156.6608 156.3903 156.1088 155.8157 155.5102 155.1916 154.859 154.5115 154.1481 153.7677 153.369 152.951 152.512 152.0506 151.565 151.0535 150.5139 149.9439 149.3411 148.7027 148.0255 147.3062 146.541 145.7256 144.8552 143.9246 142.9279 141.8584 140.7086 139.4703 138.134 136.6894 135.1247 133.427 131.5819 129.5739 127.3859 125 122.3974 119.5597 116.4692 113.1113 109.4759 105.56 101.3706 96.92751 92.26477 87.43141 82.48956 77.51044 72.56859 67.73523 63.07249 58.62938 54.44003 50.52411 46.88866 43.53077 40.44033 37.60256 35 32.61406 30.42608 28.41805 26.57303 24.87533 23.31063 21.86598 20.52971 19.29136 18.1416 17.07208 16.07536 15.14479 14.27444 13.45902 12.6938 11.97451 11.29735 10.65891 10.0561 9.48613 8.946505 8.434949 7.949403 7.487998 7.049031 6.630954 6.232351 5.851928 5.488502 5.140984 4.808377 4.489763 4.184294 3.891191 3.609732 3.339249 3.079124 
158.0239 157.7843 157.5351 157.2757 157.0054 156.7236 156.4296 156.1225 155.8015 155.4655 155.1137 154.7449 154.3578 153.951 153.5231 153.0725 152.5973 152.0956 151.565 151.0033 150.4077 149.7751 149.1022 148.3852 147.6199 146.8014 145.9245 144.9831 143.9704 142.8787 141.6992 140.4222 139.0362 137.5288 135.8855 134.0903 132.125 129.9697 127.6026 125 122.1376 118.991 115.5377 111.7595 107.646 103.1986 98.43495 93.39249 88.1301 82.72631 77.27369 71.8699 66.60751 61.56505 56.80141 52.35402 48.24052 44.46232 41.00901 37.8624 35 32.39744 30.03026 27.87498 25.90972 24.11447 22.47119 20.96376 19.57784 18.30076 17.1213 16.02959 15.01689 14.0755 13.19859 12.38013 11.61478 10.89777 10.22486 9.592282 8.996655 8.434949 7.904448 7.402704 6.927513 6.476882 6.049005 5.642246 5.255119 4.886267 4.534455 4.198554 3.87753 3.570434 3.276397 2.994617 2.724356 2.464933 2.215719 1.976132 
159.1359 158.9174 158.6901 158.4533 158.2066 157.9492 157.6806 157.3998 157.1063 156.7989 156.4768 156.139 155.7841 155.4111 155.0184 154.6044 154.1676 153.7059 153.2174 152.6995 152.1497 151.565 150.9423 150.2777 149.5672 148.8059 147.9887 147.1095 146.1613 145.1363 144.0256 142.8189 141.5044 140.0685 138.4957 136.7683 134.8658 132.7652 130.4403 127.8624 125 121.8202 118.2902 114.3803 110.0686 105.3462 100.2249 94.74356 88.97263 83.01279 76.98721 71.02737 65.25644 59.77514 54.65382 49.93142 45.61966 41.70984 38.17983 35 32.1376 29.55967 27.23483 25.13419 23.23171 21.50427 19.93151 18.49564 17.18111 15.97439 14.8637 13.83874 12.89055 12.01128 11.19406 10.43283 9.722278 9.057705 8.434949 7.850318 7.300527 6.782644 6.294047 5.832386 5.395549 4.981633 4.588919 4.215854 3.861027 3.523161 3.201087 2.893744 2.60016 2.319445 2.050785 1.79343 1.546691 1.309932 1.082569 0.8640599 
160.2564 160.0594 159.8545 159.6409 159.4184 159.1861 158.9436 158.6901 158.4248 158.147 157.8557 157.55 157.2288 156.8908 156.5348 156.1593 155.7627 155.3432 154.8989 154.4275 153.9264 153.393 152.8241 152.2161 151.565 150.8664 150.1148 149.3046 148.4287 147.4794 146.4477 145.3231 144.0935 142.7447 141.2602 139.6209 137.8043 135.7843 133.5308 131.009 128.1798 125 121.4237 117.4054 112.9052 107.8973 102.3801 96.38954 90.00798 83.36646 76.63354 69.99202 63.61046 57.61987 52.10273 47.09476 42.59464 38.57634 35 31.82017 28.99099 26.46923 24.2157 22.19573 20.37913 18.7398 17.25533 15.90651 14.67686 13.55226 12.52057 11.57131 10.69545 9.885165 9.133643 8.434949 7.783888 7.175904 6.606981 6.073574 5.572544 5.101098 4.656751 4.23728 3.840695 3.465208 3.109208 2.771243 2.449996 2.144278 1.853004 1.575189 1.309932 1.056413 0.8138775 0.5816355 0.3590525 0.1455444 -0.05942697 -0.2563587 
161.3844 161.2095 161.0274 160.8376 160.6398 160.4333 160.2176 159.992 159.7559 159.5085 159.249 158.9765 158.6901 158.3885 158.0707 157.7352 157.3807 157.0054 156.6075 156.185 155.7355 155.2564 154.7449 154.1975 153.6105 152.9795 152.2996 151.565 150.7693 149.9048 148.9625 147.9321 146.8014 145.556 144.179 142.6501 140.9454 139.0362 136.8887 134.4623 131.7098 128.5763 125 120.9144 116.2538 110.9638 105.0169 98.43495 91.30993 83.81407 76.18593 68.69007 61.56505 54.9831 49.03624 43.74616 39.08562 35 31.42367 28.29016 25.53768 23.11134 20.96376 19.0546 17.34988 15.82099 14.44395 13.19859 12.0679 11.03751 10.09523 9.230673 8.434949 7.700428 7.020525 6.38954 5.802514 5.255119 4.743563 4.264512 3.815025 3.392498 2.994617 2.619322 2.264774 1.929322 1.611486 1.309932 1.023456 0.750967 0.491477 0.2440874 0.007979801 -0.217593 -0.433314 -0.6398092 -0.837653 -1.027373 -1.209457 -1.384352 
162.5191 162.3667 162.2079 162.0425 161.8699 161.6897 161.5014 161.3045 161.0983 160.8821 160.6553 160.4171 160.1664 159.9025 159.6242 159.3302 159.0193 158.6901 158.3407 157.9694 157.5741 157.1523 156.7014 156.2184 155.6997 155.1414 154.5388 153.8866 153.1786 152.4076 151.565 150.641 149.6236 148.4986 147.249 145.8545 144.29 142.5256 140.5241 138.2405 135.6197 132.5947 129.0856 125 120.2364 114.6952 108.3008 101.0375 92.99461 84.3987 75.6013 67.00539 58.96249 51.69925 45.30485 39.76364 35 30.91438 27.40536 24.38034 21.75948 19.47589 17.47443 15.70995 14.14554 12.75098 11.50143 10.37644 9.358994 8.434949 7.592424 6.82141 6.113418 5.461218 4.858614 4.300277 3.781597 3.29857 2.847705 2.425943 2.030596 1.659293 1.309932 0.98065 0.6697828 0.3758449 0.09750438 -0.166436 -0.4170553 -0.6553281 -0.8821372 -1.098284 -1.304497 -1.501441 -1.689723 -1.869898 -2.042475 -2.207922 -2.366669 -2.519114 
163.6598 163.5302 163.3952 163.2544 163.1076 162.9542 162.7939 162.6262 162.4506 162.2664 162.0731 161.8699 161.6561 161.4309 161.1932 160.9421 160.6764 160.3948 160.0958 159.7778 159.439 159.0772 158.6901 158.2749 157.8285 157.3474 156.8275 156.2637 155.6507 154.9816 154.2488 153.4429 152.5528 151.565 150.4633 149.2278 147.8336 146.2505 144.44 142.354 139.9314 137.0948 133.7462 129.7636 125 119.2894 112.4712 104.444 95.25512 85.19443 74.80557 64.74488 55.55605 47.52881 40.71059 35 30.23636 26.25384 22.90524 20.06858 17.64598 15.55997 13.74949 12.16635 10.77225 9.536654 8.434949 7.447188 6.557071 5.751173 5.018361 4.349332 3.736268 3.172554 2.652556 2.171458 1.725112 1.309932 0.9228047 0.5610107 0.2221686 -0.09581678 -0.3947958 -0.6764082 -0.9421118 -1.193207 -1.430858 -1.656108 -1.869898 -2.073073 -2.266402 -2.450578 -2.626234 -2.793943 -2.954231 -3.107577 -3.25442 -3.395164 -3.53018 -3.659808 
164.8056 164.6991 164.5881 164.4725 164.3517 164.2257 164.0939 163.9559 163.8114 163.6598 163.5007 163.3333 163.1572 162.9716 162.7757 162.5686 162.3493 162.1169 161.8699 161.6071 161.3268 161.0274 160.7067 160.3625 159.992 159.5923 159.1597 158.6901 158.1785 157.6192 157.0054 156.3287 155.5792 154.7449 153.8108 152.7585 151.565 150.2011 148.6294 146.8014 144.6538 142.1027 139.0362 135.3048 130.7106 125 117.875 109.0546 98.43495 86.34019 73.65981 61.56505 50.9454 42.12502 35 29.28941 24.69515 20.96376 17.89727 15.34618 13.19859 11.37062 9.798877 8.434949 7.241459 6.189206 5.255119 4.420773 3.671307 2.994617 2.380757 1.821488 1.309932 0.8403054 0.4077113 0.007979801 -0.3624619 -0.7066914 -1.027373 -1.326826 -1.607075 -1.869898 -2.116861 -2.349349 -2.568592 -2.775684 -2.971604 -3.157227 -3.33334 -3.500654 -3.659808 -3.811384 -3.955908 -4.093859 -4.225674 -4.351753 -4.47246 -4.588131 -4.699073 -4.805571 
165.9555 165.8724 165.7858 165.6955 165.6013 165.5029 165.3999 165.2921 165.1792 165.0608 164.9364 164.8056 164.6678 164.5226 164.3693 164.2072 164.0355 163.8534 163.6598 163.4537 163.2338 162.9987 162.7468 162.4762 162.1847 161.8699 161.5289 161.1582 160.7539 160.3112 159.8245 159.2869 158.6901 158.0239 157.2757 156.4296 155.4655 154.3578 153.0725 151.565 149.7751 147.6199 144.9831 141.6992 137.5288 132.125 125 115.5377 103.1986 88.1301 71.8699 56.80141 44.46232 35 27.87498 22.47119 18.30076 15.01689 12.38013 10.22486 8.434949 6.927513 5.642246 4.534455 3.570434 2.724356 1.976132 1.309932 0.713123 0.1755108 -0.3112134 -0.7538872 -1.158185 -1.528855 -1.869898 -2.184706 -2.47618 -2.746805 -2.998732 -3.233825 -3.453709 -3.659808 -3.853374 -4.035513 -4.207203 -4.369317 -4.522631 -4.667841 -4.805571 -4.936383 -5.060784 -5.179234 -5.292148 -5.399904 -5.502848 -5.601295 -5.695531 -5.785821 -5.872408 -5.955514 
167.1087 167.0492 166.9872 166.9225 166.855 166.7845 166.7108 166.6335 166.5526 166.4677 166.3785 166.2847 166.1859 166.0818 165.9717 165.8554 165.7321 165.6013 165.4622 165.3141 165.156 164.9869 164.8056 164.6107 164.4007 164.1737 163.9275 163.6598 163.3675 163.047 162.6942 162.304 161.8699 161.3844 160.8376 160.2176 159.5085 158.6901 157.7352 156.6075 155.2564 153.6105 151.565 148.9625 145.556 140.9454 134.4623 125 110.9638 91.30993 68.69007 49.03624 35 25.53768 19.0546 14.44395 11.03751 8.434949 6.38954 4.743563 3.392498 2.264774 1.309932 0.491477 -0.217593 -0.837653 -1.384352 -1.869898 -2.303948 -2.694241 -3.047043 -3.367485 -3.659808 -3.927544 -4.173658 -4.400661 -4.610688 -4.805571 -4.986886 -5.156 -5.3141 -5.462227 -5.601295 -5.732107 -5.855376 -5.971736 -6.081751 -6.185925 -6.284711 -6.378515 -6.467705 -6.552613 -6.633539 -6.710757 -6.784516 -6.855042 -6.922544 -6.987213 -7.049221 -7.10873 
168.2643 168.2285 168.1913 168.1524 168.1118 168.0694 168.0251 167.9786 167.93 167.8789 167.8253 167.7688 167.7094 167.6467 167.5805 167.5105 167.4362 167.3575 167.2737 167.1844 167.0892 166.9872 166.8779 166.7603 166.6335 166.4965 166.3478 166.1859 166.0091 165.8151 165.6013 165.3645 165.1009 164.8056 164.4725 164.0939 163.6598 163.1572 162.5686 161.8699 161.0274 159.992 158.6901 157.0054 154.7449 151.565 146.8014 139.0362 125 98.43495 61.56505 35 20.96376 13.19859 8.434949 5.255119 2.994617 1.309932 0.007979801 -1.027373 -1.869898 -2.568592 -3.157227 -3.659808 -4.093859 -4.47246 -4.805571 -5.100907 -5.364537 -5.601295 -5.815084 -6.009087 -6.185925 -6.347777 -6.496469 -6.633539 -6.7603 -6.87787 -6.987213 -7.089162 -7.184443 -7.273689 -7.357455 -7.43623 -7.510447 -7.580491 -7.646703 -7.70939 -7.768826 -7.825256 -7.878903 -7.929969 -7.978635 -8.025066 -8.069412 -8.111812 -8.15239 -8.19126 -8.22853 -8.264296 
169.4213 169.4093 169.3969 169.3839 169.3704 169.3562 169.3415 169.326 169.3097 169.2927 169.2748 169.2559 169.2361 169.2152 169.1931 169.1697 169.1449 169.1186 169.0906 169.0608 169.029 168.9949 168.9584 168.9191 168.8767 168.8309 168.7811 168.727 168.6678 168.6028 168.5312 168.4518 168.3634 168.2643 168.1524 168.0251 167.8789 167.7094 167.5105 167.2737 166.9872 166.6335 166.1859 165.6013 164.8056 163.6598 161.8699 158.6901 151.565 125 35 8.434949 1.309932 -1.869898 -3.659808 -4.805571 -5.601295 -6.185925 -6.633539 -6.987213 -7.273689 -7.510447 -7.70939 -7.878903 -8.025066 -8.15239 -8.264296 -8.363423 -8.451842 -8.531199 -8.602819 -8.66778 -8.72697 -8.781125 -8.830861 -8.876698 -8.919076 -8.958373 -8.994914 -9.028978 -9.060809 -9.090619 -9.118596 -9.144902 -9.169684 -9.19307 -9.215176 -9.236101 -9.25594 -9.274776 -9.292681 -9.309723 -9.325963 -9.341456 -9.356255 -9.370401 -9.38394 -9.396909 -9.409343 -9.421274 
170.5787 170.5907 170.6031 170.6161 170.6296 170.6438 170.6585 170.674 170.6903 170.7073 170.7252 170.7441 170.7639 170.7848 170.8069 170.8303 170.8551 170.8814 170.9094 170.9392 170.971 171.0051 171.0416 171.0809 171.1233 171.1691 171.2189 171.273 171.3322 171.3972 171.4688 171.5482 171.6366 171.7357 171.8476 171.9749 172.1211 172.2906 172.4895 172.7263 173.0128 173.3665 173.8141 174.3987 175.1944 176.3402 178.1301 -178.6901 -171.565 -145 -55 -28.43495 -21.30993 -18.1301 -16.34019 -15.19443 -14.39871 -13.81407 -13.36646 -13.01279 -12.72631 -12.48955 -12.29061 -12.1211 -11.97493 -11.84761 -11.7357 -11.63658 -11.54816 -11.4688 -11.39718 -11.33222 -11.27303 -11.21887 -11.16914 -11.1233 -11.08092 -11.04163 -11.00509 -10.97102 -10.93919 -10.90938 -10.8814 -10.8551 -10.83032 -10.80693 -10.78482 -10.7639 -10.74406 -10.72522 -10.70732 -10.69028 -10.67404 -10.65854 -10.64375 -10.6296 -10.61606 -10.60309 -10.59066 -10.57873 
171.7357 171.7715 171.8087 171.8476 171.8882 171.9306 171.9749 172.0214 172.07 172.1211 172.1747 172.2312 172.2906 172.3533 172.4195 172.4895 172.5638 172.6425 172.7263 172.8156 172.9108 173.0128 173.1221 173.2397 173.3665 173.5035 173.6522 173.8141 173.9909 174.1849 174.3987 174.6355 174.8991 175.1944 175.5275 175.9061 176.3402 176.8428 177.4314 178.1301 178.9726 -179.992 -178.6901 -177.0054 -174.7449 -171.565 -166.8014 -159.0362 -145 -118.435 -81.56505 -55 -40.96376 -33.19859 -28.43495 -25.25512 -22.99462 -21.30993 -20.00798 -18.97263 -18.1301 -17.43141 -16.84277 -16.34019 -15.90614 -15.52754 -15.19443 -14.89909 -14.63546 -14.39871 -14.18492 -13.99091 -13.81407 -13.65222 -13.50353 -13.36646 -13.2397 -13.12213 -13.01279 -12.91084 -12.81556 -12.72631 -12.64255 -12.56377 -12.48955 -12.41951 -12.3533 -12.29061 -12.23117 -12.17474 -12.1211 -12.07003 -12.02137 -11.97493 -11.93059 -11.88819 -11.84761 -11.80874 -11.77147 -11.7357 
172.8913 172.9508 173.0128 173.0775 173.145 173.2155 173.2892 173.3665 173.4474 173.5323 173.6215 173.7153 173.8141 173.9182 174.0283 174.1446 174.2679 174.3987 174.5378 174.6859 174.844 175.0131 175.1944 175.3893 175.5993 175.8263 176.0725 176.3402 176.6325 176.953 177.3058 177.696 178.1301 178.6156 179.1624 179.7824 -179.5085 -178.6901 -177.7352 -176.6075 -175.2564 -173.6105 -171.565 -168.9625 -165.556 -160.9454 -154.4623 -145 -130.9638 -111.3099 -88.69007 -69.03625 -55 -45.53768 -39.0546 -34.44395 -31.03751 -28.43495 -26.38954 -24.74356 -23.3925 -22.26477 -21.30993 -20.49148 -19.78241 -19.16235 -18.61565 -18.1301 -17.69605 -17.30576 -16.95296 -16.63251 -16.34019 -16.07246 -15.82634 -15.59934 -15.38931 -15.19443 -15.01311 -14.844 -14.6859 -14.53777 -14.39871 -14.26789 -14.14462 -14.02826 -13.91825 -13.81407 -13.71529 -13.62148 -13.53229 -13.44739 -13.36646 -13.28924 -13.21548 -13.14496 -13.07746 -13.01279 -12.95078 -12.89127 
174.0445 174.1276 174.2142 174.3045 174.3987 174.4971 174.6001 174.7079 174.8208 174.9392 175.0636 175.1944 175.3322 175.4774 175.6307 175.7928 175.9645 176.1466 176.3402 176.5463 176.7662 177.0013 177.2532 177.5238 177.8153 178.1301 178.4711 178.8418 179.2461 179.6888 -179.8245 -179.2869 -178.6901 -178.0239 -177.2757 -176.4296 -175.4655 -174.3578 -173.0725 -171.565 -169.7751 -167.6199 -164.9831 -161.6992 -157.5288 -152.125 -145 -135.5377 -123.1986 -108.1301 -91.8699 -76.80141 -64.46232 -55 -47.87498 -42.47119 -38.30075 -35.0169 -32.38013 -30.22486 -28.43495 -26.92751 -25.64225 -24.53445 -23.57043 -22.72436 -21.97613 -21.30993 -20.71312 -20.17551 -19.68879 -19.24611 -18.84181 -18.47114 -18.1301 -17.81529 -17.52382 -17.25319 -17.00127 -16.76617 -16.54629 -16.34019 -16.14663 -15.96449 -15.7928 -15.63068 -15.47737 -15.33216 -15.19443 -15.06362 -14.93922 -14.82077 -14.70785 -14.6001 -14.49715 -14.39871 -14.30447 -14.21418 -14.12759 -14.04449 
175.1944 175.3009 175.4119 175.5275 175.6483 175.7743 175.9061 176.0441 176.1886 176.3402 176.4993 176.6667 176.8428 177.0284 177.2243 177.4314 177.6507 177.8831 178.1301 178.3929 178.6732 178.9726 179.2933 179.6375 -179.992 -179.5923 -179.1597 -178.6901 -178.1785 -177.6192 -177.0054 -176.3287 -175.5792 -174.7449 -173.8108 -172.7585 -171.565 -170.2011 -168.6294 -166.8014 -164.6538 -162.1027 -159.0362 -155.3048 -150.7106 -145 -137.875 -129.0546 -118.435 -106.3402 -93.65981 -81.56505 -70.9454 -62.12502 -55 -49.28941 -44.69515 -40.96376 -37.89727 -35.34618 -33.19859 -31.37062 -29.79888 -28.43495 -27.24146 -26.18921 -25.25512 -24.42077 -23.67131 -22.99462 -22.38076 -21.82149 -21.30993 -20.84031 -20.40771 -20.00798 -19.63754 -19.29331 -18.97263 -18.67317 -18.39293 -18.1301 -17.88314 -17.65065 -17.43141 -17.22432 -17.0284 -16.84277 -16.66666 -16.49935 -16.34019 -16.18862 -16.04409 -15.90614 -15.77433 -15.64825 -15.52754 -15.41187 -15.30093 -15.19443 
176.3402 176.4698 176.6048 176.7456 176.8924 177.0458 177.2061 177.3738 177.5494 177.7336 177.9269 178.1301 178.3439 178.5691 178.8068 179.0579 179.3236 179.6052 179.9042 -179.7778 -179.439 -179.0772 -178.6901 -178.2749 -177.8285 -177.3474 -176.8275 -176.2637 -175.6507 -174.9816 -174.2488 -173.4429 -172.5528 -171.565 -170.4633 -169.2278 -167.8336 -166.2505 -164.44 -162.354 -159.9314 -157.0948 -153.7462 -149.7636 -145 -139.2894 -132.4712 -124.444 -115.2551 -105.1944 -94.80557 -84.74488 -75.55605 -67.52881 -60.71059 -55 -50.23636 -46.25384 -42.90524 -40.06858 -37.64598 -35.55997 -33.74949 -32.16635 -30.77225 -29.53666 -28.43495 -27.44719 -26.55707 -25.75117 -25.01836 -24.34933 -23.73627 -23.17255 -22.65256 -22.17146 -21.72511 -21.30993 -20.9228 -20.56101 -20.22217 -19.90418 -19.6052 -19.32359 -19.05789 -18.80679 -18.56914 -18.34389 -18.1301 -17.92693 -17.7336 -17.54942 -17.37377 -17.20606 -17.04577 -16.89242 -16.74558 -16.60484 -16.46982 -16.34019 
177.4809 177.6333 177.7921 177.9575 178.1301 178.3103 178.4986 178.6955 178.9017 179.1179 179.3447 179.5829 179.8336 -179.9025 -179.6242 -179.3302 -179.0193 -178.6901 -178.3407 -177.9694 -177.5741 -177.1523 -176.7014 -176.2184 -175.6997 -175.1414 -174.5388 -173.8866 -173.1786 -172.4076 -171.565 -170.641 -169.6236 -168.4986 -167.249 -165.8545 -164.29 -162.5256 -160.5241 -158.2405 -155.6197 -152.5947 -149.0856 -145 -140.2364 -134.6952 -128.3008 -121.0375 -112.9946 -104.3987 -95.6013 -87.00539 -78.96249 -71.69924 -65.30485 -59.76364 -55 -50.91438 -47.40536 -44.38034 -41.75948 -39.47589 -37.47443 -35.70995 -34.14554 -32.75098 -31.50143 -30.37643 -29.35899 -28.43495 -27.59242 -26.82141 -26.11342 -25.46122 -24.85861 -24.30028 -23.7816 -23.29857 -22.8477 -22.42594 -22.0306 -21.65929 -21.30993 -20.98065 -20.66978 -20.37584 -20.0975 -19.83356 -19.58294 -19.34467 -19.11786 -18.90172 -18.6955 -18.49856 -18.31028 -18.1301 -17.95753 -17.79208 -17.63333 -17.48089 
178.6156 178.7905 178.9726 179.1624 179.3602 179.5667 179.7824 -179.992 -179.7559 -179.5085 -179.249 -178.9765 -178.6901 -178.3885 -178.0707 -177.7352 -177.3807 -177.0054 -176.6075 -176.185 -175.7355 -175.2564 -174.7449 -174.1975 -173.6105 -172.9795 -172.2996 -171.565 -170.7693 -169.9048 -168.9625 -167.9321 -166.8014 -165.556 -164.179 -162.6501 -160.9454 -159.0362 -156.8887 -154.4623 -151.7098 -148.5763 -145 -140.9144 -136.2538 -130.9638 -125.0169 -118.435 -111.3099 -103.8141 -96.18593 -88.69007 -81.56505 -74.98311 -69.03625 -63.74616 -59.08562 -55 -51.42366 -48.29016 -45.53768 -43.11134 -40.96376 -39.0546 -37.34988 -35.82099 -34.44395 -33.19859 -32.0679 -31.03751 -30.09523 -29.23067 -28.43495 -27.70043 -27.02052 -26.38954 -25.80251 -25.25512 -24.74356 -24.26451 -23.81503 -23.3925 -22.99462 -22.61932 -22.26477 -21.92932 -21.61149 -21.30993 -21.02346 -20.75097 -20.49148 -20.24409 -20.00798 -19.78241 -19.56669 -19.36019 -19.16235 -18.97263 -18.79054 -18.61565 
179.7436 179.9406 -179.8545 -179.6409 -179.4184 -179.1861 -178.9436 -178.6901 -178.4248 -178.147 -177.8557 -177.55 -177.2288 -176.8908 -176.5348 -176.1593 -175.7627 -175.3432 -174.8989 -174.4275 -173.9264 -173.393 -172.8241 -172.2161 -171.565 -170.8664 -170.1148 -169.3046 -168.4287 -167.4794 -166.4477 -165.3231 -164.0935 -162.7447 -161.2602 -159.6209 -157.8043 -155.7843 -153.5308 -151.009 -148.1798 -145 -141.4237 -137.4053 -132.9052 -127.8973 -122.3801 -116.3895 -110.008 -103.3665 -96.63354 -89.99202 -83.61046 -77.61987 -72.10273 -67.09476 -62.59464 -58.57634 -55 -51.82017 -48.99099 -46.46923 -44.2157 -42.19573 -40.37913 -38.7398 -37.25533 -35.90651 -34.67686 -33.55227 -32.52057 -31.57131 -30.69545 -29.88516 -29.13364 -28.43495 -27.78389 -27.1759 -26.60698 -26.07357 -25.57254 -25.1011 -24.65675 -24.23728 -23.8407 -23.46521 -23.10921 -22.77124 -22.45 -22.14428 -21.853 -21.57519 -21.30993 -21.05641 -20.81388 -20.58164 -20.35905 -20.14554 -19.94057 -19.74364 
-179.1359 -178.9174 -178.6901 -178.4533 -178.2066 -177.9492 -177.6806 -177.3998 -177.1063 -176.7989 -176.4768 -176.139 -175.7841 -175.4111 -175.0184 -174.6044 -174.1676 -173.7059 -173.2174 -172.6995 -172.1497 -171.565 -170.9423 -170.2777 -169.5672 -168.8059 -167.9887 -167.1095 -166.1613 -165.1363 -164.0256 -162.8189 -161.5044 -160.0685 -158.4957 -156.7683 -154.8658 -152.7652 -150.4403 -147.8624 -145 -141.8202 -138.2902 -134.3803 -130.0686 -125.3462 -120.2249 -114.7436 -108.9726 -103.0128 -96.98721 -91.02737 -85.25644 -79.77514 -74.65382 -69.93142 -65.61965 -61.70984 -58.17983 -55 -52.1376 -49.55967 -47.23483 -45.13419 -43.23171 -41.50426 -39.93151 -38.49564 -37.18111 -35.9744 -34.8637 -33.83874 -32.89055 -32.01128 -31.19406 -30.43283 -29.72228 -29.0577 -28.43495 -27.85032 -27.30053 -26.78264 -26.29405 -25.83239 -25.39555 -24.98163 -24.58892 -24.21585 -23.86103 -23.52316 -23.20109 -22.89374 -22.60016 -22.31944 -22.05079 -21.79343 -21.54669 -21.30993 -21.08257 -20.86406 
-178.0239 -177.7843 -177.5351 -177.2757 -177.0054 -176.7236 -176.4296 -176.1225 -175.8015 -175.4655 -175.1137 -174.7449 -174.3578 -173.951 -173.5231 -173.0725 -172.5973 -172.0956 -171.565 -171.0033 -170.4077 -169.7751 -169.1022 -168.3852 -167.6199 -166.8014 -165.9245 -164.9831 -163.9704 -162.8787 -161.6992 -160.4222 -159.0362 -157.5288 -155.8855 -154.0903 -152.125 -149.9697 -147.6026 -145 -142.1376 -138.991 -135.5377 -131.7595 -127.646 -123.1986 -118.435 -113.3925 -108.1301 -102.7263 -97.27369 -91.8699 -86.60751 -81.56505 -76.80141 -72.35403 -68.24052 -64.46232 -61.00901 -57.8624 -55 -52.39744 -50.03026 -47.87498 -45.90972 -44.11447 -42.47119 -40.96376 -39.57784 -38.30075 -37.1213 -36.02959 -35.0169 -34.0755 -33.19859 -32.38013 -31.61478 -30.89777 -30.22486 -29.59228 -28.99665 -28.43495 -27.90445 -27.4027 -26.92751 -26.47688 -26.04901 -25.64225 -25.25512 -24.88627 -24.53445 -24.19855 -23.87753 -23.57043 -23.2764 -22.99462 -22.72436 -22.46493 -22.21572 -21.97613 
-176.9209 -176.6608 -176.3903 -176.1088 -175.8157 -175.5102 -175.1916 -174.859 -174.5115 -174.1481 -173.7677 -173.369 -172.951 -172.512 -172.0506 -171.565 -171.0535 -170.5139 -169.9439 -169.3411 -168.7027 -168.0255 -167.3062 -166.541 -165.7256 -164.8552 -163.9246 -162.9279 -161.8584 -160.7086 -159.4703 -158.134 -156.6894 -155.1247 -153.427 -151.5819 -149.5739 -147.3859 -145 -142.3974 -139.5597 -136.4692 -133.1113 -129.4759 -125.56 -121.3706 -116.9275 -112.2648 -107.4314 -102.4896 -97.51044 -92.56859 -87.73523 -83.07249 -78.62938 -74.44003 -70.52411 -66.88866 -63.53077 -60.44033 -57.60256 -55 -52.61406 -50.42608 -48.41806 -46.57303 -44.87533 -43.31063 -41.86598 -40.52971 -39.29136 -38.1416 -37.07208 -36.07536 -35.14479 -34.27444 -33.45902 -32.69379 -31.97451 -31.29735 -30.65891 -30.0561 -29.48613 -28.9465 -28.43495 -27.9494 -27.488 -27.04903 -26.63095 -26.23235 -25.85193 -25.4885 -25.14098 -24.80838 -24.48976 -24.18429 -23.89119 -23.60973 -23.33925 -23.07912 
-175.8277 -175.5476 -175.2564 -174.9536 -174.6384 -174.31 -173.9677 -173.6105 -173.2374 -172.8476 -172.4397 -172.0127 -171.565 -171.0954 -170.6022 -170.0836 -169.5377 -168.9625 -168.3556 -167.7144 -167.0362 -166.3179 -165.556 -164.7468 -163.8861 -162.9691 -161.9908 -160.9454 -159.8265 -158.627 -157.3391 -155.9541 -154.4623 -152.8533 -151.1155 -149.2364 -147.2026 -145 -142.6141 -140.0303 -137.2348 -134.2157 -130.9638 -127.4744 -123.7495 -119.7989 -115.6423 -111.3099 -106.8428 -102.2906 -97.70939 -93.15723 -88.69007 -84.35775 -80.20113 -76.2505 -72.52557 -69.03625 -65.78429 -62.76517 -59.96974 -57.38594 -55 -52.7974 -50.76361 -48.88449 -47.14669 -45.53768 -44.04594 -42.66091 -41.373 -40.17352 -39.0546 -38.00918 -37.03086 -36.11391 -35.25316 -34.44395 -33.68209 -32.96377 -32.28559 -31.64444 -31.03751 -30.46227 -29.91641 -29.39781 -28.90458 -28.43495 -27.98734 -27.56027 -27.15242 -26.76255 -26.38954 -26.03234 -25.68999 -25.36162 -25.04639 -24.74356 -24.45243 -24.17234 
-174.7449 -174.4454 -174.1343 -173.8108 -173.4742 -173.1237 -172.7585 -172.3777 -171.9802 -171.565 -171.131 -170.6768 -170.2011 -169.7024 -169.1791 -168.6294 -168.0513 -167.4427 -166.8014 -166.1247 -165.4099 -164.6538 -163.8532 -163.0042 -162.1027 -161.1443 -160.124 -159.0362 -157.875 -156.6336 -155.3048 -153.8807 -152.3524 -150.7106 -148.9452 -147.0454 -145 -142.7974 -140.4261 -137.875 -135.1342 -132.1957 -129.0546 -125.71 -122.1663 -118.435 -114.5345 -110.4915 -106.3402 -102.1211 -97.87891 -93.65981 -89.50852 -85.46555 -81.56505 -77.83366 -74.29005 -70.9454 -67.80427 -64.86581 -62.12502 -59.57392 -57.2026 -55 -52.95459 -51.05481 -49.28941 -47.64762 -46.11934 -44.69515 -43.36637 -42.125 -40.96376 -39.87599 -38.85566 -37.89727 -36.99584 -36.14684 -35.34618 -34.59012 -33.87528 -33.19859 -32.55725 -31.9487 -31.37062 -30.82089 -30.29757 -29.79888 -29.32318 -28.869 -28.43495 -28.01977 -27.6223 -27.24146 -26.87626 -26.5258 -26.18921 -25.86571 -25.55457 -25.25512 
-173.6731 -173.355 -173.0245 -172.6811 -172.3239 -171.9522 -171.565 -171.1616 -170.7407 -170.3014 -169.8424 -169.3625 -168.8602 -168.334 -167.7824 -167.2035 -166.5953 -165.9558 -165.2826 -164.5731 -163.8247 -163.0343 -162.1985 -161.3139 -160.3763 -159.3814 -158.3245 -157.2005 -156.0035 -154.7276 -153.3659 -151.9112 -150.3558 -148.6914 -146.9091 -145 -142.9546 -140.7636 -138.4181 -135.9097 -133.2317 -130.3791 -127.3499 -124.1455 -120.7723 -117.2415 -113.5704 -109.7824 -105.9061 -101.9749 -98.02506 -94.09386 -90.21759 -86.42957 -82.75854 -79.22775 -75.85446 -72.65012 -69.62087 -66.76829 -64.09028 -61.58194 -59.23639 -57.04541 -55 -53.09085 -51.30861 -49.64418 -48.08877 -46.63411 -45.27242 -43.99646 -42.79953 -41.67547 -40.61861 -39.62375 -38.68615 -37.80146 -36.96571 -36.17529 -35.42688 -34.71744 -34.04422 -33.40469 -32.79652 -32.21759 -31.66596 -31.13982 -30.63755 -30.15761 -29.69862 -29.25929 -28.83843 -28.43495 -28.04782 -27.67611 -27.31894 -26.9755 -26.64504 -26.32685 
-172.613 -172.2768 -171.9277 -171.565 -171.1881 -170.796 -170.3879 -169.9628 -169.5196 -169.0573 -168.5747 -168.0704 -167.5431 -166.9911 -166.413 -165.8068 -165.1707 -164.5024 -163.7999 -163.0605 -162.2815 -161.46 -160.5928 -159.6764 -158.707 -157.6804 -156.5922 -155.4375 -154.211 -152.9072 -151.5198 -150.0424 -148.4682 -146.7899 -145 -143.0909 -141.0548 -138.8845 -136.573 -134.1145 -131.5043 -128.7398 -125.821 -122.751 -119.5367 -116.1892 -112.7244 -109.1623 -105.5275 -101.8476 -98.15239 -94.47246 -90.83765 -87.27564 -83.81079 -80.46335 -77.24902 -74.17901 -71.26021 -68.49574 -65.88553 -63.42697 -61.11551 -58.94519 -56.90915 -55 -53.21009 -51.53177 -49.95755 -48.4802 -47.09284 -45.78897 -44.56252 -43.40783 -42.31962 -41.29304 -40.32361 -39.40719 -38.53999 -37.7185 -36.93953 -36.20012 -35.49755 -34.82935 -34.19321 -33.58703 -33.00887 -32.45694 -31.92959 -31.42529 -30.94265 -30.48036 -30.03721 -29.61209 -29.20397 -28.81189 -28.43495 -28.07232 -27.72324 -27.38697 
-171.565 -171.2114 -170.8444 -170.4633 -170.0675 -169.6559 -169.2278 -168.782 -168.3177 -167.8336 -167.3287 -166.8014 -166.2505 -165.6744 -165.0715 -164.44 -163.778 -163.0835 -162.354 -161.5873 -160.7807 -159.9314 -159.0362 -158.0919 -157.0948 -156.0409 -154.9262 -153.7462 -152.4959 -151.1702 -149.7636 -148.2705 -146.6847 -145 -143.2101 -141.3086 -139.2894 -137.1467 -134.8753 -132.4712 -129.9315 -127.2553 -124.444 -121.5014 -118.435 -115.2551 -111.9761 -108.6156 -105.1944 -101.7357 -98.2643 -94.80557 -91.38435 -88.02386 -84.74488 -81.56505 -78.49857 -75.55605 -72.74467 -70.06849 -67.52881 -65.12467 -62.85331 -60.71059 -58.69139 -56.78991 -55 -53.31532 -51.72951 -50.23636 -48.82983 -47.50414 -46.25384 -45.07375 -43.95906 -42.90524 -41.90811 -40.96376 -40.06858 -39.21925 -38.41266 -37.64598 -36.91655 -36.22197 -35.55997 -34.92847 -34.32558 -33.74949 -33.19859 -32.67134 -32.16635 -31.68229 -31.21797 -30.77225 -30.3441 -29.93254 -29.53666 -29.15561 -28.78862 -28.43495 
-170.5297 -170.1593 -169.7751 -169.3765 -168.9625 -168.5323 -168.0851 -167.6199 -167.1355 -166.6309 -166.1048 -165.556 -164.9831 -164.3845 -163.7587 -163.1038 -162.418 -161.6992 -160.9454 -160.1541 -159.3227 -158.4486 -157.5288 -156.5601 -155.5392 -154.4623 -153.3257 -152.125 -150.856 -149.514 -148.0941 -146.5911 -145 -143.3153 -141.5318 -139.6442 -137.6476 -135.5377 -133.3106 -130.9638 -128.4956 -125.9065 -123.1986 -120.3764 -117.4472 -114.4208 -111.3099 -108.1301 -104.8991 -101.6366 -98.36343 -95.10091 -91.8699 -88.69007 -85.57922 -82.55281 -79.62357 -76.80141 -74.09349 -71.50436 -69.03625 -66.68937 -64.46232 -62.35238 -60.35582 -58.46823 -56.68468 -55 -53.40886 -51.90594 -50.48601 -49.14399 -47.87498 -46.67435 -45.53768 -44.46082 -43.43987 -42.47119 -41.55138 -40.67728 -39.84593 -39.0546 -38.30075 -37.58203 -36.89624 -36.24135 -35.61549 -35.0169 -34.44395 -33.89516 -33.36911 -32.86451 -32.38013 -31.91487 -31.46765 -31.03751 -30.62353 -30.22486 -29.8407 -29.4703 
-169.5074 -169.121 -168.7204 -168.3049 -167.8737 -167.4259 -166.9606 -166.4768 -165.9735 -165.4496 -164.9037 -164.3348 -163.7413 -163.1219 -162.4748 -161.7984 -161.0908 -160.3501 -159.5742 -158.7608 -157.9074 -157.0115 -156.0702 -155.0806 -154.0395 -152.9435 -151.789 -150.5722 -149.2892 -147.9357 -146.5074 -145 -143.4089 -141.7295 -139.9576 -138.0888 -136.1193 -134.0459 -131.866 -129.5778 -127.1811 -124.6769 -122.0679 -119.359 -116.5571 -113.6713 -110.7131 -107.6961 -104.6355 -101.5482 -98.45184 -95.36454 -92.30395 -89.28688 -86.32869 -83.44293 -80.64101 -77.9321 -75.32314 -72.81889 -70.42216 -68.13403 -65.95406 -63.88066 -61.91123 -60.04245 -58.27049 -56.59114 -55 -53.49257 -52.06433 -50.71085 -49.4278 -48.21103 -47.05653 -45.96052 -44.9194 -43.9298 -42.98852 -42.09259 -41.23922 -40.42579 -39.64986 -38.90918 -38.20163 -37.52523 -36.87814 -36.25866 -35.66519 -35.09625 -34.55045 -34.02651 -33.52321 -33.03944 -32.57414 -32.12634 -31.69511 -31.2796 -30.87902 -30.4926 
-168.4986 -168.0968 -167.6806 -167.249 -166.8014 -166.3369 -165.8545 -165.3532 -164.8321 -164.29 -163.7258 -163.1381 -162.5256 -161.8868 -161.2202 -160.5241 -159.7968 -159.0362 -158.2405 -157.4074 -156.5346 -155.6197 -154.6599 -153.6525 -152.5947 -151.4831 -150.3145 -149.0856 -147.7927 -146.4321 -145 -143.4926 -141.9059 -140.2364 -138.4802 -136.6341 -134.6952 -132.6609 -130.5297 -128.3008 -125.9744 -123.5523 -121.0375 -118.435 -115.7512 -112.9946 -110.1755 -107.3058 -104.3987 -101.4688 -98.5312 -95.6013 -92.69424 -89.82449 -87.00539 -84.24883 -81.56505 -78.96249 -76.44774 -74.0256 -71.69924 -69.47029 -67.33909 -65.30485 -63.36589 -61.5198 -59.76364 -58.09406 -56.50743 -55 -53.56791 -52.2073 -50.91438 -49.68546 -48.51693 -47.40536 -46.34746 -45.34011 -44.38034 -43.46538 -42.59258 -41.75948 -40.96376 -40.20324 -39.47589 -38.77981 -38.11321 -37.47443 -36.86192 -36.27421 -35.70995 -35.16787 -34.64677 -34.14554 -33.66314 -33.19859 -32.75098 -32.31944 -31.90318 -31.50143 
-167.5035 -167.0872 -166.656 -166.2092 -165.7461 -165.2657 -164.7672 -164.2495 -163.7117 -163.1527 -162.5713 -161.9661 -161.336 -160.6795 -159.9951 -159.2811 -158.5359 -157.7575 -156.9442 -156.0937 -155.204 -154.2726 -153.2971 -152.275 -151.2034 -150.0796 -148.9005 -147.663 -146.3639 -145 -143.5679 -142.0643 -140.486 -138.8298 -137.0928 -135.2724 -133.3664 -131.373 -129.2914 -127.1213 -124.8637 -122.5206 -120.0952 -117.5924 -115.0184 -112.3808 -109.6888 -106.953 -104.1849 -101.3972 -98.60282 -95.81509 -93.04704 -90.31121 -87.61924 -84.98164 -82.40758 -79.90477 -77.47943 -75.13631 -72.8787 -70.70864 -68.62699 -66.63364 -64.72758 -62.90716 -61.17017 -59.51399 -57.93567 -56.43209 -55 -53.63607 -52.337 -51.09951 -49.92039 -48.79655 -47.72499 -46.70285 -45.7274 -44.79603 -43.90628 -43.05582 -42.24247 -41.46414 -40.7189 -40.00492 -39.32048 -38.66396 -38.03385 -37.42874 -36.84729 -36.28826 -35.75047 -35.23283 -34.7343 -34.25392 -33.79078 -33.34401 -32.91283 -32.49647 
-166.5226 -166.0923 -165.647 -165.1858 -164.708 -164.2127 -163.699 -163.166 -162.6126 -162.0378 -161.4404 -160.8192 -160.1729 -159.5002 -158.7995 -158.0693 -157.308 -156.5138 -155.6849 -154.8193 -153.9149 -152.9696 -151.9811 -150.9469 -149.8645 -148.7314 -147.5448 -146.302 -145 -143.6361 -142.2073 -140.7108 -139.144 -137.5041 -135.789 -133.9965 -132.125 -130.1735 -128.1416 -126.0296 -123.8387 -121.5713 -119.2307 -116.8214 -114.3493 -111.8215 -109.2461 -106.6325 -103.9909 -101.3322 -98.66778 -96.00909 -93.36749 -90.75389 -88.17851 -85.65067 -83.17859 -80.76933 -78.4287 -76.16126 -73.97041 -71.8584 -69.82648 -67.875 -66.00354 -64.21103 -62.49586 -60.85601 -59.28915 -57.7927 -56.36393 -55 -53.69805 -52.4552 -51.2686 -50.13549 -49.05314 -48.01894 -47.03039 -46.08507 -45.1807 -44.31509 -43.48617 -42.69199 -41.93068 -41.20052 -40.49983 -39.82708 -39.18081 -38.55962 -37.96223 -37.38742 -36.83404 -36.30102 -35.78733 -35.29202 -34.8142 -34.35301 -33.90766 -33.4774 
-165.556 -165.1126 -164.6538 -164.179 -163.6873 -163.178 -162.6501 -162.1027 -161.5348 -160.9454 -160.3333 -159.6973 -159.0362 -158.3487 -157.6334 -156.8887 -156.113 -155.3048 -154.4623 -153.5836 -152.6668 -151.7098 -150.7106 -149.6669 -148.5763 -147.4366 -146.2454 -145 -143.698 -142.337 -140.9144 -139.4278 -137.875 -136.2538 -134.5625 -132.7995 -130.9638 -129.0546 -127.0721 -125.0169 -122.8905 -120.6954 -118.435 -116.1134 -113.7363 -111.3099 -108.8418 -106.3402 -103.8141 -101.273 -98.72697 -96.18593 -93.65981 -91.15819 -88.69007 -86.26373 -83.88658 -81.56505 -79.30455 -77.10945 -74.98311 -72.92792 -70.9454 -69.03625 -67.20047 -65.43748 -63.74616 -62.12502 -60.5722 -59.08562 -57.663 -56.30195 -55 -53.75463 -52.56335 -51.42366 -50.33314 -49.28941 -48.29016 -47.33319 -46.41638 -45.53768 -44.69515 -43.88696 -43.11134 -42.36664 -41.65127 -40.96376 -40.30268 -39.66671 -39.0546 -38.46516 -37.89727 -37.34988 -36.82198 -36.31265 -35.82099 -35.34618 -34.88741 -34.44395 
-164.6041 -164.1481 -163.6767 -163.189 -162.6844 -162.1619 -161.6208 -161.06 -160.4786 -159.8757 -159.25 -158.6005 -157.926 -157.2251 -156.4966 -155.7389 -154.9506 -154.1302 -153.2759 -152.386 -151.4588 -150.4923 -149.4846 -148.4336 -147.3373 -146.1935 -145 -143.7546 -142.4552 -141.0995 -139.6855 -138.211 -136.6743 -135.0738 -133.4078 -131.6755 -129.876 -128.0092 -126.0754 -124.0755 -122.0113 -119.8852 -117.7004 -115.4612 -113.1726 -110.8403 -108.4711 -106.0725 -103.6522 -101.2189 -98.78113 -96.34778 -93.92754 -91.52885 -89.15969 -86.82745 -84.53878 -82.29958 -80.11484 -77.98872 -75.9245 -73.92464 -71.99082 -70.12401 -68.32453 -66.59218 -64.92625 -63.32565 -61.78897 -60.31454 -58.90049 -57.5448 -56.24537 -55 -53.80651 -52.66269 -51.56637 -50.51539 -49.50768 -48.54118 -47.61396 -46.72411 -45.86982 -45.04937 -44.2611 -43.50344 -42.77488 -42.074 -41.39946 -40.74997 -40.12432 -39.52136 -38.94001 -38.37924 -37.83808 -37.31561 -36.81096 -36.3233 -35.85186 -35.39591 
-163.6669 -163.1992 -162.7158 -162.2161 -161.6992 -161.1645 -160.611 -160.0378 -159.444 -158.8286 -158.1906 -157.5288 -156.8421 -156.1292 -155.3889 -154.6197 -153.8204 -152.9893 -152.125 -151.2258 -150.2901 -149.316 -148.3019 -147.2457 -146.1458 -145 -143.8065 -142.5634 -141.2686 -139.9204 -138.5169 -137.0565 -135.5377 -133.9591 -132.3196 -130.6186 -128.8557 -127.0309 -125.1448 -123.1986 -121.1941 -119.1336 -117.0205 -114.8586 -112.6526 -110.4077 -108.1301 -105.8263 -103.5035 -101.1691 -98.83086 -96.49647 -94.17366 -91.8699 -89.59229 -87.34744 -85.14139 -82.97948 -80.86636 -78.80595 -76.80141 -74.85522 -72.96914 -71.14434 -69.38139 -67.68038 -66.04094 -64.46232 -62.94347 -61.48307 -60.07961 -58.7314 -57.43665 -56.19349 -55 -53.85424 -52.75426 -51.69814 -50.68397 -49.70992 -48.77417 -47.87498 -47.01067 -46.17962 -45.38027 -44.61114 -43.87081 -43.15792 -42.47119 -41.80939 -41.17135 -40.55597 -39.96218 -39.38901 -38.8355 -38.30075 -37.78393 -37.28421 -36.80083 -36.33308 
-162.7447 -162.2658 -161.7712 -161.2602 -160.732 -160.1858 -159.6209 -159.0362 -158.431 -157.8043 -157.1549 -156.482 -155.7843 -155.0607 -154.3099 -153.5308 -152.7218 -151.8817 -151.009 -150.1022 -149.1596 -148.1798 -147.1611 -146.1017 -145 -143.8542 -142.6627 -141.4237 -140.1355 -138.7966 -137.4053 -135.9605 -134.4608 -132.9052 -131.293 -129.6237 -127.8973 -126.1139 -124.2744 -122.3801 -120.4328 -118.435 -116.3895 -114.3003 -112.1715 -110.008 -107.8153 -105.5993 -103.3665 -101.1233 -98.87669 -96.63354 -94.40066 -92.18471 -89.99202 -87.82854 -85.69972 -83.61046 -81.56505 -79.56717 -77.61987 -75.72556 -73.88609 -72.10273 -70.37625 -68.70696 -67.09476 -65.53918 -64.03948 -62.59464 -61.20345 -59.86451 -58.57634 -57.33731 -56.14576 -55 -53.89829 -52.83892 -51.82017 -50.84036 -49.89783 -48.99099 -48.11827 -47.27818 -46.46923 -45.69006 -44.93931 -44.2157 -43.51801 -42.84506 -42.19573 -41.56897 -40.96376 -40.37913 -39.81416 -39.26799 -38.7398 -38.22878 -37.73419 -37.25533 
-161.8375 -161.3482 -160.8431 -160.3215 -159.7827 -159.226 -158.6504 -158.0553 -157.4396 -156.8024 -156.1429 -155.4599 -154.7524 -154.0193 -153.2594 -152.4716 -151.6544 -150.8067 -149.9271 -149.0142 -148.0665 -147.0826 -146.0609 -145 -143.8983 -142.7543 -141.5664 -140.3331 -139.0531 -137.725 -136.3475 -134.9194 -133.4399 -131.9081 -130.3236 -128.6861 -126.9958 -125.2532 -123.459 -121.6148 -119.7223 -117.7839 -115.8025 -113.7816 -111.7251 -109.6375 -107.5238 -105.3893 -103.2397 -101.0809 -98.91908 -96.7603 -94.61069 -92.47618 -90.36246 -88.27489 -86.2184 -84.19749 -82.21611 -80.27773 -78.38522 -76.54098 -74.74683 -73.00416 -71.31385 -69.67639 -68.0919 -66.56013 -65.0806 -63.65254 -62.27501 -60.94686 -59.66686 -58.43363 -57.24574 -56.10171 -55 -53.93909 -52.91743 -51.93351 -50.98582 -50.07289 -49.19327 -48.34557 -47.52844 -46.74056 -45.98068 -45.24757 -44.54009 -43.85711 -43.19757 -42.56044 -41.94475 -41.34958 -40.77404 -40.21727 -39.67849 -39.15692 -38.65183 -38.16253 
-160.9454 -160.4463 -159.9314 -159.4 -158.8514 -158.2849 -157.6996 -157.0948 -156.4695 -155.823 -155.1543 -154.4623 -153.7462 -153.0047 -152.2369 -151.4416 -150.6176 -149.7636 -148.8785 -147.9609 -147.0096 -146.023 -145 -143.9391 -142.8389 -141.6981 -140.5154 -139.2894 -138.0189 -136.7029 -135.3401 -133.9298 -132.4712 -130.9638 -129.4072 -127.8015 -126.1468 -124.444 -122.6938 -120.8978 -119.0577 -117.1759 -115.2551 -113.2986 -111.3099 -109.2933 -107.2532 -105.1944 -103.1221 -101.0416 -98.95837 -96.87787 -94.80557 -92.7468 -90.70669 -88.69007 -86.70143 -84.74488 -82.8241 -80.9423 -79.10223 -77.30621 -75.55605 -73.85316 -72.19854 -70.59281 -69.03625 -67.52881 -66.07021 -64.6599 -63.29715 -61.98106 -60.71059 -59.48461 -58.30186 -57.16108 -56.06091 -55 -53.97697 -52.99045 -52.03906 -51.12148 -50.23636 -49.38242 -48.5584 -47.76308 -46.99527 -46.25384 -45.53768 -44.84573 -44.17699 -43.53047 -42.90524 -42.30042 -41.71513 -41.14858 -40.59998 -40.06858 -39.55368 -39.0546 
-160.0685 -159.5603 -159.0362 -158.4957 -157.938 -157.3625 -156.7683 -156.1547 -155.5208 -154.8658 -154.1888 -153.4889 -152.7652 -152.0165 -151.2419 -150.4403 -149.6107 -148.7517 -147.8624 -146.9415 -145.9878 -145 -143.977 -142.9174 -141.8202 -140.684 -139.5077 -138.2902 -137.0304 -135.7274 -134.3803 -132.9885 -131.5514 -130.0686 -128.54 -126.9657 -125.3462 -123.6821 -121.9745 -120.2249 -118.435 -116.607 -114.7436 -112.8477 -110.9228 -108.9726 -107.0013 -105.0131 -103.0128 -101.0051 -98.99491 -96.98721 -94.98689 -92.99873 -91.02737 -89.07719 -87.1523 -85.25644 -83.39302 -81.56505 -79.77514 -78.02549 -76.31791 -74.65382 -73.03429 -71.46001 -69.93142 -68.44862 -67.01147 -65.61965 -64.2726 -62.96961 -61.70984 -60.49232 -59.31603 -58.17983 -57.08257 -56.02303 -55 -54.01224 -53.05851 -52.1376 -51.24827 -50.38935 -49.55967 -48.75809 -47.9835 -47.23483 -46.51105 -45.81116 -45.13419 -44.47922 -43.84534 -43.23171 -42.63751 -42.06194 -41.50426 -40.96376 -40.43972 -39.93151 
-159.2068 -158.69 -158.1575 -157.6086 -157.0426 -156.4588 -155.8564 -155.2348 -154.5931 -153.9306 -153.2463 -152.5394 -151.8091 -151.0542 -150.2739 -149.4672 -148.6329 -147.7702 -146.8779 -145.9548 -145 -144.0122 -142.9904 -141.9335 -140.8404 -139.7099 -138.5412 -137.3332 -136.0851 -134.796 -133.4654 -132.0926 -130.6773 -129.2193 -127.7185 -126.1753 -124.5901 -122.9638 -121.2974 -119.5923 -117.8503 -116.0736 -114.2645 -112.4259 -110.561 -108.6732 -106.7662 -104.844 -102.9108 -100.971 -99.02898 -97.08916 -95.156 -93.23383 -91.32683 -89.43899 -87.57406 -85.73549 -83.92642 -82.14968 -80.40771 -78.70264 -77.03622 -75.40988 -73.82471 -72.2815 -70.78075 -69.32272 -67.90741 -66.53462 -65.20397 -63.91493 -62.66681 -61.45882 -60.29008 -59.15964 -58.06649 -57.00955 -55.98776 -55 -54.04516 -53.12212 -52.22979 -51.36705 -50.53284 -49.7261 -48.94581 -48.19095 -47.46056 -46.75368 -46.06941 -45.40686 -44.7652 -44.14359 -43.54125 -42.95742 -42.39139 -41.84246 -41.30995 -40.79324 
-158.3602 -157.8356 -157.2953 -156.7386 -156.1649 -155.5735 -154.9638 -154.335 -153.6864 -153.0171 -152.3264 -151.6135 -150.8774 -150.1173 -149.3323 -148.5215 -147.6838 -146.8183 -145.924 -145 -144.0452 -143.0585 -142.0391 -140.9858 -139.8978 -138.7742 -137.614 -136.4164 -135.1807 -133.9063 -132.5926 -131.2392 -129.8459 -128.4127 -126.9395 -125.4269 -123.8753 -122.2856 -120.6589 -118.9967 -117.3005 -115.5725 -113.815 -112.0306 -110.2222 -108.3929 -106.5463 -104.6859 -102.8156 -100.9392 -99.06081 -97.18444 -95.3141 -93.45371 -91.60708 -89.77783 -87.96941 -86.18497 -84.42746 -82.69947 -81.00335 -79.34109 -77.71441 -76.12472 -74.57313 -73.06047 -71.58734 -70.15407 -68.76079 -67.40742 -66.09372 -64.8193 -63.58362 -62.38604 -61.22583 -60.10217 -59.01418 -57.96094 -56.94149 -55.95484 -55 -54.07595 -53.1817 -52.31622 -51.47855 -50.66769 -49.88269 -49.12261 -48.38654 -47.67359 -46.98291 -46.31364 -45.665 -45.0362 -44.42648 -43.83512 -43.26143 -42.70473 -42.16439 -41.63978 
-157.5288 -156.9969 -156.4493 -155.8855 -155.3048 -154.7066 -154.0903 -153.455 -152.8002 -152.125 -151.4287 -150.7106 -149.9697 -149.2054 -148.4166 -147.6026 -146.7624 -145.8952 -145 -144.076 -143.1221 -142.1376 -141.1215 -140.0729 -138.991 -137.875 -136.7241 -135.5377 -134.3151 -133.0558 -131.7595 -130.4258 -129.0546 -127.646 -126.2001 -124.7174 -123.1986 -121.6444 -120.0561 -118.435 -116.7826 -115.1011 -113.3925 -111.6593 -109.9042 -108.1301 -106.3402 -104.5378 -102.7263 -100.9094 -99.09062 -97.27369 -95.46223 -93.65981 -91.8699 -90.09582 -88.34071 -86.60751 -84.8989 -83.21735 -81.56505 -79.94391 -78.35557 -76.80141 -75.28256 -73.79989 -72.35403 -70.9454 -69.57422 -68.24052 -66.94418 -65.68491 -64.46232 -63.27589 -62.12502 -61.00901 -59.92711 -58.87852 -57.8624 -56.87788 -55.92405 -55 -54.10483 -53.23761 -52.39744 -51.58341 -50.79464 -50.03026 -49.28941 -48.57125 -47.87498 -47.19981 -46.54497 -45.90972 -45.29335 -44.69515 -44.11447 -43.55066 -43.0031 -42.47119 
-156.7125 -156.1738 -155.6197 -155.0493 -154.4623 -153.858 -153.2356 -152.5947 -151.9343 -151.254 -150.553 -149.8304 -149.0856 -148.3178 -147.5261 -146.7098 -145.8681 -145 -144.1048 -143.1817 -142.2298 -141.2483 -140.2364 -139.1933 -138.1183 -137.0107 -135.8698 -134.6952 -133.4862 -132.2425 -130.9638 -129.6499 -128.3008 -126.9166 -125.4976 -124.0442 -122.5572 -121.0375 -119.4861 -117.9044 -116.294 -114.6568 -112.9946 -111.3099 -109.6052 -107.8831 -106.1466 -104.3987 -102.6425 -100.8814 -99.1186 -97.35745 -95.6013 -93.85337 -92.11686 -90.3948 -88.69007 -87.00539 -85.34325 -83.70596 -82.09555 -80.51387 -78.96249 -77.44276 -75.95578 -74.50245 -73.08344 -71.69924 -70.35014 -69.03625 -67.75753 -66.51383 -65.30485 -64.13017 -62.98933 -61.88173 -60.80673 -59.76364 -58.75173 -57.77021 -56.8183 -55.89517 -55 -54.13195 -53.29019 -52.47388 -51.68222 -50.91438 -50.16958 -49.44703 -48.74597 -48.06565 -47.40536 -46.76438 -46.14204 -45.53768 -44.95065 -44.38034 -43.82616 -43.28753 
-155.9111 -155.3663 -154.8061 -154.2299 -153.6371 -153.0272 -152.3996 -151.7536 -151.0885 -150.4038 -149.6987 -148.9725 -148.2245 -147.454 -146.6603 -145.8425 -145 -144.1319 -143.2376 -142.3162 -141.3671 -140.3893 -139.3824 -138.3456 -137.2782 -136.1796 -135.0494 -133.887 -132.692 -131.4641 -130.2032 -128.9092 -127.582 -126.222 -124.8293 -123.4047 -121.9487 -120.4623 -118.9465 -117.4027 -115.8324 -114.2373 -112.6193 -110.9807 -109.3236 -107.6507 -105.9645 -104.2679 -102.5638 -100.8551 -99.14491 -97.43623 -95.73211 -94.03551 -92.34935 -90.67641 -89.01935 -87.38068 -85.76272 -84.16761 -82.5973 -81.0535 -79.53773 -78.0513 -76.59531 -75.17065 -73.77803 -72.41797 -71.09081 -69.79676 -68.53586 -67.30801 -66.11304 -64.95063 -63.82038 -62.72182 -61.65443 -60.61758 -59.61065 -58.63295 -57.68378 -56.76239 -55.86805 -55 -54.15747 -53.33972 -52.54597 -51.77548 -51.0275 -50.30132 -49.59621 -48.91147 -48.24643 -47.60041 -46.97276 -46.36287 -45.77011 -45.19391 -44.63368 -44.08887 
-155.1247 -154.5742 -154.0085 -153.427 -152.8291 -152.2143 -151.5819 -150.9315 -150.2624 -149.5739 -148.8655 -148.1364 -147.3859 -146.6135 -145.8185 -145 -144.1575 -143.2902 -142.3974 -141.4785 -140.5328 -139.5597 -138.5584 -137.5284 -136.4692 -135.3803 -134.2611 -133.1113 -131.9307 -130.7189 -129.4759 -128.2016 -126.8962 -125.56 -124.1932 -122.7965 -121.3706 -119.9164 -118.435 -116.9275 -115.3955 -113.8407 -112.2648 -110.6698 -109.0579 -107.4314 -105.7928 -104.1446 -102.4896 -100.8303 -99.16969 -97.51044 -95.85538 -94.20721 -92.56859 -90.94211 -89.33022 -87.73523 -86.1593 -84.60445 -83.07249 -81.56505 -80.0836 -78.62938 -77.20348 -75.80679 -74.44003 -73.10376 -71.79837 -70.52411 -69.2811 -68.06932 -66.88866 -65.7389 -64.61973 -63.53077 -62.47156 -61.4416 -60.44033 -59.46716 -58.52145 -57.60256 -56.70981 -55.84253 -55 -54.18155 -53.38646 -52.61406 -51.86364 -51.13454 -50.42608 -49.73761 -49.06847 -48.41806 -47.78574 -47.17093 -46.57303 -45.9915 -45.42577 -44.87533 
-154.353 -153.7974 -153.2267 -152.6404 -152.0379 -151.4188 -150.7824 -150.1282 -149.4556 -148.764 -148.0529 -147.3215 -146.5694 -145.7957 -145 -144.1815 -143.3397 -142.4739 -141.5834 -140.6677 -139.7261 -138.7581 -137.7631 -136.7406 -135.6901 -134.6111 -133.5034 -132.3666 -131.2005 -130.0049 -128.7798 -127.5252 -126.2413 -124.9285 -123.587 -122.2176 -120.8209 -119.3978 -117.9494 -116.4769 -114.9816 -113.4652 -111.9293 -110.3758 -108.8068 -107.2243 -105.6307 -104.0283 -102.4195 -100.8069 -99.19307 -97.58049 -95.97173 -94.36932 -92.77568 -91.19321 -89.62415 -88.07068 -86.53479 -85.01836 -83.52312 -82.0506 -80.60219 -79.17911 -77.7824 -76.41297 -75.07153 -73.75865 -72.47478 -71.22019 -69.99508 -68.79948 -67.63336 -66.49657 -65.38885 -64.30994 -63.25944 -62.23692 -61.24191 -60.2739 -59.33231 -58.41659 -57.52612 -56.66028 -55.81845 -55 -54.20428 -53.43064 -52.67847 -51.94712 -51.23597 -50.5444 -49.87181 -49.21761 -48.58121 -47.96206 -47.35959 -46.77328 -46.20259 -45.64702 
-153.5959 -153.0357 -152.4606 -151.87 -151.2635 -150.6405 -150.0006 -149.3432 -148.6678 -147.9737 -147.2605 -146.5275 -145.7742 -145 -144.2043 -143.3865 -142.546 -141.6822 -140.7946 -139.8827 -138.9458 -137.9835 -136.9953 -135.9807 -134.9393 -133.8708 -132.7749 -131.6513 -130.4998 -129.3205 -128.1132 -126.8781 -125.6155 -124.3256 -123.0089 -121.666 -120.2976 -118.9046 -117.488 -116.049 -114.5889 -113.1092 -111.6115 -110.0975 -108.5691 -107.0284 -105.4774 -103.9183 -102.3533 -100.7848 -99.21517 -97.64671 -96.08175 -94.52263 -92.9716 -91.43085 -89.9025 -88.38851 -86.89079 -85.41108 -83.951 -82.512 -81.09542 -79.70243 -78.33404 -76.99113 -75.67442 -74.38451 -73.12186 -71.88679 -70.67953 -69.50017 -68.34872 -67.22512 -66.12919 -65.06069 -64.01933 -63.00473 -62.0165 -61.05419 -60.11731 -59.20536 -58.31778 -57.45403 -56.61354 -55.79572 -55 -54.22578 -53.47247 -52.7395 -52.02627 -51.33221 -50.65676 -49.99936 -49.35945 -48.73651 -48.13001 -47.53943 -46.96429 -46.40409 
-152.8533 -152.289 -151.7098 -151.1155 -150.5055 -149.8793 -149.2364 -148.5763 -147.8986 -147.2026 -146.4879 -145.7538 -145 -144.2258 -143.4306 -142.6141 -141.7755 -140.9144 -140.0303 -139.1226 -138.1909 -137.2348 -136.2538 -135.2476 -134.2157 -133.1579 -132.074 -130.9638 -129.8271 -128.664 -127.4744 -126.2587 -125.0169 -123.7495 -122.4569 -121.1398 -119.7989 -118.435 -117.049 -115.6423 -114.2159 -112.7712 -111.3099 -109.8336 -108.3439 -106.8428 -105.3322 -103.8141 -102.2906 -100.7639 -99.2361 -97.70939 -96.18593 -94.66784 -93.15723 -91.65611 -90.16644 -88.69007 -87.22876 -85.78415 -84.35775 -82.95097 -81.56505 -80.20113 -78.86018 -77.54306 -76.2505 -74.98311 -73.74134 -72.52557 -71.33604 -70.17291 -69.03625 -67.926 -66.84208 -65.78429 -64.75243 -63.74616 -62.76517 -61.80905 -60.87739 -59.96974 -59.08562 -58.22452 -57.38594 -56.56936 -55.77422 -55 -54.24615 -53.51213 -52.7974 -52.10142 -51.42366 -50.76361 -50.12073 -49.49452 -48.88449 -48.29016 -47.71105 -47.14669 
-152.125 -151.5569 -150.9743 -150.3767 -149.7636 -149.1347 -148.4893 -147.8271 -147.1476 -146.4502 -145.7345 -145 -144.2462 -143.4725 -142.6785 -141.8636 -141.0275 -140.1696 -139.2894 -138.3865 -137.4606 -136.5111 -135.5377 -134.5401 -133.518 -132.4712 -131.3995 -130.3027 -129.1808 -128.0339 -126.8619 -125.6652 -124.444 -123.1986 -121.9296 -120.6376 -119.3232 -117.9873 -116.631 -115.2551 -113.861 -112.45 -111.0235 -109.5829 -108.1301 -106.6667 -105.1944 -103.7153 -102.2312 -100.7441 -99.25594 -97.76882 -96.28471 -94.80557 -93.33334 -91.8699 -90.41705 -88.97655 -87.55 -86.13897 -84.74488 -83.36905 -82.01266 -80.67682 -79.36245 -78.07041 -76.80141 -75.55605 -74.33481 -73.13808 -71.96615 -70.81919 -69.69732 -68.60054 -67.52881 -66.48199 -65.45991 -64.46232 -63.48895 -62.53944 -61.61346 -60.71059 -59.83042 -58.9725 -58.13636 -57.32153 -56.52753 -55.75385 -55 -54.26548 -53.54979 -52.85241 -52.17287 -51.51067 -50.86533 -50.23636 -49.62329 -49.02568 -48.44305 -47.87498 
-151.4108 -150.8395 -150.2538 -149.6534 -149.0377 -148.4064 -147.7591 -147.0952 -146.4144 -145.7162 -145 -144.2655 -143.5121 -142.7395 -141.9471 -141.1345 -140.3013 -139.447 -138.5713 -137.6736 -136.7537 -135.8112 -134.8457 -133.8571 -132.8451 -131.8094 -130.75 -129.6667 -128.5596 -127.4287 -126.2742 -125.0963 -123.8952 -122.6713 -121.4253 -120.1576 -118.869 -117.5603 -116.2324 -114.8863 -113.5232 -112.1443 -110.751 -109.3447 -107.9269 -106.4993 -105.0636 -103.6215 -102.1747 -100.7252 -99.27477 -97.82526 -96.37852 -94.93639 -93.50066 -92.07307 -90.65533 -89.24903 -87.85572 -86.47684 -85.11373 -83.76765 -82.43973 -81.131 -79.84239 -78.57471 -77.32866 -76.10484 -74.90375 -73.72578 -72.57126 -71.44038 -70.33328 -69.25003 -68.19061 -67.15495 -66.14289 -65.15427 -64.18884 -63.24632 -62.32641 -61.42875 -60.55297 -59.69868 -58.86546 -58.05288 -57.2605 -56.48787 -55.73452 -55 -54.28384 -53.58558 -52.90475 -52.24089 -51.59356 -50.96229 -50.34665 -49.7462 -49.16051 -48.58916 
-150.7106 -150.1364 -149.548 -148.9452 -148.3274 -147.6943 -147.0454 -146.3804 -145.6987 -145 -144.2838 -143.5498 -142.7974 -142.0263 -141.236 -140.4261 -139.5962 -138.746 -137.875 -136.9829 -136.0694 -135.1342 -134.177 -133.1976 -132.1957 -131.1714 -130.1243 -129.0546 -127.9622 -126.8473 -125.71 -124.5505 -123.3691 -122.1663 -120.9426 -119.6986 -118.435 -117.1524 -115.8519 -114.5345 -113.2011 -111.853 -110.4915 -109.1179 -107.7336 -106.3402 -104.9392 -103.5323 -102.1211 -100.7073 -99.29268 -97.87891 -96.4677 -95.06078 -93.65981 -92.2664 -90.88213 -89.50852 -88.147 -86.79891 -85.46555 -84.14807 -82.84758 -81.56505 -80.30138 -79.05735 -77.83366 -76.63089 -75.44955 -74.29005 -73.1527 -72.03777 -70.9454 -69.87568 -68.82865 -67.80427 -66.80244 -65.82301 -64.86581 -63.93059 -63.01709 -62.12502 -61.25403 -60.40379 -59.57392 -58.76403 -57.97373 -57.2026 -56.45021 -55.71616 -55 -54.3013 -53.61964 -52.95459 -52.30572 -51.6726 -51.05481 -50.45196 -49.86362 -49.28941 
-150.0241 -149.4474 -148.8568 -148.252 -147.6324 -146.9979 -146.3479 -145.6821 -145 -144.3013 -143.5856 -142.8524 -142.1014 -141.3322 -140.5444 -139.7376 -138.9115 -138.0657 -137.1998 -136.3136 -135.4069 -134.4792 -133.5305 -132.5604 -131.569 -130.556 -129.5214 -128.4652 -127.3874 -126.2883 -125.1679 -124.0265 -122.8645 -121.6823 -120.4804 -119.2593 -118.0198 -116.7626 -115.4885 -114.1986 -112.8937 -111.5752 -110.2441 -108.9017 -107.5494 -106.1886 -104.8208 -103.4474 -102.07 -100.6903 -99.30972 -97.92997 -96.55261 -95.17924 -93.81139 -92.45058 -91.09828 -89.75591 -88.42481 -87.10625 -85.80145 -84.5115 -83.23744 -81.98023 -80.74071 -79.51965 -78.31771 -77.13549 -75.9735 -74.83213 -73.71174 -72.61258 -71.53484 -70.47864 -69.44404 -68.43103 -67.43956 -66.46953 -65.52078 -64.59313 -63.68636 -62.80019 -61.93435 -61.08853 -60.26239 -59.4556 -58.66779 -57.89858 -57.14759 -56.41442 -55.6987 -55 -54.31794 -53.65211 -53.00212 -52.36757 -51.74805 -51.1432 -50.55262 -49.97593 
-149.3511 -148.7723 -148.1798 -147.5734 -146.9525 -146.3169 -145.6662 -145 -144.3179 -143.6196 -142.9048 -142.1729 -141.4237 -140.6568 -139.8718 -139.0685 -138.2464 -137.4053 -136.545 -135.665 -134.7652 -133.8453 -132.9052 -131.9447 -130.9638 -129.9622 -128.94 -127.8973 -126.834 -125.7505 -124.6468 -123.5232 -122.3801 -121.218 -120.0372 -118.8384 -117.6223 -116.3895 -115.141 -113.8775 -112.6002 -111.3099 -110.008 -108.6955 -107.3738 -106.0441 -104.7079 -103.3665 -102.0214 -100.674 -99.32597 -97.97864 -96.63354 -95.29214 -93.95591 -92.62624 -91.3045 -89.99202 -88.69007 -87.39984 -86.12247 -84.85902 -83.61046 -82.3777 -81.16157 -79.96279 -78.78203 -77.61987 -76.47679 -75.35323 -74.24953 -73.16595 -72.10273 -71.05999 -70.03782 -69.03625 -68.05524 -67.09476 -66.15466 -65.2348 -64.335 -63.45503 -62.59464 -61.75357 -60.93153 -60.12819 -59.34324 -58.57634 -57.82713 -57.09525 -56.38036 -55.68206 -55 -54.3338 -53.68309 -53.04749 -52.42664 -51.82017 -51.22771 -50.64892 
-148.6914 -148.1108 -147.5169 -146.9091 -146.2873 -145.6511 -145 -144.3338 -143.6521 -142.9546 -142.2409 -141.5107 -140.7636 -139.9994 -139.2176 -138.4181 -137.6004 -136.7644 -135.9097 -135.0362 -134.1436 -133.2317 -132.3004 -131.3496 -130.3791 -129.389 -128.3792 -127.3499 -126.301 -125.2328 -124.1455 -123.0394 -121.9149 -120.7723 -119.6121 -118.435 -117.2415 -116.0323 -114.8084 -113.5704 -112.3194 -111.0564 -109.7824 -108.4986 -107.2061 -105.9061 -104.6001 -103.2892 -101.9749 -100.6585 -99.34145 -98.02506 -96.71075 -95.3999 -94.09386 -92.79395 -91.50144 -90.21759 -88.94359 -87.68056 -86.42957 -85.19162 -83.96766 -82.75854 -81.56505 -80.38791 -79.22775 -78.08514 -76.96056 -75.85446 -74.76717 -73.69898 -72.65012 -71.62076 -70.61098 -69.62087 -68.65042 -67.69958 -66.76829 -65.85641 -64.96381 -64.09028 -63.23562 -62.39959 -61.58194 -60.78239 -60.00064 -59.23639 -58.48933 -57.75911 -57.04541 -56.34789 -55.6662 -55 -54.34894 -53.71267 -53.09085 -52.48312 -51.88916 -51.30861 
-148.0448 -147.4628 -146.8677 -146.259 -145.6366 -145 -144.3489 -143.6831 -143.0021 -142.3057 -141.5936 -140.8653 -140.1207 -139.3595 -138.5812 -137.7857 -136.9728 -136.142 -135.2934 -134.4265 -133.5412 -132.6375 -131.7151 -130.774 -129.8142 -128.8355 -127.8381 -126.822 -125.7873 -124.7343 -123.6631 -122.5741 -121.4677 -120.3441 -119.204 -118.0478 -116.8763 -115.69 -114.4898 -113.2764 -112.0508 -110.8139 -109.5667 -108.3103 -107.0458 -105.7743 -104.4972 -103.2155 -101.9306 -100.6437 -99.35625 -98.06941 -96.78452 -95.50285 -94.22568 -92.95423 -91.68972 -90.43331 -89.18612 -87.94922 -86.7236 -85.51024 -84.31001 -83.12373 -81.95218 -80.79603 -79.6559 -78.53235 -77.42587 -76.33686 -75.26569 -74.21267 -73.17802 -72.16192 -71.1645 -70.18584 -69.22597 -68.28487 -67.3625 -66.45876 -65.57352 -64.70665 -63.85796 -63.02724 -62.21426 -61.41879 -60.64055 -59.87927 -59.13467 -58.40644 -57.69428 -56.99788 -56.31691 -55.65106 -55 -54.36341 -53.74096 -53.13232 -52.53718 -51.95522 
-147.411 -146.828 -146.232 -145.6228 -145 -144.3634 -143.7127 -143.0475 -142.3676 -141.6726 -140.9623 -140.2364 -139.4945 -138.7365 -137.9621 -137.1709 -136.3629 -135.5377 -134.6952 -133.8351 -132.9574 -132.062 -131.1486 -130.2173 -129.268 -128.3008 -127.3156 -126.3126 -125.292 -124.2539 -123.1986 -122.1263 -121.0375 -119.9325 -118.8119 -117.6761 -116.5258 -115.3616 -114.1843 -112.9946 -111.7934 -110.5816 -109.3602 -108.1301 -106.8924 -105.6482 -104.3987 -103.145 -101.8882 -100.6296 -99.3704 -98.11181 -96.85504 -95.6013 -94.35175 -93.10757 -91.8699 -90.63981 -89.41837 -88.20657 -87.00539 -85.8157 -84.63838 -83.47421 -82.32389 -81.18811 -80.06747 -78.96249 -77.87366 -76.80141 -75.74608 -74.70798 -73.68736 -72.68439 -71.69924 -70.732 -69.78272 -68.85142 -67.93806 -67.04257 -66.16488 -65.30485 -64.46232 -63.63713 -62.82907 -62.03794 -61.26349 -60.50548 -59.76364 -59.03771 -58.3274 -57.63243 -56.95251 -56.28733 -55.63659 -55 -54.37724 -53.76802 -53.17203 -52.58897 
-146.7899 -146.2061 -145.6095 -145 -144.3772 -143.741 -143.0909 -142.4266 -141.748 -141.0548 -140.3466 -139.6233 -138.8845 -138.13 -137.3596 -136.573 -135.7701 -134.9507 -134.1145 -133.2614 -132.3914 -131.5043 -130.6 -129.6785 -128.7398 -127.7839 -126.811 -125.821 -124.8142 -123.7908 -122.751 -121.6951 -120.6235 -119.5367 -118.435 -117.3189 -116.1892 -115.0464 -113.8912 -112.7244 -111.5467 -110.3591 -109.1623 -107.9575 -106.7456 -105.5275 -104.3045 -103.0775 -101.8476 -100.6161 -99.38394 -98.15239 -96.92255 -95.69553 -94.47246 -93.25442 -92.04247 -90.83765 -89.64095 -88.45331 -87.27564 -86.10881 -84.95361 -83.81079 -82.68106 -81.56505 -80.46335 -79.37646 -78.30489 -77.24902 -76.20923 -75.18581 -74.17901 -73.18905 -72.21607 -71.26021 -70.32151 -69.40002 -68.49574 -67.6086 -66.73857 -65.88553 -65.04935 -64.22989 -63.42697 -62.64041 -61.86999 -61.11551 -60.37671 -59.65335 -58.94519 -58.25195 -57.57336 -56.90915 -56.25904 -55.62276 -55 -54.3905 -53.79395 -53.21009 
-146.1812 -145.5968 -145 -144.3905 -143.768 -143.1323 -142.4831 -141.8202 -141.1432 -140.452 -139.7462 -139.0257 -138.2902 -137.5394 -136.7733 -135.9915 -135.1939 -134.3803 -133.5507 -132.7047 -131.8425 -130.9638 -130.0686 -129.1569 -128.2288 -127.2842 -126.3233 -125.3462 -124.353 -123.344 -122.3194 -121.2796 -120.2249 -119.1556 -118.0723 -116.9755 -115.8657 -114.7436 -113.6097 -112.4649 -111.3099 -110.1455 -108.9726 -107.7921 -106.6048 -105.4119 -104.2142 -103.0128 -101.8087 -100.6031 -99.39691 -98.19126 -96.98721 -95.78582 -94.58813 -93.39516 -92.20792 -91.02737 -89.85445 -88.69007 -87.53506 -86.39027 -85.25644 -84.13429 -83.0245 -81.92768 -80.84439 -79.77514 -78.7204 -77.68056 -76.65599 -75.64699 -74.65382 -73.6767 -72.71579 -71.77122 -70.84308 -69.93142 -69.03625 -68.15754 -67.29527 -66.44934 -65.61965 -64.80609 -64.00851 -63.22672 -62.46057 -61.70984 -60.97432 -60.2538 -59.54804 -58.8568 -58.17983 -57.51688 -56.86768 -56.23198 -55.6095 -55 -54.40319 -53.81881 
-145.5846 -145 -144.4032 -143.7939 -143.172 -142.5372 -141.8892 -141.2277 -140.5526 -139.8636 -139.1605 -138.4431 -137.711 -136.9643 -136.2026 -135.4258 -134.6337 -133.8262 -133.0031 -132.1644 -131.31 -130.4397 -129.5537 -128.6518 -127.7342 -126.8008 -125.8519 -124.8874 -123.9077 -122.9128 -121.9032 -120.879 -119.8407 -118.7886 -117.7232 -116.645 -115.5546 -114.4524 -113.3392 -112.2157 -111.0826 -109.9406 -108.7905 -107.6333 -106.4698 -105.3009 -104.1276 -102.9508 -101.7715 -100.5907 -99.40934 -98.22853 -97.04922 -95.87241 -94.69907 -93.53018 -92.36667 -91.20946 -90.05943 -88.91743 -87.78428 -86.66075 -85.54757 -84.44543 -83.35497 -82.27676 -81.21138 -80.1593 -79.12098 -78.09682 -77.08717 -76.09234 -75.11259 -74.14814 -73.19917 -72.26581 -71.34818 -70.44632 -69.56027 -68.69005 -67.83561 -66.9969 -66.17384 -65.36633 -64.57423 -63.79741 -63.03571 -62.28895 -61.55695 -60.83949 -60.13638 -59.44738 -58.77229 -58.11084 -57.46282 -56.82797 -56.20605 -55.59681 -55 -54.41537 
-145 -144.4154 -143.8188 -143.2101 -142.589 -141.9552 -141.3086 -140.6489 -139.9759 -139.2894 -138.5892 -137.875 -137.1467 -136.4041 -135.647 -134.8753 -134.0889 -133.2875 -132.4712 -131.6398 -130.7932 -129.9315 -129.0546 -128.1625 -127.2553 -126.3331 -125.3959 -124.444 -123.4774 -122.4965 -121.5014 -120.4926 -119.4703 -118.435 -117.387 -116.3269 -115.2551 -114.1723 -113.0791 -111.9761 -110.8641 -109.7436 -108.6156 -107.4809 -106.3402 -105.1944 -104.0445 -102.8913 -101.7357 -100.5787 -99.42127 -98.2643 -97.10873 -95.95551 -94.80557 -93.65981 -92.51911 -91.38435 -90.25636 -89.13594 -88.02386 -86.92088 -85.82766 -84.74488 -83.67315 -82.61303 -81.56505 -80.5297 -79.50741 -78.49857 -77.50352 -76.5226 -75.55605 -74.60409 -73.66692 -72.74467 -71.83747 -70.9454 -70.06849 -69.20676 -68.36022 -67.52881 -66.71247 -65.91113 -65.12467 -64.35298 -63.59591 -62.85331 -62.12502 -61.41084 -60.71059 -60.02407 -59.35108 -58.69139 -58.04478 -57.41103 -56.78991 -56.18119 -55.58463 -55 
