16
18
0.003666841278156103
0.0020953378732320588
0.010476689366160294
0.019381875327396544
0.26925091671031953
0.06966998428496594
0.08119434258774227
0.0010476689366160294
0.00785751702462022
0.0020953378732320588
0.08276584599266631
0.0178103719224725
0.058669460450497646
0.27763226820324777
0.059717129387113675
0.03666841278156103
0.0	0.0	0.0	0.2857142857142857	0.0	0.5714285714285714	0.0	0.0	0.0	0.0	0.0	0.0	0.0	0.0	0.0	0.14285714285714285	0.0	0.0	
0.5	0.0	0.0	0.0	0.25	0.0	0.0	0.0	0.0	0.0	0.0	0.0	0.0	0.0	0.0	0.0	0.0	0.25	
0.15	0.0	0.0	0.0	0.05	0.1	0.0	0.05	0.05	0.0	0.0	0.0	0.15	0.15	0.0	0.15	0.0	0.15	
0.0	0.0	0.0	0.0	0.0	0.08108108108108109	0.0	0.10810810810810811	0.0	0.0	0.0	0.16216216216216217	0.0	0.10810810810810811	0.0	0.24324324324324326	0.08108108108108109	0.21621621621621623	
0.013618677042801557	0.0	0.0	0.0038910505836575876	0.0038910505836575876	0.005836575875486381	0.0	0.07198443579766536	0.04669260700389105	0.0038910505836575876	0.0	0.023346303501945526	0.02529182879377432	0.16536964980544747	0.0	0.490272373540856	0.05252918287937743	0.0933852140077821	
0.0	0.0	0.0	0.05263157894736842	0.03007518796992481	0.37593984962406013	0.022556390977443608	0.06015037593984962	0.15037593984962405	0.0	0.0	0.08270676691729323	0.03007518796992481	0.06766917293233082	0.0	0.03007518796992481	0.06766917293233082	0.03007518796992481	
0.0	0.0	0.0	0.0064516129032258064	0.0	0.15483870967741936	0.0	0.14193548387096774	0.0	0.025806451612903226	0.0	0.10967741935483871	0.0064516129032258064	0.0	0.0	0.3096774193548387	0.2	0.04516129032258064	
0.0	0.0	0.0	0.0	0.0	0.0	0.0	0.0	0.5	0.0	0.0	0.5	0.0	0.0	0.0	0.0	0.0	0.0	
0.0	0.0	0.0	0.0	0.0	0.06666666666666667	0.0	0.0	0.6666666666666666	0.0	0.0	0.0	0.0	0.0	0.0	0.13333333333333333	0.13333333333333333	0.0	
0.0	0.0	0.0	0.0	0.0	0.5	0.0	0.5	0.0	0.0	0.0	0.0	0.0	0.0	0.0	0.0	0.0	0.0	
0.0189873417721519	0.0	0.0	0.05063291139240506	0.012658227848101266	0.17088607594936708	0.012658227848101266	0.12025316455696203	0.0759493670886076	0.006329113924050633	0.006329113924050633	0.06329113924050633	0.006329113924050633	0.05063291139240506	0.0	0.2911392405063291	0.0949367088607595	0.0189873417721519	
0.0	0.0	0.0	0.0	0.0	0.08823529411764706	0.0	0.029411764705882353	0.029411764705882353	0.0	0.0	0.08823529411764706	0.0	0.14705882352941177	0.0	0.5294117647058824	0.08823529411764706	0.0	
0.008928571428571428	0.0	0.008928571428571428	0.026785714285714284	0.026785714285714284	0.3125	0.008928571428571428	0.05357142857142857	0.017857142857142856	0.0	0.0	0.0625	0.008928571428571428	0.017857142857142856	0.0	0.2857142857142857	0.125	0.03571428571428571	
0.0	0.0	0.0018867924528301887	0.007547169811320755	0.05660377358490566	0.48867924528301887	0.0	0.04150943396226415	0.09622641509433963	0.0037735849056603774	0.0037735849056603774	0.10943396226415095	0.009433962264150943	0.13773584905660377	0.0	0.022641509433962263	0.016981132075471698	0.0037735849056603774	
0.0	0.0	0.0	0.0	0.07017543859649122	0.35964912280701755	0.0	0.07017543859649122	0.16666666666666666	0.008771929824561403	0.0	0.07894736842105263	0.02631578947368421	0.14035087719298245	0.0	0.017543859649122806	0.03508771929824561	0.02631578947368421	
0.0	0.05714285714285714	0.05714285714285714	0.08571428571428572	0.07142857142857142	0.5142857142857142	0.0	0.08571428571428572	0.05714285714285714	0.0	0.0	0.02857142857142857	0.0	0.014285714285714285	0.0	0.0	0.0	0.02857142857142857	
