1.5908 1.8984 2.6533 2.8192 3.3348 5.2961 4.9281 4.2697 4.3884 3.3462 2.9743 4.0708 5.5029 6.1245 6.7777 7.3663 7.6479 7.8953 9.0434 7.644 9.812 13.679 11.66 19.164 15.253 22.122 31.613 32.425 38.216 34.124 32.551 31.647 32.921 28.851 34.939 29.355 26.895 24.096 23.291 23.581 16.725 18.822 21.358 20.508 39.431 33.861 21.289 19.032 22.145 27.736 26.981 17.702 21.888 27.986 16.501 10.561
1.6849 2.0461 2.5626 3.3535 3.6926 6.1817 6.3695 5.2455 4.8781 3.4506 3.3796 4.587 6.0551 7.6827 8.1794 9.6079 10.067 9.6625 8.4252 11.226 13.024 13.841 16.711 20.977 19.534 23.355 31.607 29.011 31.296 29.43 31.736 39.53 40.32 32.071 34.172 34.071 35.203 32.19 28.723 22.679 27.428 20.668 14.789 20.232 21.766 20.772 16.94 16.361 19.202 19.492 22.781 26.826 31.383 25.776 12.518 9.0239
1.7821 2.1998 2.524 4.1036 4.6476 5.5379 4.3261 5.5659 4.9387 4.2304 4.4781 6.1733 7.2365 8.711 9.2601 10.689 9.5721 10.64 11.761 13.817 17.912 18.605 16.095 19.967 22.526 27.007 38.678 36.402 38.11 35.299 31.669 34.668 41.46 36.065 37.551 47.124 37.918 39.368 29.676 29.673 42.873 25.887 23.409 20.083 23.466 20.438 27.747 21.636 26.09 24.51 26.74 28.67 21.952 16.718 12.009 10.516
4.3321 3.8915 5.0383 4.3918 5.1488 4.9848 4.3919 5.0861 5.3047 6.0325 5.3824 9.1501 7.407 7.475 7.4919 8.4152 9.803 11.06 13.708 12.993 14.127 14.673 16.092 21.145 26.696 38.607 46.612 50.943 47.8 39.647 36.554 39.663 48.877 57.252 57.133 58.194 48.328 44.028 34.73 31.609 32.962 38.692 42.019 34.544 29.9 32.678 54.055 25.951 30.127 30.789 28.43 29.81 28.775 20.861 18.165 14.232
4.535 4.3956 4.026 4.478 4.4784 4.2429 5.0138 5.0199 5.0617 6.7114 6.9033 6.4191 7.6455 7.3643 7.6423 9.1438 9.5588 11.648 16.132 13.232 15.534 17.246 24.634 27.545 36.091 44.105 44.08 50.302 43.34 43.773 48.514 52.557 55.067 60.198 58.655 57.196 47.008 36.004 29.706 33.011 34.577 50.907 44.958 34.935 35.174 34.731 34.211 22.478 28.99 22.483 20.804 27.742 29.777 26.414 16.758 10.158
6.3616 3.85 4.3703 5.5837 5.6493 5.8633 6.2856 5.955 7.0059 6.9867 7.3529 7.4537 8.0952 6.498 6.5899 10.276 10.132 11.645 12.784 13.716 16.489 17.849 23.627 34.639 40.829 43.521 42.386 42.528 45.974 47.16 51.797 61.044 61.776 59.281 51.997 46.554 41.385 32.97 31.106 33.53 36.719 33.113 30.495 28.397 32.229 31.762 25.835 20.765 24.798 21.716 21.157 21.628 18.911 17.409 12.92 9.6216
5.9406 4.856 5.2125 5.209 5.103 9.9626 6.4724 8.7606 9.8025 9.1925 11.793 12.538 7.7735 8.0197 6.8465 9.9657 10.96 13.649 14.242 15.187 22.573 19.803 25.317 31.955 41.849 50.931 51.267 51.523 51.276 51.198 52.703 67.791 58.379 75.184 45.696 40.602 40.262 37.265 33.172 31.755 28.967 23.131 23.954 27.461 32.466 35.392 31.521 23.917 24.076 25.553 20.596 20.004 17.969 18.246 16.21 12.522
5.4207 4.348 5.1155 5.7775 5.3773 5.9795 6.3745 7.89 9.5966 8.8501 9.9752 13.925 9.9171 10.213 10.891 11.822 17.69 15.177 19.052 18.89 21.517 25.98 26.997 33.534 37.752 38.564 51.875 46.32 52.845 52.252 54.082 61.868 58.325 69.668 51.461 46.18 32.874 35.191 43.087 22.607 21.146 24.77 28.162 31.219 27.906 26.725 23.883 22.924 23.092 24.755 19.758 26.127 16.093 10.208 14.333 14.987
5.3445 4.5364 6.4425 8.6388 9.3735 8.2874 6.377 9.3966 10.157 9.2556 11.492 13.245 11.786 11.026 11.971 16.716 15.309 17.78 24.89 26.452 24.92 29.408 26.704 26.795 31.283 33.253 37.843 35.567 39.164 43.755 46.583 53.999 61.511 63.621 52.89 53.029 45.337 37.775 33.006 21.52 24.507 25.708 21.995 26.68 24.486 24.814 17.953 15.698 17.453 20.917 15.375 25.473 21.751 17.476 13.209 13.196
12.446 7.1264 9.0143 8.113 7.3587 7.1288 8.0674 9.1343 9.7239 9.7793 10.775 12.48 11.532 9.4934 9.9698 12.921 13.736 14.675 17.608 23.603 22.179 24.597 30.538 30.686 33.204 30.849 34.469 35.898 35.455 36.846 46.718 48.963 55.469 62.471 64.928 70.096 60.558 52.706 32.418 27.348 31.105 27.46 26.246 28 25.138 22.702 20.664 17.419 16.683 16.331 16.458 24.997 26.532 19.777 10.78 9.9613
13.574 9.2817 11.846 8.9175 7.8929 8.5177 9.343 10.558 11.542 12.999 12.414 13.669 14.634 10.931 10.987 11.852 13.736 15.088 17.633 23.384 24.463 22.9 24.069 26.503 30.041 35.04 38.608 37.172 35.179 36.593 39.34 45.3 51.978 53.257 49.679 65.241 58.227 44.652 31.506 29.089 27.711 25.021 24.403 24.463 22.402 22.724 21.784 21.946 17.972 14.03 15.151 19.599 17.125 12.279 12.19 11.95
10.664 12.361 10.373 10.454 12.694 17.722 13.249 11.979 13.649 15.376 12.513 14.57 14.006 14.244 13.1 11.623 14.105 16.424 20.306 28.751 25.53 23.989 21.712 22.174 30.36 38.296 37.096 34.97 35.571 39.817 45.516 48.03 42.418 40.088 33.624 47.773 48.175 39.094 34.37 29.297 26.378 26.32 24.894 29.385 29.496 24.966 23.894 21.096 18.938 19.188 15.016 11.232 10.905 15.127 16.911 10.231
14.19 15.781 18.447 17.056 11.86 13.462 12.922 16.655 16.405 17.036 16.081 17.687 14.988 12.983 14.083 14.866 17.55 18.761 23.218 23.714 22.948 25.543 24.854 24.296 26.037 28.934 35.599 31.568 35.24 34.367 33.504 46.769 47.69 39.761 38.414 51.49 50.7 43.435 31.825 23.666 24.424 30.197 26.323 22.897 19.922 22.94 19.587 22.975 19.249 19.367 18.981 11.258 11.966 15.061 18.289 12.356
20.31 18.965 20.616 26.426 19.4 17.186 20.037 17.037 16.81 17.267 18.315 21.447 19.248 19.481 18.224 20.028 22.118 23.545 23.464 23.385 21.935 24.61 25.171 27.629 25.482 23.239 31.095 29.335 30.339 31.796 29.327 30.527 46.3 37.023 39.749 52.113 57.632 48.801 35.922 27.333 25.863 24.12 21.727 21.657 23.626 23.931 20.281 22.422 24.349 20.559 18.941 14.851 12.138 13.058 14.66 10.029
27.036 18.702 24.216 23.686 25.349 23.971 24.85 22.322 18.074 20.042 25.837 26.145 27.33 28.843 23.724 24.928 21.044 26.134 35.013 30.957 24.172 22.116 25.363 26.916 23.615 20.602 21.564 27.097 30.103 34.723 24.774 23.004 38.468 34.567 38.143 45.471 47.441 39.956 37.851 36.918 26.965 25.719 27.092 26.95 28.64 25.162 23.435 23.807 20.397 22.668 19.817 18.754 21.562 16.386 14.742 10.306
24.316 25.863 17.153 22.465 24.892 24.994 26.818 28.555 25.119 27.602 27.463 29.099 29.26 27.578 28.324 27.582 23.138 34.623 43.627 30.539 25.367 20.435 21.98 29.257 28.368 26.615 22.685 24.59 27.324 32.251 23.398 27.388 51.72 31.006 38.124 40.058 39.261 33.751 36.817 46.252 37.464 37.101 32.797 32.512 28.854 27.377 26.278 30.573 31.356 28.973 30.411 23.228 26.289 16.207 14.35 18.181
29.989 29.866 19.874 23.747 22.023 27.205 36.092 39.778 37.309 33.073 25.623 37.041 40.866 34.032 33.363 30.898 35.478 50.122 40.21 32.636 30.108 27.496 19.957 23.46 32.889 25.49 22.149 20.786 18.909 26.536 22.369 29.896 46.509 27.119 31.238 32.044 36.253 37.732 37.714 32.527 32.585 34.494 37.902 35.303 36.619 26.231 27.931 29.427 28.519 27.958 31.868 25.156 29.247 18.579 14.236 20.096
22.875 24.542 29.874 29.949 27.497 28.265 41.721 47.388 33.263 30.815 31.001 39.748 46.899 44.874 48.534 46.585 36.669 49.885 54.001 42.661 36.031 26.719 22.742 24.575 30.995 28.543 25.023 21.695 16.066 22.537 21.252 31.349 50.344 31.614 27.857 27.32 29.426 44.66 39.19 37.587 36.369 35.085 35.304 38.461 36.573 32.503 27.928 28.558 27.539 29.814 30.707 29.931 37.873 36.635 27.746 27.809
26.768 32.178 33.188 41.491 39.34 32.854 43.72 39.794 31.573 29.751 37.551 41.243 56.513 72.231 60.735 59.236 49.412 47.291 47.039 45.941 38.185 26.65 20.908 24.238 26.721 24.628 21.587 17.609 14.781 13.877 20.275 22.898 33.946 41.806 26.691 24.383 28.109 37.987 38.669 37.056 40.436 44.442 33.23 36.918 41.943 34.571 28.734 36.741 62.358 26.695 30.695 41.438 50.214 51.412 48.12 40.845
60.39 43.584 40.71 57.441 52.289 44.747 38.69 39.216 33.451 29.319 33.353 46.491 63.902 61.422 72.685 73.608 65.22 57.796 62.055 52.907 48.067 29.855 22.872 28.979 29.128 32.451 28.12 23.558 18.073 18.197 19.037 23.982 25.182 29.031 36.263 29.735 28.372 32.625 34.573 42.636 42.618 48.244 37.595 37.892 38.143 33.054 30.899 29.108 30.173 29.354 36.747 47.471 50.282 60.268 38.045 38.344
56.353 46.301 51.27 71.795 70.93 54.538 44.832 41.563 37.26 33.332 35.095 42.173 46.362 60.051 81.98 76.274 64.654 58.717 53.891 53.652 52.294 39.623 28.141 31.363 33.626 37.736 37.08 27.384 23.105 19.712 20.623 25.355 26.85 34.131 46.581 35.53 34.585 28.132 29.305 34.905 43.782 46.268 43.995 38.523 31.777 34.187 30.165 35.771 31.725 35.288 44.559 50.455 46.924 60.136 37.148 42.439
59.897 48.35 53.95 87.649 95.107 65.382 49.142 41.629 34.879 31.099 31.709 43.703 47.427 68.522 80.692 71.747 61.39 61.027 65.631 61.81 50.03 47.812 48.519 42.132 37.622 39.634 47.301 36.63 26.649 24.166 24.851 27.011 28.391 31.549 36.114 31.802 37.27 38.406 40.781 44.708 48.416 45.926 43.411 39.239 30.19 29.505 35.994 44.518 41.794 40.537 48.694 49.028 40.163 45.853 44.32 44.088
73.764 50.689 47.357 76.261 84.871 89.949 63.091 53.074 38.008 38.187 36.942 55.231 52.635 66.512 65.612 60.268 63.168 61.043 69.133 70.247 66.724 59.419 55.29 56.243 48.285 35.481 40.686 41.872 35.417 33.799 35.103 36.334 31.255 32.617 39.429 34.621 35.998 36.8 50.205 54.551 80.073 71.505 37.112 35.051 28.383 29.223 33.271 40.576 40.071 36.563 41.367 45.597 48.822 47.262 53.989 54.93
84.075 75.292 57.483 71.369 76.155 85.839 86.701 80.317 57.259 40.071 59.048 64.703 57.7 57.205 55.498 50.18 51.186 52.083 63.389 57.663 51.166 49.704 49.769 54.709 45.748 43.475 42.291 42.388 47.838 40.696 40.597 42.407 37.523 39.947 45.04 52.725 50.196 50.923 50.821 45.039 46.522 47.204 37.374 31.432 25.959 31.484 36.518 34.76 36.239 35.163 46.767 54.484 51.807 51.111 50.36 53.963
80.369 98.211 77.323 79.003 72.623 72.357 73.922 72.791 53.048 37.673 46.401 57.037 55.594 50.007 49.973 49.88 54.573 54.89 51.477 50.214 55.507 57.735 50.2 54.743 51.677 47.832 43.614 47.798 54.245 48.356 43.749 43.109 41.522 45.927 49.007 63.996 63.479 52.856 49.844 51.086 48.853 45.952 43.216 31.299 26.64 25.583 31.476 31.291 35.52 37.838 43.801 43.994 41.499 45.549 45.92 48.932
90.36 91.06 63.88 68.689 62.945 52.537 60.15 58.063 41.364 32.819 29.932 51.257 57.527 48.085 53.584 57.076 59.412 58.436 56.165 55.486 59.149 67.169 59.902 61.982 63.761 66.214 48.907 59.682 77.165 64.594 47.935 51.521 53.764 52.255 51.599 65.526 79.412 64.617 52.494 49.593 52.152 47.108 41.605 31.044 28.411 26.045 54.682 49.318 47.894 46.546 45.824 51.008 40.734 55.482 55.462 31.495
84.955 77.705 62.621 59.821 55.892 50.746 55.112 57.18 34.746 33.976 48.294 62.09 58.261 51.597 56.796 64.177 73.121 75.94 75.547 69.227 69.227 71.711 73.707 70.777 72.356 66.519 61.596 61.63 71.384 72.183 53.528 56.737 56.438 53.568 55.755 61.157 81.42 73.586 62.81 54.532 53.217 52.714 47.828 45.592 44.175 34.425 54.822 47.753 44.815 45.246 44.995 69.522 58.415 46.279 51.528 42.404
80.965 74.758 64.82 71.528 63.314 56.014 50.758 49.143 49.342 45.877 53.428 65.994 62.422 59.13 67.656 75.7 78.884 89.351 86.341 77.814 74.355 81.159 84.09 84.817 80.667 73.824 65.798 64.357 66.104 66.074 64.234 64.222 65.441 67.176 71.729 78.095 90.838 94.455 83.108 72.107 67.638 82.421 65.932 40.251 58.026 59.116 50.644 34.974 39.345 39.785 41.336 52.272 58.614 62.084 57.384 42.365
92.174 83.553 69.057 68.996 60.478 54.116 52.668 59.882 65.232 56.204 57.125 66.946 65.173 63.165 66.4 75.673 82.387 91.312 91.349 81.145 80.588 94.64 91.617 93.768 99.919 92.275 77.024 71.965 72.394 72.554 66.065 71.977 67.31 69.171 75.492 85.462 92.922 95.07 87.942 79.094 82.183 70.415 61.273 41.923 61.991 61.918 63.386 50.485 45.107 42.169 43.047 60.348 63.092 61.579 62.091 39.58
124.71 99.605 76.757 67.424 59.521 47.516 60.098 61.312 63.974 57.174 56.974 67.77 63.623 72.585 79.055 84.1 91.635 100.48 106.42 88.401 79.261 94.107 98.101 105.71 107.6 102.5 94.173 78.198 80.162 77.909 70.563 71.545 73.606 74.76 75.261 88.586 97.003 105.21 106.25 86.137 79.368 74.944 64.799 42.952 38.817 49.993 59.109 47.326 42.972 45.906 50.664 49.506 60.773 64.893 65 45.569
126.38 118.21 90.106 66.28 49.359 42.11 49.304 50.669 59.22 58.62 54.565 68.135 70.266 84.081 91.646 93.198 101.54 112.24 127.39 117.6 116.63 105.39 93.079 102.33 113.92 119.44 106.82 98.088 87.247 80.895 73.268 74.913 77.315 77.402 79.605 86.955 96.703 106.24 113.32 84.696 75.216 71.735 69.353 49.631 41.473 43.303 53.25 52.797 48.46 41.922 44.328 47.709 48.925 56.607 54.839 37.837
147.37 120.24 93.725 72.439 48.835 38.096 41.362 58.929 64.262 64.337 61.288 75.346 84.874 92.938 90.416 111.1 139.13 159.11 164.33 135.69 129.17 115.29 105.7 106.33 109.32 125.51 109.6 100.43 92.555 83.719 77.17 73.426 75.659 78.813 83.139 95.86 107.75 100.11 93.307 84.698 78.881 75.008 67.44 50.696 56.57 63.215 70.898 66.915 67.026 55.598 57.691 58.992 58.93 54.808 56.381 40.849
143.61 111.82 73.1 64.839 44.289 37.96 48.001 66.866 65.667 60.492 61.579 75.544 88.12 95.32 99.924 131.65 157.27 164.28 161.52 136.8 135.15 118.44 108.98 109.01 108.03 118.07 122.45 115.06 99.391 87.257 79.234 81.713 76.725 80.721 83.163 99.092 96.88 88.146 84.889 87.672 84.88 84.025 72.118 53.805 69.034 75.159 71.363 71.455 74.809 63.322 62.488 53.426 47.326 48.938 44.327 38.427
149.01 117.02 67.579 63.794 42.477 48.337 60.504 67.914 63.61 60.243 70.1 85.532 91.936 100.93 116.74 147.35 178.07 179.76 163.35 142.69 132.95 116.09 105.84 101.39 114.79 136.93 129.52 123.29 111.63 96.362 84.258 83.211 83.671 84.813 83.785 88.018 87.848 83.03 88.383 89.151 81.9 79.868 78.38 68.901 75.805 73.131 78.942 65.782 75.753 72.646 69.213 61.633 53.582 45.263 47.23 26.622
145.62 106.6 70.276 66.789 55.832 55.384 55.614 67.12 69.128 70.535 76.993 91.044 104.56 114.13 131.85 162.83 177.16 193.58 186.36 142.56 123.24 106.31 101.65 108.29 140.84 142.91 130.55 122.28 108.66 102.83 96.643 87.1 94.166 83.268 81.558 86.697 85.498 84.891 87.306 92.57 91.313 81.525 79.251 77.404 76.745 84.804 80.736 85.203 81.817 71.953 67.842 65.083 62.168 49.228 34.38 12.118
160.54 113.22 73.333 80.295 67.438 61.776 49.103 59.181 65.89 66.667 76.599 94.167 111.69 127.96 151.03 188.16 200.6 203.89 186.2 143.16 119.65 103.5 92.533 106.81 148.54 149.37 135.09 118.41 98.89 80.825 80.68 85.22 78.615 83.149 80.404 77.876 84.068 83.273 85.263 91.02 94.858 94.145 91.413 78.323 68.098 70.983 81.265 82.676 69.262 66.266 62.421 71.857 59.197 47.911 25.805 16.406
170.57 111.82 74.628 79.142 70.03 59.008 50.892 54.703 63.044 68.928 75.147 88.566 104.61 128.01 161.78 185.44 194.53 200.29 171.15 128.61 113.93 100.32 100.5 131.01 145.53 148.9 128.46 114.89 93.086 77.93 81.963 81.346 79.887 85.382 82.996 79.973 86.011 89.273 94.354 98.337 98.478 103.88 88.754 73.083 67.502 62.758 79.478 80.741 80.047 75.47 75.794 73.347 67.619 39.374 25.667 14.278
150.34 110.81 62.846 53.325 56.26 68.275 61.73 65.173 63.406 65.397 74.287 94.759 105.06 118.5 148.89 187.51 197.9 187.39 159.2 123.55 117.28 104.8 124.26 137.87 147.86 139.49 117.85 108.68 99.98 89.221 85.848 87.64 75.903 76.137 77.973 83.141 91.355 89.15 89.522 97.382 94.073 93.037 91.865 82.796 72.709 67.917 80.305 89.174 85.146 78.671 79.002 81.017 54.785 26.663 23.743 7.758
157.23 110.59 65.237 60.114 63.073 75.477 62.142 64.335 66.921 63.053 72.419 84.623 93.421 104.81 128.74 171.99 177.33 170.95 172.45 132.76 115.75 107.92 122.42 134.27 148.92 128.69 110.66 109.26 100.6 96.993 93.926 87.594 78.37 81.826 79.029 85.423 93.299 89.806 88.909 98.073 91.442 92.063 93.782 77.772 67.461 73.847 77.686 86.271 81.799 77.377 74.414 64.105 30.438 24.346 19.034 8.8726
150.59 106.01 73.215 64.319 65.736 69.542 58.782 67.821 76.559 72.226 82.221 89.718 89.756 96.647 107.07 137.01 157.29 156.79 156.81 141.77 111.56 115.86 122.37 126.08 131.24 122.45 108.8 96.826 102.18 106.48 99.11 78.926 72.935 73.579 78.722 82.241 83.179 88.893 88.364 101.26 94.284 99.423 93.191 77.755 67.543 71.058 83.719 93.278 89.822 82.675 42.428 31.54 27.554 20.237 17.771 8.1536
135.61 87.573 64.033 66.605 66.634 66.372 59.492 71.884 78.569 79.112 86.871 102.58 99.124 98.879 110.43 126.97 127.2 135.25 136.15 131.46 118.29 126.12 130.44 125.38 117.71 104.92 98.257 93.003 97.532 86.469 72.355 71.023 75.32 76.753 78.333 83.732 81.79 87.348 100.21 106.76 107.46 104.79 96.244 86.234 74.134 70.507 75.879 83.074 78.046 54.931 27.311 26.618 18.963 18.197 17.548 8.1354
142.18 96.885 79.901 102.06 88.888 67.297 66.721 77.304 81.382 90.386 95.636 107.63 106.18 104.52 110.78 116.97 123.77 130.26 130.18 133.21 135.8 147.2 136.49 121.89 111.98 103.44 95.486 94.656 85.519 78.287 70.611 73.989 72.105 71.583 68.851 73.15 79.276 87.382 113.41 109.95 104.99 105.89 93.259 79.92 77.524 71.334 67.833 63.072 34.018 28.172 25.872 20.339 19.672 17.942 17.143 7.0118
125.72 91.466 85.64 96.872 101.66 78.164 76.108 94.741 100.15 96.559 102.15 112.13 117.8 111.11 120.35 147.36 151.64 149.1 146.16 155.14 143.93 134.88 129.62 121.67 117.36 104.62 97.4 87.647 83.285 89.252 88.673 76.245 65.15 67.515 65.211 86.155 121.97 93.57 97.44 114.54 112.99 113.37 91.917 73.95 81.726 76.6 71.821 37.649 25.116 24.14 24.625 20.991 19.184 17.823 17.933 6.3613
107.58 81.711 77.634 75.768 75.378 80.343 79.109 91.761 105.73 101.99 101.4 126.86 128.9 128.72 140.72 142.58 143.96 149.74 154.24 164.31 137.09 126.39 128.44 118.41 117.31 120.67 99.619 90.416 102.21 114.15 84.341 65.042 56.178 61.571 66.38 95.427 205.62 96.435 81 101.86 125.29 108.25 84.156 74.464 77.496 76.405 62.965 33.4 22.329 22.987 20.993 10.08 9.2209 8.4926 7.419 4.4879
106.95 82.737 72.398 77.307 75.592 85.267 89.746 107.78 123.41 120.6 108.81 119.54 135.32 146.61 145.04 141.97 143.22 144.58 143.97 146.25 129.25 133.79 122.97 110.52 115.66 116.78 89.142 85.399 87.978 86.659 83.709 72.659 67.512 63.703 62.776 69.884 81.232 82.784 80.752 97.56 125.96 112.39 88.088 79.637 75.069 71.358 51.769 28.987 21.088 19.426 19.869 11.881 10.88 10.573 9.0531 7.7613
133.47 95.745 84.464 80.829 75.132 94.243 101.58 113.95 124.16 131.21 120.9 134.49 145.74 154.6 146.29 141.64 143.75 146.01 142.44 138.59 133.23 128.83 124 102.41 90.099 87.058 76.604 80.091 93.115 96.208 83.34 74.816 65.707 61.123 56.729 68.801 68.691 84.129 90.792 99.661 110.81 106.11 90.571 80.484 78.545 69.554 45.924 33.101 26.826 21.775 21.686 10.094 11.742 10.077 10.449 5.7532
127.67 101.99 101.06 88.685 76.462 94.073 110.98 127.32 130.23 129.88 134.99 143.05 147.84 154.25 152.01 154.75 155.12 152.91 148.41 149.69 137.06 132.48 130.51 93.762 77.115 82.704 88.141 96.584 110.76 104.81 87.266 81.626 77.141 71.314 65.957 74.266 74.831 84.28 97.216 110.08 112.31 102.34 90.142 84.726 71.167 62.097 44.324 32.416 27.146 25.572 24.148 13.711 11.707 11.492 11.639 5.175
109.25 98.013 99.646 101.75 97.553 96.955 119.09 127.11 125.94 131.29 128.85 123.05 134.05 132.28 144.3 151.27 148.56 151.62 156.26 142.03 143.98 136.05 119.81 100.29 103.47 98.96 104.21 102.37 105.35 116.99 106.78 90.583 81.784 66.812 63.804 66.519 72.061 69.867 108.45 108.51 110.19 113.14 93.229 91.21 76.232 45.634 36.872 18.379 20.889 21.397 18.164 12.559 11.148 9.8855 8.3226 8.4871
113.53 96.028 104.17 106.76 99.279 95.499 120.73 129.9 129.66 131.76 130.98 126.24 138.18 138.99 146.46 162.43 167.48 166.01 160.1 149.75 145.8 136.76 122.3 127.74 122.8 122.87 107.89 90.856 90.776 105.28 98.554 88.783 85.599 87.714 80.461 77.468 76.888 70.916 102.4 111.31 130.69 108.98 92.937 86.138 64.489 42.516 40.773 22.284 24.001 29.237 22.451 13.829 18.808 13.989 12.498 12.012
127.89 111.56 113.98 118.22 113.74 112.75 140.57 134.12 133.82 135.36 147.82 138.72 145.43 143.2 155.87 173.72 178.62 177.71 162.71 157.33 152.53 137.73 128.61 125.56 127.25 116.91 106.87 102.85 107.25 107.65 95.828 93.875 94.447 96.446 85.951 89.819 81.866 76.759 77.335 100.09 128.77 114.49 96.531 89.646 58.143 49.166 45.837 26.679 30.568 28.307 28.056 14.296 12.561 15.554 17.226 14.231
139.95 132.91 133.82 151.13 135.51 121.82 137.54 135.66 131.01 137.17 135.84 140.9 152.16 153.61 180.32 194.3 194.69 188.14 165.34 160.64 165.78 144.88 128.24 137.78 141.84 114.51 119.64 135.76 134.67 113.96 102.58 93.687 101.18 95.31 86.17 92.532 87.839 89.789 83.755 98.628 105.08 104.44 104.82 79.847 58.592 54.365 47.518 26.862 31.4 28.948 31.088 17.785 14.908 17.385 17.99 19.935
141.88 140.28 145.34 152.77 140.39 123.84 124.83 136.06 125.48 133.76 130.05 131.62 152.83 161.87 165.91 176.55 189.24 179.07 163.75 164.9 164.26 145.63 137.76 146.58 156.77 140.79 134.1 137.69 128.04 117.6 99.687 90.801 85.992 90.058 91.731 88.157 92.98 98.555 97.412 95.526 93.458 94.264 86.871 81.275 66.392 62.023 51.828 21.101 24.411 25.647 24.461 16.597 15.508 19.251 23.521 25.011
133.07 130.51 136.57 152.16 138.99 126.91 128.21 145 144.26 142.03 134.61 135.41 150.34 164.87 168.6 176.04 188.46 186.74 171.12 174.21 169.56 154.35 151.83 169.99 171.5 154.19 148.37 150.78 143.07 133.64 116.86 98.836 93.564 96.388 106.83 105.51 116.67 123.1 105.37 105.9 103.62 101.23 79.338 73.627 67.157 67.011 59.797 32.926 29.835 30.03 27.436 20.635 22.026 21.041 25.769 23.79
138.76 137.29 142.77 158.01 129.61 126.2 129.81 154.72 147.32 153.89 151.61 154.42 159.33 159.15 161.36 170.11 175.62 182.21 173.97 178.72 168.67 171.28 164.42 168.88 161.76 156.57 146.17 144.53 136.53 134.1 130.45 119.15 102.45 104.51 113.96 125.35 141.75 144 119.13 117.38 102.7 99.278 79.548 77.281 69.246 71.53 62.485 39.35 42.886 34.341 28 20.279 19.933 23.647 22.873 21.177
