0.81422 0.52783 0.75673 1.753 0.95694 1.0694 1.3234 0.84306 0.907 0.81537 1.3475 1.9323 2.999 2.4171 1.8243 1.8183 1.788 2.3109 3.6396 4.4506 6.3052 8.0851 9.552 9.2036 10.856 15.162 15.181 23.517 27.428 29.061 25.092 23.62 26.518 20.826 20.328 21.809 23.274 24.885 28.499 29.322 27.336 27.213 22.642 18.359 21.669 16.317 14.013 11.989 10.106 8.6585 7.8126 6.314 9.7153 12.615 5.9166 3.5029
2.497 2.4457 2.0556 2.5157 1.544 0.93628 1.1992 1.0766 1.1043 1.3904 1.727 2.3556 2.9218 2.1806 2.0694 2.662 2.9381 3.2048 3.3798 5.0703 6.2674 7.2192 7.9194 11.199 12.475 18.043 20.139 22.474 28.503 25.561 24.494 24.58 24.689 20.61 23.437 25.855 23.538 24.617 26.253 28.649 28.531 24.124 22.282 22.648 18.536 14.447 12.998 13.053 12.847 9.4898 6.7635 4.4642 4.5477 5.2335 4.0113 2.6825
9.1715 3.4182 0.90871 1.5098 1.5732 1.5272 0.93577 1.7873 1.684 1.8308 2.2741 2.8987 2.5138 2.3943 2.4715 3.0853 4.6175 3.4871 4.0508 6.6662 6.993 8.9414 12.076 11.494 13.052 16.607 24.949 25.644 22.816 22.613 20.534 23.436 28.957 27.699 29.409 28.501 26.359 26.969 26.655 29.068 30.488 26.378 29.665 24.173 20.266 17.213 18.31 14.716 10.109 7.6718 6.9655 5.096 5.2084 4.3867 3.3473 3.2752
2.9406 2.0214 1.1409 1.1946 1.3173 1.2462 1.1151 3.0751 4.5473 3.1081 2.8612 4.5305 3.806 3.1076 3.3985 3.8363 5.2633 5.8594 5.1878 6.9864 7.064 9.9925 10.864 12.444 12.915 16.946 25.578 25.813 21.091 24.309 20.546 25.051 31.599 32.872 35.092 31.298 30.993 31.335 24.967 25.31 31.497 39.342 36.06 27.337 22.67 24.268 45.02 15.113 10.668 7.5399 6.1395 4.6272 4.9662 4.2995 3.3798 5.1251
1.6403 1.5734 1.0438 1.5254 1.3636 1.187 1.1706 3.1767 4.8089 2.9329 2.303 4.5162 4.7327 3.5922 2.9183 3.9334 6.0603 5.9463 5.5348 7.4751 9.7109 13.453 12.457 15.043 17.437 18.76 19.317 22.155 19.137 21.346 25.612 27.066 32.196 34.558 32.764 27.932 30.852 26.957 24.728 26.244 34.833 38.065 32.368 25.373 19.914 16.723 17.081 12.34 8.8344 7.0496 6.4624 4.5525 3.8756 5.8102 3.8538 3.6502
2.8846 1.934 1.5589 1.7606 1.6381 2.4282 1.6182 2.8128 2.8837 3.0135 3.2579 3.7233 5.7119 4.5844 4.262 4.8721 5.7457 7.0821 9.1094 11.316 18.154 15.858 17.022 20.723 19.118 19.59 23.266 21.498 18.975 19.53 28.208 28.477 29.08 32.426 28.061 24.443 26.292 24.091 25.128 26.853 33.03 29.564 22.821 19.453 16.225 13.462 10.906 9.1646 7.8674 6.3989 5.4015 4.663 5.7165 7.206 6.4869 3.992
3.3106 2.9485 1.7433 1.9462 2.1719 2.0293 2.8367 3.3543 3.2828 3.6225 4.5275 4.7855 4.9817 5.4057 4.8785 4.6296 5.7063 6.1983 8.9092 10.966 17.727 15.843 19.851 22.064 25.045 26.044 24.006 20.227 22.936 21.974 22.151 25.303 22.865 40.41 26.346 23.725 23.719 21.317 21.449 24.451 28.271 23.934 19.364 16.587 13.317 12.666 12.05 9.5142 6.787 5.9064 5.4626 6.2357 7.6832 7.5167 6.6074 5.7946
4.1833 3.4524 3.1965 2.3317 2.1196 2.0487 2.8363 3.8562 4.6269 5.0284 5.4407 4.6686 4.7052 5.0296 4.6948 4.5771 7.1403 5.9013 7.2244 9.7847 13.245 15.189 16.133 15.838 17.838 20.636 15.544 17.636 18.03 21.863 25.697 22.342 21.008 34.477 28.477 27.064 27.325 23.169 21.547 19.393 19.341 20.169 17.553 12.249 13.532 12.852 11.985 10.976 9.0488 4.7332 4.1237 7.4032 5.7067 8.7506 10.68 9.8533
5.3136 4.9042 4.3524 4.1674 4.3432 3.9198 4.674 5.1865 5.2106 4.6387 5.2759 5.2927 4.5566 5.1644 4.6249 7.4077 6.2095 5.4048 7.917 11.185 13.063 14.594 15.11 12.813 17.445 15.069 12.854 16.128 16.85 16.798 24.103 22.753 20.757 28.621 27.246 26.874 25.643 21.78 20.199 16.574 18.746 16.512 13.052 13.126 13.099 13.152 8.7491 9.3339 7.6478 4.403 5.2758 7.1596 5.3147 6.6041 5.5791 8.4375
7.1948 6.634 6.9112 8.4351 9.7457 6.5435 6.4508 7.6425 7.3646 6.009 6.0932 5.2348 3.6969 3.4666 3.6267 4.491 5.9404 5.9262 4.334 7.1587 9.8239 9.6097 16.251 13.455 14.27 14.376 12.699 14.13 19.753 20.277 23.613 21.764 21.16 21.171 19.76 20.338 19.924 17.747 17.839 16.758 16.071 14.155 13.874 13.539 14.135 11.197 8.517 10.348 6.9279 4.0124 4.2084 5.1637 6.2653 4.3276 3.6198 5.546
9.8165 10.294 10.819 11.268 11.686 7.8825 7.0533 8.8093 9.6016 8.0042 6.678 5.9141 4.7757 4.4778 4.1996 3.9692 4.4787 6.0823 4.2133 6.0522 6.6617 6.3274 8.6847 9.823 11.279 13.026 13.957 15.079 19.168 21.225 20.78 17.96 20.473 16.513 18.601 22.769 19.702 16.002 18.124 15.572 15.353 13.254 11.883 12.813 13.403 10.479 7.5366 8.147 5.9732 4.6338 3.9473 3.3926 5.241 3.1121 2.9845 3.5282
14.429 18.013 14.524 17.308 13.317 12.398 10.447 11.043 9.602 8.625 10.664 8.9778 6.5954 6.0213 6.1489 7.5121 5.6732 5.4338 4.2017 4.6511 4.2947 7.0609 6.8008 8.5474 12.061 12.244 14.439 13.056 13.948 11.233 14.156 17.066 16.981 17.669 17.348 24.452 21.952 17.129 22.298 18.271 15.335 12.829 12.388 12.949 12.123 8.0096 7.0592 7.7168 6.4541 5.4196 5.1018 4.0626 3.9412 2.6464 3.4314 3.9194
16.63 22.203 21.183 21.318 19.302 17.132 17.626 11.741 10.988 9.7942 10.594 10.61 8.7253 9.1624 12.723 14 7.6579 6.0082 4.1977 4.3263 5.2429 9.5296 9.3139 7.7892 7.4304 7.6583 11.034 11.672 10.322 9.8775 11.451 14.919 13.274 11.374 12.158 19.31 23.987 18.517 18.542 20.275 14.872 12.792 12.827 13.522 10.685 7.8428 7.7451 6.6151 5.7445 5.2929 4.7092 6.5021 3.8648 2.4136 2.3317 3.4954
20.855 18.035 24.743 29.612 23.516 24.26 23.424 14.154 12.331 13.125 14.537 13.907 10.53 11.833 15.506 14.288 11.037 8.2988 5.6303 4.8932 10.256 9.4797 9.0449 6.49 5.9678 5.975 7.5934 6.1456 8.2417 9.5862 7.9859 9.84 12.258 12.248 12.255 16.202 23.322 19.727 16.782 16.403 14.336 14.656 13.144 13.388 11.739 10.145 7.3589 6.1793 5.523 5.7005 5.0512 6.1451 4.2397 1.982 1.9473 3.3249
34.366 25.066 28.076 34.059 31.097 28.351 27.871 20.751 15.811 14.831 19.468 15.331 14.357 17.794 14.759 13.327 10.295 9.9226 15.319 8.7412 7.3984 9.6746 8.3017 7.6763 6.7258 6.1428 4.2556 4.8366 5.7169 6.0966 5.4684 7.9944 12.503 14.634 11.158 16.921 19.973 17.689 17.183 18.637 16.491 14.153 15.343 13.744 12.719 10.753 9.5591 6.1046 5.3144 5.9061 4.5067 6.0386 1.9501 1.7366 1.7956 3.2859
49.5 40.059 31.771 32.545 37.521 38.447 42.248 31.171 25.972 21.13 18.534 20.086 22.037 22.748 21.751 13.305 12.213 14.646 22.353 7.9605 8.8263 11.363 10.142 9.5646 9.5249 7.7251 6.106 6.1076 3.3225 4.98 3.5293 9.0378 8.3709 6.0288 7.4164 11.438 14.899 14.724 13.481 15.489 14.114 13.866 15.525 16.247 12.453 10.171 11.642 9.4109 5.3546 2.9236 3.1626 2.547 1.6012 1.5783 1.4585 2.6863
42.976 36.035 42.133 48.387 59.161 50.536 43.169 32.088 31.391 32.617 20.457 23.823 24.413 25.317 25.481 14.15 13.247 15.24 13.222 12.076 17.432 21.535 13.405 12.598 12.597 9.92 8.68 5.9035 3.3755 4.2742 3.6407 6.3472 7.1314 5.1708 5.6856 10.02 11.783 11.105 11.273 13.78 15.939 15.333 16.757 16.757 10.508 8.5695 9.4329 8.1156 5.4569 3.362 2.7668 1.3631 2.0972 2.2889 1.9783 2.7413
55.904 44.742 50.88 54.403 53.018 43.696 48.99 40.959 31.492 29.26 24.599 26.103 24.513 26.055 27.204 19.445 17.431 16.298 16.019 17.275 18.643 19.074 15.092 12.5 14.482 12.225 10.312 4.5606 2.5008 5.4287 4.2257 6.785 8.8933 7.7557 6.3718 6.9168 9.2448 10.38 10.484 10.983 12.084 10.409 13.907 19.52 14.345 9.6169 5.8512 4.7644 6.836 4.4019 2.9349 2.7002 1.2042 1.933 3.046 3.0475
51.637 57.799 59.385 69.904 69.98 48.186 69.304 59.461 42.332 33.998 36.237 33.483 30.871 33.809 34.03 24.828 22.118 18.79 24.716 26.525 26.465 21.676 18.369 19.589 13.919 11.258 10.271 5.2228 2.9881 4.1774 8.3286 7.1668 8.3431 7.5939 7.1003 6.6807 7.6359 8.1926 9.2131 9.241 9.2536 10.75 10.166 14.271 16.625 7.7524 5.5991 6.1659 9.4465 3.7373 4.7956 6.4397 2.1327 2.5631 3.5424 3.4829
80.842 85.155 72.841 69.274 69.456 59.397 65.682 54.847 53.792 41.301 40.862 43.046 41.682 38.823 39.317 33.803 30.562 27.276 28.978 32.444 25.521 23.431 19.137 18.365 14.544 11.269 9.686 6.1262 5.2011 5.5043 8.43 7.4747 6.4631 6.8379 8.2265 8.5453 8.9281 7.5795 8.7712 10.279 9.9189 9.8382 9.6688 9.9153 10.478 8.5727 7.5902 6.1355 5.7899 5.3437 5.3676 3.7012 3.4415 9.4079 5.4766 5.8591
92.983 99.005 91.996 76.899 73.995 72.316 69.553 62.35 56.517 50.191 40.15 46.375 50.333 43.423 45.2 46.958 39.286 30.376 38.312 37.395 33.374 27.034 25.377 17.319 16.916 11.036 10.205 7.1842 8.0135 6.7531 8.2331 6.8354 6.6631 7.684 9.8204 7.0924 8.5172 7.5231 8.3489 10.45 9.7676 8.2445 8.027 8.2782 7.2803 7.9553 6.1442 5.126 6.0496 7.1483 6.4652 5.9731 5.1749 14.716 7.2705 7.1776
114.47 110.3 101.66 86.461 95.514 94.534 83.302 68.576 69.465 47.502 29.023 37.852 44.806 34.554 44.32 55.844 48.081 50.422 42.435 38.14 31.297 25.115 25.003 24.165 18.897 14.797 11.478 11.155 7.9033 7.4462 7.7409 8.9801 9.4133 8.4006 7.4749 6.8889 8.3621 8.0813 9.0155 10.773 10.266 8.7843 8.5804 7.4297 6.9112 6.771 5.1946 6.4275 6.0676 6.1554 10.838 9.24 5.8571 6.6178 7.3952 6.1138
111.15 114.52 102.79 81.75 86.329 88.808 89.689 85.227 63.073 47.427 36.117 37.996 39.253 38.719 50.109 45.2 46.947 57.541 52.243 49.933 44.937 34.432 28.927 24.703 26.307 17.955 13.191 15.255 11.526 9.929 9.042 13.547 9.312 10.662 10.609 7.8662 6.9048 7.8797 10.194 11.711 12.946 14.257 8.1027 7.6666 6.8757 5.5301 4.5908 5.9257 5.9005 6.9007 8.9847 7.5874 7.7079 5.4421 5.1831 3.9655
95.997 100.83 98.971 87.891 74.644 82.672 89.834 82.271 60.401 42.878 29.352 28.022 34.171 33.452 41.552 33.356 32.318 37.979 47.008 38.478 38.247 31.559 25.531 28.96 28.772 23.091 17.664 17.88 18.767 17.995 16.126 13.749 11.894 13.584 13.006 9.6795 8.7268 9.1529 9.5404 10.676 8.8177 9.1959 8.0762 7.4053 5.9562 4.1041 4.2181 4.4809 5.1981 4.8379 5.2806 5.7292 4.9237 2.8191 3.3152 2.2329
102.05 94.857 81.176 79.277 58.731 58.406 70.03 71.684 44.525 31.908 33.104 30.247 46.061 39.913 38.235 33.902 27.59 29.869 31.978 36.584 37.06 34.685 30.615 32.178 32.059 26.457 22.414 20.936 22.884 20.872 21.815 15.852 14.465 16.483 14.966 12.203 10.279 10.168 10.227 9.1666 9.821 11.59 7.7071 6.0355 6.8905 5.2137 3.7764 4.0149 3.293 3.3563 3.7942 5.0741 3.5542 3.3201 2.899 2.5588
98.824 95.559 86.189 94.974 77.856 67.452 62.934 55.821 33.945 24.59 28.765 48.036 64.442 54.426 52.708 50.568 39.138 34.307 29.318 31.176 37.448 47.976 52.728 39.662 40.782 44.988 26.484 26.249 40.963 32.436 22.501 17.889 18.201 20.219 17.265 12.896 12.712 12.198 9.7566 9.043 9.2958 8.7847 8.1258 5.0499 3.5346 3.2932 11.868 5.8743 4.2458 3.3158 3.1871 5.0721 3.0768 5.6243 10.108 2.4803
108.55 95.003 78.625 98.165 95.661 71.37 57.187 49.087 38.153 29.087 46.388 74.783 79.445 71.742 62.958 60.447 53.049 46.451 41.153 52.758 55.486 68.813 71.063 52.941 47.376 41.886 32.784 33.167 40.396 35.368 23.675 18.608 20.148 19.536 18.334 14.582 14.752 16.008 10.925 10.356 10.155 9.0981 7.5602 7.297 6.1931 2.3854 6.8697 6.1496 3.1051 3.3799 2.8899 12.13 10.474 9.5278 10.685 2.3112
116.14 112.39 80.802 92.344 88.089 88.348 68.569 58.441 55.09 50.749 74.405 104.97 87.811 78.145 77.002 83.687 68.501 56.502 54.236 56.946 59.34 63.447 80.815 62.723 52.689 46.228 48.204 36.922 32.779 31.77 28.538 26.167 24.13 23.627 22.189 20.369 21.002 20.314 18.444 15.22 16.833 17.135 11.429 5.3692 11.165 11.988 4.6741 3.1459 2.5169 2.582 3.0343 5.8908 11.99 13.73 9.3318 3.6052
121.95 99.22 83.006 96.621 85.507 74.817 70.36 65.198 66.165 58.431 79.883 96.147 75.427 75.353 75.868 81.762 75.119 70.728 73.144 58.995 55.275 63.771 83.222 69.364 58.774 57.24 47.856 40.179 37.544 36.869 31.936 31.6 28.17 25.011 24.626 23.298 23.031 23.096 22.052 17.771 16.337 13.385 10.369 5.5257 11.883 11.657 10.9 2.858 2.7365 2.7225 2.9132 7.901 11.676 12.239 13.555 5.68
124.36 104 95.825 91.66 80.065 59.412 72.803 57.344 55.667 57.523 59.916 72.437 71.924 69.566 71.526 67.407 65.048 63.904 61.855 61.177 51.362 50.148 55.072 54.11 61.357 59.453 56.065 44.055 39.613 38.933 33.26 31.623 29.533 28.022 28.43 25.49 27.016 27.34 27.4 19.364 16.244 13.585 10.841 5.9221 4.5224 6.0352 8.6217 3.0559 3.5034 2.8226 2.8484 3.46 7.91 11.286 13.091 6.0228
121.1 108.3 104.94 86.327 67.05 45.317 49.606 48.311 50.893 55.684 60.964 70.377 68.04 64.561 66.545 66.618 69.885 80.735 71.335 63.784 61.51 61.641 48.361 56.363 59.243 61.695 63.823 56.755 43.912 40.309 34.503 34.409 33.01 30.763 28.781 26.618 33.135 28.949 27.213 19.955 18.232 14.237 10.942 6.5425 3.8719 2.7336 3.1455 6.1522 4.6233 8.3728 3.3801 3.434 4.1589 7.0785 8.0053 6
117.21 111.97 108.35 85.476 56.754 52.408 52.733 68.099 72.366 75.236 82.307 83.535 81.661 83.109 80.317 92.681 107.35 109.71 92.878 61.887 63.164 62.858 55.387 59.322 62.403 65.353 69.919 66.289 56.067 45.848 37.851 36.753 34.394 35.358 37.007 37.265 48.005 31.689 29.81 19.528 16.979 14.813 10.133 4.9438 3.4871 1.788 2.4296 4.7622 6.1669 13.014 7.8308 4.167 3.6595 8.9452 4.1289 4.5921
127.23 116 86.97 67.513 55.957 49.48 63.84 93.83 89.94 80.923 88.037 85.169 89.494 94.449 94.404 120.47 124.01 114.51 97.934 71.918 59.263 54.087 58.663 66.243 69.217 74.813 71.171 69.684 59.325 48.873 41.361 40.15 37.432 39.719 38.805 40.755 38.007 33.891 29.3 20.809 16.283 13.749 10.54 4.9436 4.7307 2.9359 2.2937 4.3154 4.2658 5.1587 8.2084 7.6537 4.469 4.048 5.0889 5.2351
158.24 114.13 71.489 68.395 59.629 53.422 79.084 95.33 88.353 79.741 87.143 93.029 101.6 110.81 111.99 131.53 137.75 118.07 110.02 77.518 57.767 53.075 61.363 67.278 76.253 82.445 84.815 74.835 67.453 58.616 47.798 43.277 42.617 41.772 37.875 37.751 34.062 32.742 28.09 18.131 14.617 12.359 10.261 5.795 4.5474 3.3843 2.722 4.908 5.1119 4.9043 5.7937 5.1058 3.8922 2.5059 4.9159 3.8037
145.14 108.8 82.573 83.456 72.295 76.26 78.764 83.611 89.47 80.754 86.581 103.73 113.64 111.06 126.76 158.88 150.22 144.67 120.73 83.464 63.101 54.834 56.403 70.608 84.981 89.92 90.575 80.081 69.967 62.628 56.907 50.337 51.138 41.528 36.44 41.208 34.646 31.321 27.863 18.879 16.539 12.908 10.806 6.3668 5.6956 3.8179 4.7278 7.8358 11.008 9.803 7.8568 3.7545 3.7178 5.72 3.2088 1.3122
156.24 133.13 102.63 100.57 93.347 99.232 88.883 90.884 98.039 95.114 94.927 110.82 126.63 134.52 145.53 164.01 162.04 138.59 112.06 85.043 67.704 61.504 70.939 71.073 97.415 103.37 99.467 87.996 77.339 63.573 58.62 50.211 43.172 42.244 38.565 39.847 36.685 28.371 27.816 25.073 16.701 14.525 12.701 7.7938 4.9972 6.5969 5.3672 7.6222 8.4048 6.153 5.3875 6.5387 4.4031 5.8665 1.6402 0.4794
167.81 130.02 90.153 101.48 98.253 107.64 100.2 97.537 90.988 95.226 99.228 111.41 129.79 139.12 152.64 164.79 156.33 140.85 107.13 84.269 65.661 62.322 64.547 82.606 100.82 93.364 94.834 89.891 72.781 66.564 61.795 49.695 43.054 36.258 36.453 35.386 36.554 29.679 31.256 24.01 21.467 15.633 14.34 13.265 7.534 5.619 5.6239 7.6216 7.3894 5.8408 4.3723 4.4367 9.1662 4.2679 1.5261 0.28751
161.31 134.34 79.127 84.21 95.525 109.73 121.94 108.89 95.769 98.013 103.09 110.19 114.48 115.66 129.68 142.28 138.28 131.38 101.8 81.27 72.985 68.005 75.773 82.433 94.783 86.756 82.459 80.154 73.766 66.285 60.17 49.356 42.123 38.174 38.693 39.645 35.497 27.437 28.279 22.946 19.432 16.296 13.866 7.6987 4.6385 3.8706 4.4935 5.8746 8.1416 12.912 8.9265 9.8044 5.8926 0.81665 1.6519 0.62432
176.72 140.5 79.745 93.891 93.901 106.77 117.19 111.65 96.173 93.259 108.54 110 107.95 99.917 117.16 118.74 123.22 116.04 107.52 87.84 72.616 77.243 88.569 84.085 86.095 86.316 84.576 82.519 75.053 71.734 57.947 48.924 41.868 41.591 42.341 42.826 40.973 30.528 24.837 23.636 25.933 18.151 13.536 7.1934 4.8329 5.36 6.3139 6.6715 9.0171 8.1985 10.114 6.4179 2.1602 1.1259 0.90146 0.7076
184.44 147.32 91.94 95.676 96.409 103.97 114.63 108.62 99.723 92.347 92.644 98.734 99.048 92.743 94.953 95.97 97.619 98.842 89.616 84.447 68.372 70.4 84.012 86.511 80.359 79.918 72.067 72.675 74.08 62.245 56.909 50.253 44.916 43.503 38.591 39.022 37.875 27.66 23.801 24.227 22.141 18.846 16.507 11.645 10.147 10.011 10.196 6.9198 7.4784 8.6098 4.6716 3.6703 2.8766 2.4285 2.3362 0.015172
186.47 118.48 94.308 97.223 107.83 116.83 112.75 117.13 113.05 106.74 99.239 94.175 100.31 87.696 86.748 84.459 78.369 84.861 92.399 78.859 70.253 74.341 82.489 89.202 82.277 81.075 67.738 65.381 62.391 59.557 51.848 49.109 44.613 41.867 35.822 34.325 32.634 28.122 26.63 27.915 23.614 19.976 17.205 13.502 12.795 12.377 12.687 9.2345 9.3716 7.869 3.4551 3.2045 3.0913 2.6558 2.4159 0.012573
180 124.73 98.052 122 126.41 122.67 128.01 129.33 113.09 113.52 116.02 105.54 102.44 88.523 83.875 87.365 88.342 81.978 88.121 88.467 87.569 102.14 95.426 96.86 102.56 78.517 68.281 59.881 60.416 54.504 53.964 49.023 47.676 40.928 35.687 32.292 31.592 30.02 31.112 27.031 23.053 21.584 19.617 14.236 14.252 14.198 11.646 8.7765 4.9551 4.6009 3.4968 3.4127 4.2872 3.8555 4.0545 2.1904
172.74 124.15 99.801 119.57 132.89 128.47 133.59 135.72 126.45 116.69 119.47 116.14 98.952 107.84 105.79 105.14 105.25 102.92 98.622 99.101 84.296 94.424 98.3 106.34 100.06 88.206 70.107 59.853 57.617 60.525 62.956 49.158 45.405 42.359 39.193 41.824 54.859 39.772 35.797 29.695 25.243 23.794 22.542 16.649 14.552 14.954 15.776 7.854 5.1227 4.4254 3.6732 4.764 3.8571 3.063 3.838 2.303
156.43 123.8 97.579 110.12 119.01 116.49 124.47 129 128.68 122.5 115.6 118.66 109.3 121.83 123.34 110.74 103.81 118.38 108.06 114.71 96.663 88.804 88.501 96.598 99.288 80.188 65.652 54.923 56.558 62.705 52.652 45.09 46.366 45.815 47.906 59.265 117.27 46.673 33.09 33.278 29.228 26.373 25.963 21.134 16.501 14.672 15.33 8.7612 7.9722 5.212 6.3156 3.1845 2.009 0.88224 1.3942 0.68096
158.2 139.22 104.12 106.1 107.49 122.81 116.54 138.44 149.18 136.68 133.88 132.41 135.32 127.7 130.76 125.68 114.45 117.61 105.76 118.01 107.76 92.986 92.827 102.8 111.17 89.53 72.023 55.251 54.501 54.076 48.264 53.72 51.927 53.865 50.509 48.56 47.883 42.075 34.584 34.667 32.473 27.939 23.49 21.759 16.734 18.543 14.522 7.8389 7.3007 6.8982 7.7007 2.6214 1.584 1.0301 0.91851 0.35565
178.13 152.05 123.76 123.98 117.45 133.94 127.9 142.73 159.25 150.08 143.48 130.47 148.57 140.63 134.95 131.65 118.64 116.22 106.81 114.07 104.56 98.221 86.925 93.903 91.936 82.318 54.815 56.534 53.444 53.285 53.298 60.923 53.681 46.822 42.295 41.194 39.323 45.518 40.067 39.731 38.215 32.644 25.142 22.859 18.685 19.659 11.948 10.108 9.1778 8.1731 6.3329 2.1181 1.3087 1.3497 2.4141 0.34013
169.48 150.22 135.13 112.79 104.3 122.87 125.64 133.99 161.19 166.82 159.88 141.2 150.75 148.02 138.44 133.41 125.95 121.87 115.25 110.45 107.78 102.58 88.496 78.145 79.691 73.6 65.723 63.828 64.746 68.241 61.537 66.116 63.044 55.864 53.284 50.02 44.347 43.849 43.669 40.144 36.008 34.288 26.311 26.917 20.486 15.923 12.361 9.6782 9.8821 8.9422 6.5466 5.3391 2.9222 1.9369 2.3171 1.5666
139.51 141.94 131.16 119 107.05 103.12 112.27 128.88 146.52 145.73 136.23 135.98 138.96 153.85 137.3 131.88 123.37 125.98 133.56 118.14 106.06 105.91 98.662 80.942 84.06 77.838 78.902 75.404 78.492 77.614 75.308 81.017 71.881 66.473 62.309 54.499 50.769 44.867 47.069 47.655 36.87 36.05 30.882 33.502 27.741 16.964 14.06 8.5574 10.132 7.2597 5.0727 4.9357 3.8999 2.9916 1.5194 2.1284
128.62 123.16 126.1 126.4 111.94 100.14 118.23 129.86 130.64 129.03 133.53 127.62 131.38 139.69 143.74 141 123.42 137.67 130.84 119.55 119.9 107.57 104.1 96.475 84.898 93.097 83.062 78.49 85.126 92.138 90.753 90.685 77.343 74.397 75.559 68.806 60.452 44.476 47.85 43.474 43.649 38.749 35.291 36.243 28.642 18.03 16.634 15.523 8.4205 6.9716 4.7223 6.4935 4.3416 5.4275 3.9563 3.1515
119.46 112.39 122.48 121.85 103.76 98.605 110.64 110.51 117.76 119.36 128.46 120.68 123.69 125.94 141.31 151.68 133.26 140.54 130.67 126.59 126.86 116.82 105.4 96.39 104.17 94.852 84.062 85.23 90.87 95.625 92.473 85.693 86.429 79.702 77.868 72.029 63.85 52.07 45.918 46.444 43.777 38.141 39.291 34.114 23.935 20.572 19.98 14.143 10.19 9.0229 7.951 8.088 5.9117 8.1414 7.8179 6.3896
133.55 131.04 125.26 114.14 108.15 83.114 100.71 103.76 113.78 114.11 122.53 111.68 122.81 130.86 146.54 167.67 155.31 146.78 128.57 124.27 123 118.54 116.49 111.65 107.99 102.63 95.551 104.52 104.42 101.18 91.096 86.877 92.022 86.124 84.133 80.232 66.354 58.742 48.807 49.874 47.568 40.873 39.726 36.59 28.35 27.34 26.012 23.115 16.713 12.11 12.285 11.183 8.0189 8.5003 7.7696 6.8828
134.04 127.92 134.77 113.14 105.3 87.478 85.153 92.197 100.17 110.33 111.02 114.39 119.63 126.96 135.63 152.08 158.55 141.83 133.64 126.72 117.34 111.22 104.19 104.12 104.78 90.176 88.25 103.01 97.642 91.69 89.366 84.655 84.981 85.792 80.06 78.256 71.586 63.282 49.477 52.116 44.538 42.279 38.897 39.999 32.948 31.332 31.418 27.867 22.27 17.184 16.435 8.7262 7.5264 8.2991 7.9311 8.4999
140.63 128.91 128.83 117.3 97.329 96.777 95.065 116.13 107.91 105.67 100.6 107.04 116.05 119.04 125.3 137.79 137.45 131.85 127.8 120.3 113.2 108.61 102.21 114.03 103.85 96.014 97.669 112.07 111.14 93.482 97.321 97.447 92.641 87.822 82.411 90.457 81.791 74.361 58.613 55.437 49.275 43.34 39.454 40.361 32.648 30.446 31.243 33.325 26.144 21.144 17.66 10.269 8.5081 9.5091 11.494 9.7168
146.65 129.42 112.7 100.96 90.341 88.113 93.632 111.03 109.81 110.06 114.56 109.03 109.65 115.82 129.98 136.8 134.63 131.26 122.82 125.93 125.45 118.51 109 115.01 108.07 103.15 101.41 101.94 102.34 100.93 101.37 99.799 97.684 99.966 99.369 116.48 103.52 95.131 70.182 65.565 53.41 46.119 43.815 42.546 38.104 33.067 38.423 43.656 30.054 26.993 24.261 19.648 14.872 13.55 12.881 11.856
