110.24 101.27 92.483 96.183 99.402 104.91 105.26 130.74 104.25 96.35 95.983 139.28 115.14 103.56 105.15 107.04 101.81 130.49 126.84 117.93 100.5 91.911 85.171 110.29 122.62 126.1 127.67 149.08 144.96 129.97 132.56 146.53 160.79 153.42 138.94 141.59 128.18 126.24 115.39 96.461 56.601 58.731 57.028 78.126 79.584 77.299 81.576 85.466 87.005 95.094 85.212 70.661 64.629 53.54 55.036 51.756
120.02 114.07 109.06 99.494 94.326 99.665 110.33 117.96 100.22 88.309 88.107 126.38 119.39 97.718 108.35 105.97 107 121.47 126.7 106.39 86.354 83.114 87.412 112.06 117.11 115.76 108.57 135.43 130.53 115.69 111.21 135.56 144.45 145.95 137.59 141.67 132.59 132.14 106.58 94.908 67.471 64.242 72.607 75.959 74.617 64.654 69.064 86.77 96.441 86.175 71.89 56.25 54.617 41.983 41.894 44.686
122.94 123.12 112.04 96.681 94.542 91.855 98.213 107.53 94.689 95.178 92.39 142.54 114.62 106.17 113.13 125.95 115.97 123.24 122.09 100.26 91.899 85.007 85.978 115.86 120.6 117.67 109.64 135.66 127.79 114.48 97.917 117 132.46 147.96 147.78 152.79 131.61 114.47 93.987 96.649 92.951 89.379 79.056 76.105 76.379 60.285 67.816 82.086 81.247 69.615 58.992 39.414 37.054 24.977 24.116 22.606
125.26 115.96 112.13 106.54 102.46 91.229 96.337 102.04 91.487 100.92 107.03 119.44 96.401 102.91 127.94 145.94 125.66 127.05 101.97 109.1 95.323 85.785 91.86 111.03 116.5 103.02 107 121.61 114.15 114.03 101.64 119.97 133.58 154.34 168.62 163.27 128.47 98.722 75.385 91.085 93.725 106.62 90.242 102.21 82.275 53.177 67.654 69.452 67.387 59.201 46.715 39.938 34.754 24.555 19.41 18.013
109.38 117.71 105.23 99.422 97.161 95.701 93.913 98.936 93.306 98.864 106.5 103.58 88.691 96.359 115.9 147.63 132.74 118.8 102.58 120.72 108.32 87.564 96.506 110.82 105.94 93.508 84.007 106.66 102.89 97.724 94.949 111.08 121.28 147.09 131.25 130.5 108.37 69.756 52.985 70.821 85.165 84.219 78.997 90.302 69.213 61.067 60.432 50.283 54.45 52.124 39.37 38.574 33.167 21.002 18.943 13.121
106.06 106.92 109.28 110.63 99.486 91.804 89.76 91.981 95.288 112.83 107.74 99.405 88.688 91.206 120.56 149.84 125.09 123.52 107.02 116.72 101.8 85.177 95.126 102.3 100.67 85.439 85.205 95.086 91.519 82.095 81.362 93.622 98.898 111.93 92.832 88.07 78.818 51.996 44.347 68.119 75.862 69.194 61.008 73.958 68.921 69.875 58.867 51.551 43.881 37.112 30.133 29.446 26.191 22.473 15.295 10.423
119.5 125.2 114.3 116.67 104.02 99.317 94.955 91.584 91.835 108.36 97.221 90.267 86.216 90.077 106.54 146.61 136.31 125.84 109.75 119.65 102.96 87.73 95.892 102.3 97.109 77.998 67.152 77.953 77.756 71.852 67.339 78.094 91.06 98.729 71.127 70.733 64.886 42.098 41.411 59.865 62.5 56.005 55.94 56.263 60.097 64.087 53.404 41.208 32.584 23.938 23.036 23.29 23.42 19.526 15.7 12.116
137.4 138.24 124.33 120.5 111.54 97.912 103.87 99.459 104.51 104.52 96.423 114.06 100.24 90.57 110.87 129.86 134.71 124.79 120.96 111.09 106.63 93.413 94.048 95.8 76.583 66.269 54.486 56.622 52.467 52.807 57.426 62.114 78.909 81.97 63.672 64.605 55.023 34.441 43.697 44.764 40.706 39.215 47.115 39 40.096 42.843 35.32 30.989 23.313 20.133 16.79 16.629 14.293 12.627 12.413 13.655
122.62 123.98 109.5 122.37 122.39 103.04 104.64 108.15 107.4 106.61 94.588 114.62 113.12 92.022 94.965 131.84 124.35 121.83 116.82 103.42 96.627 93.123 84.058 83.375 62.042 51.903 46.016 48.625 37.453 37.533 43.856 54.122 57.54 55.492 49.855 55.069 50.348 36.407 36.87 35.702 32.063 29.316 26.305 31.387 30.839 25.607 21.993 22.311 23.908 19.542 16.452 16.811 14.425 14.026 10.302 11.029
108.06 100.31 104.31 115.88 128.98 114.41 105.95 104.72 95.302 100.83 100.55 125.24 115.55 96.366 98.573 114.26 112.69 108.03 107.7 93.565 90.302 82.764 71.858 66.397 49.3 46.092 31.963 34.324 25.383 19.981 22.624 38.363 42.504 39.715 37.005 46.648 53.922 42.718 37.087 37.335 32.991 28.264 22.744 27.404 24.222 17.617 15.831 17.694 18.029 21.64 19.541 16.111 13.386 12.36 8.4798 7.8375
107.83 110.41 96.305 107.34 116.58 110.82 95.511 93.686 90.735 97.266 104.29 127.08 114.89 97.249 97.909 117.25 119.63 103.49 102.62 102.74 83.798 70.325 66.182 60.212 44.593 42.212 25.528 22.895 18.442 11.742 13.629 21.077 26.268 31.56 25.52 37.675 43.766 39.352 32.546 31.607 29.64 26.852 20.01 18.512 17.765 16.77 17.732 14.061 16.316 19.168 20.037 15.207 17.197 11.948 8.0983 7.3807
121.67 119.45 110.55 109.54 110.23 114.07 105.65 107.12 96.871 100.69 107.18 131.29 121.91 98.926 104 116.27 103.76 101.22 116 83.542 74.517 63.657 58.379 48.228 32.265 26.235 19.703 17.421 12.557 8.7054 8.8382 16.222 17.834 20.335 22.603 29.679 31.652 30.534 27.534 24.378 24.179 21.744 17.002 15.107 14.436 15.505 15.175 13.807 14.071 14.215 13.446 13.449 10.574 7.1199 6.2623 6.3573
117.71 128.2 120.77 122.34 114.07 114.02 117.03 113.61 104.88 113.95 120.89 127.15 115.81 110.9 105.86 116.55 103.41 122.03 109.53 90.502 76.579 65.203 54.519 44.095 31.223 21.297 16.417 11.293 8.6342 6.1907 6.9847 12.05 12.979 13.183 15.778 18.546 18.969 21.404 19.677 20.048 16.621 14.881 14.892 14.806 14.767 14.267 14.885 15.368 14.779 12.873 12.118 10.611 9.7363 9.4991 8.6983 9.6889
134.39 152.52 141.95 140.45 128.54 121.44 111.82 110.05 116.87 115.98 113.02 138.1 124.56 111.35 103.92 120.98 113.86 114.95 97.401 88.034 80.062 68.53 49.434 34.342 23.281 20.121 14.463 8.249 8.4986 6.4295 5.0207 8.376 8.7355 10.128 13.324 13.078 10.52 13.366 18.184 16.909 14.337 16.324 14.895 13.623 13.76 12.662 11.523 13.023 12.554 11.92 10.446 7.6513 8.8813 8.5825 6.9919 7.923
154.74 153.46 146.71 148.82 119.16 103.78 107.81 123.26 113.19 114.16 97.555 124.15 114.53 102.1 98.197 109.48 113.73 130.72 94.19 68.615 53.865 46.601 36.993 28.758 23.249 14.431 10.388 7.8542 5.2892 5.7796 4.7376 5.6565 6.7897 7.7127 9.1228 7.6429 7.311 8.4585 10.586 13.911 11.915 13.654 14.222 15.068 13.526 11.563 9.5171 10.13 9.2026 9.1441 7.9737 7.006 5.7083 6.7514 5.8106 5.2891
152.91 148.54 149.52 151.23 131.85 110.48 101.03 127.82 129.71 118.67 99.5 120.94 123.26 102.44 89.746 93.477 109.44 110.94 89.037 63.928 54.746 46.437 38.14 30.173 20.23 13.333 9.9133 8.0427 5.9078 4.9179 3.7163 5.908 6.0841 5.6219 7.143 7.7406 8.1555 7.5471 8.0516 11.519 13.691 15.102 16.383 17.623 13.432 9.6544 9.6437 8.3291 7.8454 7.9343 8.7782 6.9323 6.7017 7.2509 5.7339 6.5979
156.52 147 142.3 144.65 140.19 125.29 113.26 131.08 125.02 112.09 104.76 111.18 117.36 113.22 96.008 103.16 105.74 100.73 79.404 68.305 61.573 54.416 37.795 28.747 20.316 15.128 10.287 7.9214 6.5629 4.0633 3.2963 5.2415 5.3499 4.4326 5.1359 4.9076 6.2885 6.5181 6.531 9.4605 10.315 12.8 14.025 14.009 9.9791 8.8659 8.287 7.8346 9.0987 7.1576 6.4795 5.3384 5.5545 6.32 5.3069 6.4936
168.56 154.46 138.94 148.43 132.58 122.6 118.73 117.18 115.03 106.19 101.19 104.4 103.9 107.05 101.19 113.11 119.52 106.54 92.474 80.726 70.16 50.476 36.566 27.314 20.371 14.971 11.276 8.0772 6.8437 5.3683 4.4632 8.4849 6.7095 3.9887 3.7842 4.2543 4.8323 5.3137 5.9986 8.0433 8.6792 9.0788 10.121 10.131 8.5977 8.304 7.409 7.0195 6.7742 6.205 5.485 4.8497 4.833 4.4525 4.8704 4.2069
169.26 159.04 156.82 164.29 140.87 125.79 120.84 114.16 113.43 112.21 101.56 108.52 104.92 117.37 122.59 127.17 124.63 124.06 124.76 107.38 96.456 68.115 45.366 34.847 23.525 21.013 17.188 8.8985 6.2428 5.5561 5.7024 7.605 6.7383 4.238 4.0898 3.5999 4.2437 4.4449 5.3607 7.2426 7.9969 8.3987 9.393 8.2833 8.4226 7.5571 6.6244 6.7165 8.1307 5.7547 5.4115 4.644 4.6062 4.9095 4.9475 3.8101
196.17 175.39 168.92 174.61 158.93 142.26 134.93 114.73 117.23 112.65 105.38 110.02 117.09 149.22 140.3 153.62 146.78 130.41 136.86 135.44 129.69 99.91 63.778 54.586 38.894 29.852 22.503 17.146 13.414 11.023 9.8147 10.05 9.2367 5.6394 6.7463 4.1962 3.556 4.0152 4.8574 6.0931 6.7334 7.2243 7.6711 9.1374 8.3624 7.9783 7.3216 7.1546 6.5255 5.9937 5.4662 4.4299 4.1492 6.2292 6.4804 6.4211
195.81 170.34 161.4 166.21 171.82 146.15 128.11 118.28 115.12 107.89 100.98 108.49 116.07 141.46 144.14 148.49 143.93 141.84 156.2 156.7 139.8 104.67 75.158 62.865 48.865 34.75 24.917 21.752 17.992 15.251 13.851 10.982 8.1525 7.5637 6.3499 3.8205 3.3691 2.8444 3.6736 5.1438 5.9501 6.2623 6.681 7.618 7.6941 7.4699 6.8759 6.6669 6.3017 5.795 5.3454 4.3841 4.3503 6.7356 7.0421 11.135
176.68 166.7 162.01 184.53 163.76 136.67 113.7 126.46 124.03 100.09 100.12 98.609 102.57 127.45 137.78 132.38 137.68 147.55 170.4 175.17 162.8 133.44 96.516 86.337 63.956 47.27 37.515 33.726 26.291 21.487 17.659 15.904 12.837 9.5432 7.8783 3.7484 3.3296 2.921 3.4796 4.7524 5.8198 6.4283 7.1605 7.0354 7.1341 6.8012 6.4495 6.3624 6.041 5.7842 5.2658 4.5433 4.8032 5.2989 8.518 10.052
168.36 165.66 151.44 170.24 150.07 122.27 135.02 154.85 120.75 85.107 75.793 93.258 98.172 108.2 119.66 132.7 133.26 138.05 160.01 168.35 166.32 154.31 119.41 103.94 86.15 69.379 52.779 45.475 33.646 29.473 22.811 20.466 17.225 16.185 14.368 5.8807 3.4725 3.5383 3.3334 4.8186 6.7758 7.4544 6.5941 6.5449 6.6081 6.4992 6.6952 6.6976 6.2071 5.8015 5.599 5.6491 4.7528 4.4155 6.8037 6.012
155.25 156 165.46 156.66 137.99 119.07 114.98 127.67 100.72 76.495 80.042 87.21 82.636 104.33 118.28 130.17 126.41 130.16 139.96 147.59 156.02 146.39 121.7 111.35 97.237 84.402 72.241 64.69 61.062 51.997 41.67 34.603 26.787 24.679 20.998 12.69 4.8456 4.7084 4.9439 5.5862 6.6042 6.3987 6.2321 6.0501 5.9207 6.125 6.2113 6.6145 7.4183 7.1957 7.8096 11.374 7.4158 8.2561 9.0044 10.282
146.1 137.01 152.79 155.13 124.88 102.18 97.034 91.284 71.343 67.12 71.307 69.129 82.666 96.247 102.47 108.82 104.07 110.22 117.52 122.34 120.54 132.16 122.28 111.42 103.64 86.484 77.346 77.742 75.702 67.675 55.683 44.734 37.623 36.878 24.888 11.909 5.9836 5.1135 5.507 6.0463 6.6329 6.3681 6.5608 6.217 5.935 5.9468 6.692 7.2292 8.6629 10.278 11.353 18.26 13.388 13.247 12.608 14.281
149.6 145.96 135.57 128.28 110.77 94.653 84.635 76.835 55.945 49.492 64.098 84.194 103.12 101.83 104.59 101.13 105.14 110.93 121.02 117.51 125.39 125.73 116.18 116.86 113.61 97.744 83.887 94.452 94.384 84.035 68.571 57.579 53.933 51.896 31.451 13.861 7.8969 5.5441 5.6647 6.0956 6.3367 7.1129 7.1912 6.2653 6.161 5.7958 10.901 9.0617 8.5796 9.4303 9.4907 14.365 13.91 14.02 18.272 17.972
144.55 142.7 134.7 127.48 114.88 95.349 88.136 74.311 61.03 56.94 83.728 103.71 104.98 104.62 99.245 107.37 114.69 114.19 119.03 125.53 123.99 122.02 120.41 124.56 120.46 100.94 96.427 114.26 104.29 90.835 72.9 60.589 58.028 56.274 34.659 14.831 10.416 6.7666 6.514 7.3418 7.6176 7.5716 7.2864 7.495 6.8477 6.4518 11.781 9.4794 9.179 8.8493 8.3679 16.141 16.784 16.539 22.442 20.453
163.37 157.55 150.45 127.07 109.28 105.44 91.974 91.219 92.181 88.015 107.88 130.6 119.43 108.52 104.17 111.88 106.81 112.78 119.33 120.56 124.41 131.72 131.93 135.33 129.13 122.16 118.47 114.39 100.32 93.274 85.767 69.81 63.685 51.413 35.323 20.765 14.776 12.071 11.286 10.38 10.82 11.321 10.292 8.2475 8.6669 11.469 8.8207 8.8832 8.9817 10.294 9.2763 12.482 16.046 20.742 24.184 23.797
172.27 160.5 162.8 122.78 106.33 93.552 86.516 113.55 127.8 97.62 104.36 120.06 112.99 102.84 107.31 104.69 102.1 119.34 109.96 104.8 114.39 136.95 139.2 150.19 144.92 129.6 124.99 120.87 103.47 98.193 84.415 76.672 63.792 49.522 36.813 22.295 19.097 15.882 14.22 12.187 11.629 10.994 10.27 8.2997 10.43 11.777 13.13 9.6829 9.4366 11.804 10.086 21.582 20.952 19.336 28.958 32.326
168.81 164.44 151.85 120.34 105.27 76.198 84.415 98.513 113.01 96.869 100.33 109.82 103.03 96.717 83.92 92.481 100.1 92.88 97.164 84.546 89.274 110.12 128.8 161.19 168.6 155.51 147.41 134.12 114.09 99.508 85.524 77.042 63.315 52.712 39.577 27.364 21.35 16.762 15.969 12.737 11.408 11.012 10.355 8.5103 7.6704 9.9534 10.088 8.9936 9.4347 11.197 13.023 24.398 24.407 27.713 30.14 29.105
173.34 157.16 149.75 110.55 77.162 63.782 69.507 76.621 92.424 88.907 88.076 99.709 96.43 85.74 75.527 83.759 73.099 70.314 73.59 81.284 82.782 79.92 88.871 136.12 167.28 163.48 147.4 138.2 120.73 100.63 85.735 80.591 65.173 51.787 49.449 49.152 39.166 16.72 15.036 12.188 12.037 11.244 11.008 8.9291 8.8732 9.2956 8.7491 9.6886 10.443 12.919 14.66 28.267 31.918 32.549 31.384 29.019
174.39 151.63 111.24 83.902 62.83 56.604 59.904 83.724 106.2 92.824 88.072 98.259 96.137 86.48 68.846 74.403 77.216 78.664 81.835 88.759 86.996 79.396 85.449 117.05 143.74 143.99 127.81 131.37 127.98 105.98 81.631 73.156 62.299 47.538 38.948 44.762 63.916 18.728 15.375 12.65 12.73 12.315 12.559 11.095 9.8169 8.8631 9.0102 10.453 11.704 13.231 18.293 27.037 33.914 39.915 38.111 32.619
164.71 134.94 84.701 66.219 57.303 54.377 67.386 107.13 97.525 86.293 81.723 89.594 85.6 82.128 67.852 78.436 80.169 86.072 93.724 87.111 87.914 82.284 82.434 111.72 131.4 145.36 133.67 146.87 143.15 110.16 79.589 66.993 61.25 54.566 34.545 28.494 22.775 17.336 15.731 12.834 13.285 13.034 13.458 10.828 10.376 9.6495 9.6929 11.24 14.997 17.201 19.099 28.633 28.794 34.562 38.772 39.221
174.65 125.15 78.495 67.009 59.65 68.385 92.024 101.33 88.047 81.125 66.214 75.164 76.763 65.486 67.491 80.062 85.026 89.361 92.309 86.877 78.678 73.647 75.887 100.28 138.42 161.46 143.83 128.36 126.32 108.09 83.451 62.194 57.452 46.843 32.572 25.494 20.088 16.445 15.222 13.258 13.611 13.981 14.348 11.349 10.771 9.8044 10.637 13.909 17.908 18.686 20.128 24.126 28.465 26.872 28.276 39.086
182.03 122.75 90.595 91.009 88.748 94.236 82.455 89.488 81.332 71.966 59.288 75.426 71.216 64.683 67.881 88.874 103.56 103.41 95.76 79.973 70.057 61.455 63.295 90.076 129.09 148.22 124.52 101.78 90.428 79.609 67.959 55.679 55.088 36.8 30.527 23.933 17.214 14.6 13.719 12.224 13.277 14.081 14.087 14.352 12.545 12.693 14.17 16.513 19.906 21.007 23.784 29.522 36.814 34.279 25.165 21.071
162.79 138.46 100.49 104.36 92.191 90.373 74.034 76.853 72.211 69.01 62.052 72.233 74.939 72.869 80.369 108.71 125.82 124.45 105.93 70.528 55.449 45.634 44.76 87.551 132.36 141.49 114.19 80.026 65.824 47.737 43.553 41.703 29.896 30.648 23.389 19.281 13.514 11.405 11.775 10.802 10.78 12.047 13.39 18.251 14.332 17.887 19.15 21.024 25.934 28.84 31.207 32.383 36.053 34.58 29.946 23.375
156 125.85 82.419 86.625 75.898 70.218 66.359 71.882 64.604 58.483 53.063 71.479 67.706 71.235 85.741 115.34 132.92 126.94 114.88 74.327 48.169 39.052 43.37 89.901 122.29 130.13 104.05 75.995 62.77 44.098 32.132 31.249 25.668 24.66 21.212 18.411 13.791 10.536 11.014 9.6337 9.91 11.863 13.24 19.065 17.38 20.026 21.051 22.614 27.699 32.435 33.732 32.735 37.427 33.708 31.111 30.737
137.93 109.4 66.575 51.416 54.228 56.853 53.238 62.569 61.555 49.08 52.574 68.057 63.614 63.718 88.532 111.71 119.25 117.01 102.45 63.291 42.221 40.891 50.084 95.842 109.38 110.16 80.443 71.791 56.031 40.463 29.037 26.507 21.349 20.085 15.685 15.055 12.129 9.9665 10.479 9.7778 10.391 11.433 13.965 19.593 20.761 20.865 22.358 29.406 29.846 31.179 33.062 36.959 33.068 28.538 34.508 16.753
149.29 104.47 61.603 50.35 48.278 46.937 45.178 51.415 57.493 44.241 49.004 55.407 56.53 59.401 81.788 93.371 103.6 96.749 83.524 49.717 39.841 49.862 55.067 88.313 99.8 95.601 66.449 54.422 44.868 31.86 24.004 21.118 16.736 15.053 11.345 12.278 10.21 9.0809 9.458 9.4563 10.395 11.984 15.232 21.606 27.528 27.852 25.381 27.987 29.294 30.029 33.438 31.467 29.759 32.674 23.991 18.945
136.33 83.326 59.532 60.346 52.415 46.286 42.169 55.051 62.986 53.684 47.078 47.899 52.772 60.644 82.059 90.825 99.003 86.366 63.006 51.891 36.719 42.751 58.282 65.304 88.176 83.129 53.155 31.414 21.629 16.964 13.083 17.175 12.453 10.924 9.288 9.5727 7.9027 7.3485 8.7608 9.5487 10.606 13.225 15.769 25.961 28.81 30.191 30.647 31.741 36.673 40.257 33.061 34.956 33.057 24.955 29.031 19.922
112.02 70.22 51.613 54.111 48.865 42.347 39.504 47.904 55.887 52.96 58.986 51.118 48.909 53.506 75.385 90.809 92.746 71.381 51.689 36.948 28.672 32.222 41.633 50.902 59.665 60.696 42.042 25.834 16.8 12.605 11.346 11.919 12.961 9.3945 7.3079 6.7768 6.69 7.694 8.1286 9.6218 12.4 15.005 18.179 24.39 27.378 31.878 32.03 32.09 36.197 36.812 37.259 36.272 23.982 29.049 31.372 19.287
115.59 57.934 41.329 51.951 48.199 43.573 42.107 51.316 47.03 50.44 46.774 45.267 43.797 55.822 64.996 82.919 80.847 68.267 55.772 37.186 35.533 41.473 42.932 39.157 50.663 41.596 33.058 20.177 12.936 10.219 9.2936 10.521 8.7448 7.697 6.6366 6.1131 6.1464 6.8463 8.8792 10.567 12.617 16.663 20.007 27.691 31.239 37.739 37.946 35.873 34.128 38.083 37.825 25.818 25.709 30.049 30.363 20.21
107.46 52.903 33.534 42.144 52.343 46.029 44.183 51.142 46.121 42.026 41.623 47.74 44.462 48.507 60.683 69.447 64.831 49.228 46.321 40.964 33.381 34.224 30.302 27.741 35.367 27.289 18.901 13.349 11.419 15.226 14.411 7.8916 7.2335 6.4611 6.7511 19.094 40.194 8.1135 8.8537 11.764 14.205 17.366 21.311 29.763 39.074 41.46 43.268 41.449 41.061 43.331 46.632 26.789 28.267 29.138 29.265 23.342
110.44 61.86 28.592 28.715 38.633 36.828 32.929 37.589 38.571 34.449 29.728 34.651 44.572 45.772 57.268 44.44 42.325 44.161 41.44 31.564 21.582 19.486 16.768 17.119 19.999 17.564 11.213 8.2669 8.4327 13.516 7.0705 5.2168 5.6308 6.4053 5.9875 17.692 104.62 10.923 11.79 15.572 17.608 21.789 26.646 35.295 42.885 47.877 51.519 50.598 52.212 52.829 33.225 19.388 21.839 22.029 24.632 19.669
102.32 51.909 25.135 23.163 31.281 32.628 31.01 32.117 32.492 27.237 25.566 32.944 40.727 41.01 39.375 34.747 30.968 32.792 23.772 24.095 16.671 12.526 9.8975 11.475 16.62 11.763 8.8311 5.3037 5.6174 2.5579 4.5137 4.6515 5.1517 5.8493 5.9084 8.0279 10.953 9.5039 11.499 17.216 20.365 23.515 29.927 39.852 45.715 51.532 51.095 50.101 54.551 38.271 36.054 20.308 20.165 27.928 23.802 19.643
114.29 47.601 22.752 25.678 28.047 32.38 27.243 35.064 27.916 25.913 23.786 27.603 39.377 40.674 39.318 38.719 30.462 20.824 15.102 22.333 13.551 10.985 9.8233 8.7551 7.8912 7.5799 9.3118 6.6182 3.8098 2.6856 8.2196 4.8894 5.3047 5.7591 6.7408 8.5395 9.4602 11.008 13.258 20.716 21.933 24.327 29.056 39.626 45.244 50.723 47.859 43.925 50.131 35.353 36.929 18.877 21.276 23.208 22.468 16.196
81.002 37.189 23.925 16.155 18.13 22.319 21.463 29.793 28.141 23.107 24.041 24.521 29.326 31.737 37.29 38.034 27.681 18.674 12.831 12.277 9.8254 8.6188 7.8322 8.4304 7.3889 7.769 12.082 9.555 8.0501 3.5143 4.1336 6.7973 6.9973 6.8186 7.7111 10.441 11.266 12.068 14.876 20.657 23.004 27.559 30.985 38.157 43.504 48.2 45.814 44.504 37.15 35.802 35.707 18.263 22.523 24.041 21.689 14.864
52.187 29.045 19.37 11.923 12.815 21.604 21.01 21.616 19.773 19.642 18.748 18.636 19.27 17.502 18.928 22.277 22.371 14.508 8.5748 10.179 9.5967 7.2226 6.6581 4.8341 14.014 8.7974 8.5954 7.1271 5.3151 3.1645 4.04 5.4254 6.3256 6.7342 9.9633 12.015 13.404 16.01 17.289 23.32 27.99 31.204 32.59 39.216 48.668 44.252 40.2 24.831 24.967 22.83 24.183 15.892 19.212 17.717 16.029 16.777
46.23 26.86 17.608 14.448 13.739 12.141 16.657 18.864 17.053 16.934 17.872 15.067 15.908 12.829 10.528 13.818 16.664 12.681 9.853 7.0515 8.292 6.2059 4.9452 7.8118 3.6257 4.3942 3.9552 3.96 1.872 2.1378 2.969 5.1541 5.7037 6.7933 10.126 11.492 12.819 15.241 17.58 25.092 29.976 32.323 35.625 43.356 47.408 44.65 48.914 22 20.331 21.371 23.11 13.485 18.782 15.402 15.43 16.298
45.881 28.727 23.111 15.406 12.699 10.478 15.495 19.151 17.99 15.349 14.308 12.398 16.487 11.171 9.4459 13.547 10.763 9.706 7.8683 8.5674 8.9419 5.5644 5.0314 3.4192 2.9922 2.6674 2.9418 2.8406 2.4168 2.7643 3.1571 4.9894 5.9192 7.2594 8.1771 11.006 12.516 14.034 17.219 26.51 37.651 32.016 33.523 41.18 38.145 44.718 45.964 23.057 21.707 23.875 22.757 11.182 13.635 16.345 15.987 11.615
47.167 33.082 30.709 24.869 14.626 11.633 11.179 20.763 18.941 14.112 12.206 12.237 12.668 13.602 10.888 15.798 10.605 9.4055 9.1594 11.138 6.0881 5.0678 5.2791 3.3211 3.622 3.3727 3.3856 4.2797 5.3301 6.4801 5.5738 5.4573 7.4052 8.3103 9.3913 11.933 12.294 14.856 17.153 23.589 30.827 32.07 36.439 37.806 40.958 48.58 31.243 18.12 20.104 23.432 19.389 13.13 12.762 14.285 11.022 12.92
47.619 37.513 38.007 38.907 16.164 15.033 21.119 24.787 17.52 12.248 10.784 14.896 19.957 16.378 13.227 14.924 12.158 9.5382 9.1887 8.9554 6.9027 6.3612 4.3801 4.7594 4.7516 4.6043 5.4294 4.4212 4.9973 6.3063 6.2296 6.3478 7.8172 8.9039 9.7841 14.115 12.727 15.476 17.806 25.024 29.816 36.748 39.831 38.958 40.888 46.373 28.717 10.278 13.087 15.591 15.788 12.195 9.8425 8.5548 7.9616 11.034
42.28 34.4 38.362 38.028 20.241 18.078 21.831 30.973 16.7 16.323 10.896 16.819 13.543 14.319 15.559 14.809 11.459 12.164 11.219 9.7084 7.384 6.1052 5.307 5.5066 5.5521 5.3628 4.7992 5.6522 5.096 5.9371 5.4095 7.4798 8.7825 8.7664 9.6186 12.367 14.427 15.248 18.76 28.057 30.389 40.788 39.574 37.537 35.461 45.049 28.036 12.56 13.976 13.269 16.28 10.002 10.28 9.8725 7.7242 9.7294
39.86 34.368 35.349 32.8 22.522 21.756 18.239 14.857 16.932 17.628 13.161 17.224 12.425 12.198 15.573 14.882 12.46 10.698 11.816 10.386 8.7555 7.4534 5.8504 5.0615 4.9713 4.1914 4.3052 3.8624 4.4694 6.1772 6.2057 7.9103 8.271 8.3438 9.2073 11.652 14.094 18.126 20.265 26.747 28.032 35.733 32.148 31.476 36.01 39.901 29.066 13.119 12.885 12.21 10.4 8.7275 8.7725 9.075 9.018 9.0593
