4.1203 4.6016 6.0302 7.0898 7.6654 9.7092 10.325 9.6459 10.162 9.5778 9.6053 9.9111 9.7607 9.5305 10.681 12.292 15.035 15.298 19.636 9.1421 10.704 16.601 11.083 15.301 11.011 21.028 31.247 28.196 31.667 30.71 27.853 39.134 40.397 33.004 43.916 34.809 32.473 29.308 29.414 34.777 23.921 17.107 21.388 25.586 50.129 46.295 26.994 21.296 25.666 34.364 39.54 26.282 31.494 50.039 24.818 19.696
4.4215 4.9848 5.7697 7.6947 8.2127 13.16 13.843 10.387 10.321 10.209 10.519 10.613 10.982 10.953 12.034 18.049 22.547 20.29 10.401 13.665 13.791 16.197 17.653 16.841 12.702 17.038 29.722 31.276 28.035 27.149 28.769 56.944 51.16 36.815 39.96 38.413 40.545 35.324 30.143 25.164 30.21 17.927 15.102 28.318 30.314 29.396 20.308 22.392 23.238 28.247 35.233 40.58 48.576 42.94 21.83 18.726
4.7211 5.3668 6.0661 8.8571 9.7011 11.217 9.8855 10.461 10.442 10.63 11.077 12.09 14.775 15.392 14.253 19.467 14.258 16.332 11.679 12.711 18.497 21.885 14.994 18.91 19.207 21.835 35.797 41.541 42.698 31.582 27.632 35.551 44.845 41.535 38.516 52.267 45.179 46.927 30.46 28.752 39.63 23.36 24.273 26.422 26.183 27.995 29.544 24.822 37.317 47.756 42.812 42.753 35.342 28.004 26.681 19.088
9.054 9.0582 11.006 9.5919 9.7748 9.9329 10.23 10.583 10.929 11.164 11.288 13.259 15.044 14.715 11.98 13.747 14.256 12.318 13.618 12.408 12.692 14.439 12.927 13.404 21.175 32.71 39.687 56.551 46.973 39.721 34.959 36.733 56.095 70.704 55.348 60.253 55.28 47.36 35.868 29.513 27.651 39.034 43.482 42.743 39.835 31.222 40.095 25.323 37.126 58.75 60.504 60.389 59.801 43.086 32.935 22.776
8.2655 11.19 10.106 9.2887 9.6575 10.023 11.468 12.01 13.115 11.897 11.984 11.951 15.388 14.758 13.542 15.013 12.904 12.317 21.066 12.845 14.838 14.834 20.584 22.933 23.351 31.486 36.648 49.91 49.193 52.488 51.442 49.644 64.881 69.93 57.516 61.917 50.084 41.975 31.699 30.065 36.141 58.817 51.685 49.137 56.575 29.709 26.269 22.384 38.776 39.425 40.966 65.883 58.058 60.557 31.886 15.746
9.9135 6.4925 9.7209 8.4921 9.4241 10.856 11.489 12.073 12.841 12.895 13.064 12.13 13.307 12.884 12.533 14.113 13.089 11.724 12.815 11.02 14.359 14.286 20.534 30.05 33.908 35.233 33.899 40.55 46.249 50.947 51.34 60.255 70.886 69.515 52.653 52.883 45.762 34.944 29.92 37.469 38.382 37.421 38.145 40.693 47.541 40.44 30.496 21.533 29.003 38.606 44.075 41.967 34.208 31.477 23.7 14.615
6.6702 6.3974 8.0732 8.1659 9.8524 15.378 11.052 15.459 16.539 16.353 15.967 18.428 14.091 13.25 11.469 12.871 13.151 14.926 13.851 12.097 19.59 15.592 20.336 26.686 39.978 54.627 53.846 57.187 52.973 48.013 51.335 68.549 63.303 66.307 50.201 46.428 48.264 40.403 30.392 32.129 29.231 27.409 30.588 43.057 49.177 50.892 49.886 35.089 40.527 41.404 29.766 37.949 28.043 24.695 28.586 23.308
7.0933 6.2666 7.5067 9.3412 10.652 9.9758 11.65 12.96 15.89 14.996 15.248 18.13 17.144 15.368 14.914 15.384 19.905 15.701 19.32 16.337 19.73 21.983 20.218 25.37 34.148 36.245 57.221 51.912 50.576 50.407 52.854 59.708 53.944 63.643 59.825 59.972 39.511 29.783 44.916 24.203 25.852 30.855 44.531 56.337 46.463 41.708 35.519 31.063 34.043 49.319 26.022 40.111 23.349 16.915 27.04 29.434
7.5401 6.3693 7.9246 11.902 14.353 12.328 9.8501 13.863 16.243 14.015 15.218 17.324 18.431 16.072 15.479 18.837 16.736 16.618 25.101 23.057 22.198 24.622 21.347 25.656 26.375 32.45 44.51 34.868 35.774 38.722 40.713 50.413 62.592 70.303 67.343 69.351 60.404 40.655 32.846 26.714 33.368 36.075 33.912 45.219 40.679 36.185 23.661 16.132 25.269 38.261 17.714 30.544 30.274 26.149 15.396 21.799
29.265 9.7753 11.904 10.42 9.3119 10.504 9.511 12.291 11.688 11.235 12.784 16.542 14.884 15.24 14.899 16.274 15.768 15.777 16.654 20.15 18.913 24.438 34.027 29.889 37.565 35.396 38.34 37.957 39.467 40.204 48.077 49.187 64.478 73.902 80.41 93.492 78.924 56.659 36.537 40.122 45.04 36.039 33.856 35.511 32.433 29.896 30.765 23.796 21.003 19.495 19.072 33.019 40.165 27.543 13.304 20.19
30.177 10.565 11.69 8.6349 7.8142 9.5796 8.8557 10.285 10.33 13.128 13.372 16.118 18.96 14.931 15.207 15.585 16.025 16.535 18.928 22.558 23.278 22.36 24.905 32.239 37.678 50.838 47.692 36.433 40.34 39.344 42.186 48.436 64.094 65.675 69.35 86.212 86.373 60.764 41.89 40.19 33.893 34.606 36.469 32.542 30.341 30.275 30.596 25.516 22.139 19.395 21.949 25.634 25.574 15.221 19.676 25.224
12.493 12.748 9.6191 8.3302 10.125 17.549 12.547 9.7366 11.55 16.279 12.731 18.045 17.011 15.757 16.358 14.982 14.997 16.086 22.243 32.529 26.239 24.009 24.203 24.564 37.898 46.48 40.035 37.715 39.576 44.533 44.676 55.977 56.169 57.569 49.338 67.137 70.874 52.881 45.244 38.081 31.192 32.348 28.736 39.368 31.155 26.08 26.1 23.409 19.357 21.618 15.595 12.352 10.492 19.594 25.768 13.21
11.953 13.537 16.98 18.617 8.664 10.219 9.1611 12.552 12.996 13.086 17.956 18.519 16.496 15.185 15.408 14.771 17.808 17.539 25.855 21.791 20.559 26.31 29.288 26.235 31.881 34.91 38.697 40.488 47.337 37.45 31.476 68.409 59.092 50.576 56.252 74.612 81.382 66.433 50.3 31.345 28.087 38.335 31.966 24.969 23.253 27.393 23.472 27.511 20.031 20.134 21.929 13.275 14.504 17.655 25.912 16.718
14.594 11.338 13.981 32.171 15.895 12.783 14.303 10.218 12.004 14.294 14.577 18.805 24.594 24.079 17.939 16.794 20.18 19.906 22.104 20.52 25.415 27.126 30.853 32.935 31.957 29.478 36.119 43.236 35.796 29.748 27.738 32.678 50.567 40.968 44.28 65.196 73.735 65.57 49.423 38.453 34.369 30.812 25.073 23.783 28.443 26.566 25.207 26.887 28.532 19.301 20.132 16.558 11.49 15.26 20.18 14.903
21.669 13.018 20.295 14.81 17.95 19.354 17.566 13.424 12.485 13.15 25.892 30.556 37.291 32.898 24.037 23.189 19.837 23.308 20.551 24.199 27.802 25.022 29.693 32.295 30.854 24.761 28.916 35.766 37.297 33.287 24.942 25.954 42.744 34.335 41.267 51.104 50.811 43.175 47.506 44.86 35.08 30.722 31.1 35.438 34.404 29.315 28.413 26.699 22.784 27.867 26.503 25.922 27.564 23.641 18.658 15.437
19.146 26.811 14.125 16.117 18.736 18.671 31.259 25.542 19.028 24.728 27.08 31.696 30.128 28.117 34.179 34.197 20.655 41.43 21.918 33.029 30.402 28.487 30.341 34.183 31.171 32.815 27.047 30.727 34.127 33.574 27.277 26.725 68.531 37.363 42.086 41.096 48.726 45.412 52.233 59.235 42.912 38.575 35.301 41.899 41.015 36.756 28.71 31.032 44.37 41.345 56.93 44.865 37.148 21.672 17.313 25.485
18.9 27.28 14.603 17.38 17.392 20.246 36.063 39.071 40.642 28.209 20.989 40.404 49.319 36.131 38.599 34.387 42.517 75.809 45.069 35.682 39.058 43.515 24.595 25.215 34.408 28.407 26.306 25.398 21.647 26.687 27.682 28.977 74.821 31.81 34.284 36.657 51.785 47.336 41.655 39.693 36.833 34.719 39.566 49.803 52.442 35.196 35.557 35.802 41.751 45.62 56.033 44 45.066 29.289 16.396 30.152
16.351 20.489 22.431 17.999 18.503 21.547 40.328 44.367 25.069 23.082 25.668 43.59 54.246 53.317 68.634 56.868 36.818 60.949 77.113 44.113 48.67 43.353 33.225 29.954 35.904 32.134 33.378 26.97 20.026 24.597 25.808 30.18 64.184 35.937 30.732 35.085 37.874 43.877 39.913 41.717 44.729 40.108 34.458 44.577 47.56 36.29 33.713 29.954 32.862 41.512 52.031 63.97 65.34 52.746 33.547 28.955
18.774 23.925 25.463 32.108 32.494 23.601 38.917 23.145 17.963 23.522 36.64 41.434 61.516 95.15 79.923 74.843 59.472 54.482 48.542 53.315 48.781 39.447 29.177 29.153 35.83 33.925 27.209 23.495 22.768 20.665 25.191 26.244 30.013 54.247 32.588 27.669 34.056 47.77 37.365 41.67 56.583 64.794 34.096 34.12 50.174 39.045 34.679 34.466 103.25 31.522 43.579 68.786 91.623 75.81 64.307 42.471
47.402 33.49 34.949 50.056 51.006 48.693 25.154 26.272 22.443 26.292 35.429 36.152 56.761 60.353 85.961 85.153 78.498 71.909 77.521 59.556 75.467 32.934 27.38 30.378 32.03 39.252 33.858 30.41 26.639 23.687 23.086 27.695 28.088 33.818 39.372 38.092 36.101 48.32 36.583 51.463 63.013 65.636 38.846 32.244 35.813 34.129 36.678 35.294 36.106 40.222 51.698 72.115 78.926 79.554 44.052 40.613
48.494 31.852 41.753 64.568 66.823 39.664 25.143 25.559 29.245 26.831 32.107 27.86 36.254 53.183 91.54 94.281 85.284 72.853 56.575 52.888 60.557 39.083 32.292 35.075 38.082 47.097 47.198 40.062 30.262 27.055 29.108 32.391 30.664 33.288 49.413 47.833 44.626 33.392 33.915 44.643 58.601 68.314 44.91 37.7 29.639 36.689 35.059 48.411 43.623 49.479 57.964 66.987 57.437 77.21 35.858 37.256
56.668 28.132 34.023 76.516 81.548 46.389 29.821 25.856 24.374 24.757 23.158 36.689 38.912 73.636 86.325 70.625 63.883 60.147 68.526 59.413 46.506 48.731 63.239 55.724 39.099 46.506 64.819 52.994 43.231 33.558 31.61 33.852 34.194 33.947 44.77 41.103 40.998 43.933 46.482 55.453 56.88 53.123 48.089 46.673 30.629 29.208 42.108 70.328 64.64 53.891 61.404 58.564 46.593 52.484 43.484 46.651
77.446 29.628 27.126 41.014 49.24 68.283 46.293 30.808 27.919 28.671 32.393 57.772 47.342 74.816 60.953 53.66 62.9 56.978 60.801 66.414 71.28 56.767 59.886 58.423 48.792 40.085 48.589 55.917 50.115 48.612 44.485 47.509 37.495 35.789 46.424 44.022 42.334 44.721 51.817 59.188 102.81 108.04 49.928 39.196 25.522 25.521 32.941 52.338 55.633 42.645 45.483 61.599 58.173 54.214 55.129 67.533
54.802 50.282 28.589 29.297 36.224 50.599 52.794 52.193 39.56 31.324 69.809 67.378 50.843 53.293 45.828 40.852 44.645 40.578 53.722 55.93 49.814 43.948 49.443 56.327 52.517 54.022 50.85 57.102 64.519 59.397 52.885 48.982 42.753 44.614 49.352 63.809 61.636 58.019 54.689 54.201 63.23 61.856 47.393 40.354 22.647 20.561 38.212 32.775 36.11 32.621 39.071 55.006 58.84 57.627 51.743 66.378
43.345 70.443 50.038 39.101 40.678 47.242 49.687 44.241 43.387 29.765 46.108 49.228 39.554 34.461 36.878 33.313 44.242 51.183 42.918 42.822 55.956 60.203 51.529 55.589 56.161 56.045 55.733 60.032 68.175 62.828 53.846 46.301 45.968 47.675 52.29 71.155 68.614 58.334 49.772 54.496 65.689 56.784 51.429 36.654 24.291 21.064 26.073 28.298 35.007 38.677 39.929 48.496 39.517 39.215 47.043 48.663
59.653 59.454 32.16 40.084 34.758 33.953 39.117 37.186 33.427 24.925 21.948 33.502 32.001 27.198 34.052 34.795 40.923 47.496 45.543 45.611 54.722 69.732 60.905 59.061 56.496 54.994 61.624 73.147 69.021 61.157 57.673 55.245 58.515 51.425 46.667 65.717 73.996 61.167 53.175 44.68 52.587 47.586 37.032 29.582 24.572 21.67 56.61 44.357 51.421 44.007 42.759 46.165 36.279 56.284 56.921 27.58
59.967 53.371 33.81 32.817 33.079 25.44 30.651 33.503 21.763 23.604 39.178 38.992 35.73 31.443 38.584 38.596 52.924 51.326 55.979 46.754 52.382 60.317 71.141 64.411 60.446 58.528 62.009 70.011 73.649 71.728 59.37 58.581 56.074 51.988 48.035 55.303 69.367 65.485 54.86 48.714 41.752 43.261 34.542 42.552 44.374 28.454 52.56 48.624 39.919 42.808 47.133 71.445 59.149 37.968 48.648 43.638
63.061 55.76 34.495 42.822 37.077 31.685 36.035 34.489 39.452 30.018 40.912 35.804 34.366 34.336 44.683 40.559 50.427 59.534 56.624 54.323 51.21 62.782 54.779 61.249 63.262 63.831 63.211 68.4 71.334 75.028 64.11 56.404 56.565 55.784 54.708 56.018 68.85 69.406 58.315 55.275 51.437 68.972 47.169 27.582 48.63 52.513 37.829 26.797 29.785 27.757 29.391 47.375 55.515 55.396 52.619 35.864
60.533 46.433 35.335 34.828 33.453 32.203 40.691 53.416 51.918 42.265 46.203 34.002 34.794 39.291 36.055 37.778 40.076 49.682 52.048 48.156 48.251 63.918 60.503 70.656 75.527 71.455 65.697 75.73 78.203 75.59 63.37 59.492 54.579 51.742 55.813 61.942 65.947 66.246 56.073 53.211 57.186 46.713 36.618 26.891 49.227 51.738 52.897 44.677 34.467 28.573 30.277 57.54 59.289 60.253 54.533 31.742
98.865 54.677 46.235 39.577 35.313 34.585 43.22 43.305 35.582 39.177 42.588 39.153 37.898 44.996 50.499 52.372 57.714 60.774 65.659 58.073 55.139 66.067 65.174 83.979 79.961 76.361 69.537 70.298 79.565 74.841 63.97 57.61 61.377 56.256 55.097 66.423 64.183 70.672 70.536 61.487 52.212 45.861 38.317 26.403 24.076 38.77 48.151 36.569 31.505 34.427 36.997 38.828 45.9 49.916 52.25 37.916
79.849 65.783 43.084 35.464 31.271 31.304 47.519 35.293 39.161 37.157 34.079 42.537 48.842 56.972 62.866 56.894 58.028 69.926 71.927 82.819 83.834 79.914 68.296 71.739 84.419 90.459 70.947 72.753 77.691 74.618 64.676 62.69 66.693 63.07 61.749 65.833 69.557 72.488 84.689 67.817 50.455 44.953 47.034 30.661 25.912 28.561 38.897 36.201 34.869 28.435 24.552 26.415 29.21 37.468 37.287 33.831
104.39 64.234 48.234 39.415 35.651 27.1 28.005 35.995 41.221 43.699 41.019 46.924 60.903 66.728 61.965 63.973 76.215 79.84 86.291 91.254 90.471 84.611 81.725 80.366 81.987 85.866 77.009 69.34 74.314 69.849 62.828 63.523 67.724 67.101 68.506 70.34 73.691 82.381 75.573 69.103 56.452 49.008 41.107 31.713 40.958 47.372 53.126 45.789 46.044 36.558 39.206 43.46 44.292 35.078 46.729 36.518
113.17 61.061 32.937 38.188 36.339 26.984 31.208 40.2 46.477 45.458 41.411 46.715 54.395 61.708 66.196 77.893 78.145 73.321 77.848 89.504 98.348 85.318 84.409 85.253 83.281 75.108 74.154 76.234 75.716 72.411 63.144 66.743 68.052 69.818 69.619 81.45 82.21 75.894 71.025 72.487 60.086 56.626 48.82 33.379 50.426 51.062 41.72 53.817 53.074 44.623 47.875 45.249 42.192 36.334 29.851 39.454
90.953 53.682 30.887 45.841 28.672 31.735 31.292 40.317 53.016 45.279 52.983 58.177 59.599 62.675 75.406 85.341 90.425 81.427 69.826 80.803 89.308 79.808 78.187 72.134 75.236 81.136 78.885 89.098 84.69 79.157 71.449 71.625 66.119 75.847 72.743 83.469 85.659 74.465 75.054 73.529 59.618 55.721 50.012 41.981 59.866 54.773 45.093 31.197 48.947 52.211 61.689 61.856 47.62 31.16 39.707 38.853
66.975 41.78 33.53 43.483 35.903 36.758 30.125 39.371 50.923 59.198 57.3 59.86 72.037 70.438 89.625 89.115 91.091 87.012 83.232 77.42 73.44 68.7 65.86 70.386 89.643 91.742 84.765 84.917 79.537 76.281 76.06 75.981 74.272 83.923 77.717 83.515 81.557 75.324 75.353 77.27 72.456 56.172 51.555 50.928 57.682 87.293 62.839 46.579 50.595 54.311 53.227 65.426 49.491 40.61 43.043 10.045
74.638 45.852 37.491 60.915 37.071 31.18 30.658 31.036 37.242 37.035 47.393 50.28 62.709 73.233 88.04 106.2 106.68 100.98 81.844 77.608 69.051 72.496 64.768 64.161 83.031 85.153 80.885 88.328 80.483 69.299 73.328 85.493 85.23 89.595 84.639 76.453 77.782 74.21 68.756 71.233 71.598 66.115 60.386 57.21 44.765 57.854 62.466 54.734 44.002 40.14 41.151 53.162 37.559 42.307 23.87 20.466
80.417 44.562 36.203 55.648 36.5 31.555 27.112 30.515 33.512 38.946 42.214 49.47 57.864 73.017 100.82 95.968 102.8 97.439 87.272 70.651 72.892 66.388 63.924 67.619 77.879 78.604 69.642 89.412 81.853 75.157 82.993 84.514 90.676 98.971 92.031 83.343 86.162 85.064 84.771 88.909 73.057 72.601 58.104 46.677 46.79 50.073 62.653 40.215 49.02 48.722 41.174 41.653 49.646 37.893 29.994 20.575
55.8 51.002 31.439 31.097 31.693 43.919 41.659 41.626 34.571 36.559 42.616 53.035 64.243 69.179 81.559 91.362 93.579 100.89 97.49 75.411 82.867 78.971 82.87 83.979 76.718 80.516 80.332 85.911 84.742 84.083 79.566 95.97 82.596 82.007 83.825 84.011 95.415 81.863 80.902 77.817 68.44 61.502 61.026 55.312 50.912 49.34 43.151 47.164 56.316 46.462 42.62 51.188 46.16 26.313 26.134 16.3
74.479 45.187 34.607 36.015 36.448 53.178 41.498 45.781 45.632 44.347 43.104 50.327 56.587 60.339 82.72 84.925 89.004 92.878 95.953 91.757 77.154 67.003 66.56 76.172 82.553 79.656 72.759 81.175 82.619 89.157 91.337 91.845 87.412 87.022 83.033 87.639 91.164 77.062 78.524 77.532 63.077 63.948 63.551 56.121 48.183 51.177 48.801 44.426 57.534 54.856 45.095 44.252 28.395 25.706 22.696 18.821
74.369 54.998 45.495 34.451 34.812 39.122 42.818 40.329 50.456 55.012 56.331 69.625 54.267 58.347 65.004 81.68 91.557 103.66 111.9 96.855 69.391 67.856 60.132 63.679 71.254 68.773 75.648 75.932 91.951 103.91 94.392 67.086 70.261 78.084 87.234 82.674 77.109 75.73 67.547 72.903 66.696 70.097 69.423 58.106 44.533 42.547 47.761 54.584 58.934 63.665 30.161 22.868 25.213 21.32 15.812 18.09
62.967 48.235 45.512 35.601 36.422 43.218 46.975 46.817 53.952 66.461 74.852 77.597 62.392 69.447 71.491 79.961 81.367 95.612 85.006 82.763 73.526 67.913 56.745 50.024 53.62 60.432 75.048 81.773 86.914 84.163 64.784 56.371 71.349 79.252 92.672 92.235 74.185 72.154 75.386 74.725 79.523 80.098 74.533 71.228 53.718 42.371 40.178 48.524 63.528 37.686 21.872 19.165 16.594 17.042 15.758 14.551
71.361 55.496 55.812 63.864 52.096 39.898 40.008 47.727 48.558 62.733 71.101 79.522 84.167 72.098 70.95 66.75 69.471 76.047 76.074 75.207 67.552 66.916 57.263 50.293 52.112 56.845 72.561 87.223 76.187 74.412 65.718 59.542 68.952 71.08 78.967 63.4 67.327 71.441 85.705 76.858 76.38 69.517 61.648 60.155 60.917 49.729 41.109 41.798 26.892 20.354 21.51 19.269 17.955 16.223 15.337 11.338
65.518 55.376 53.168 55.319 69.168 48.639 44.336 58.321 69.753 59.034 67.71 71.356 77.065 72.696 74.342 89.196 85.742 83.167 80.185 93.664 82.925 67.5 63.602 60.251 57.653 62.872 70.408 69.05 67.101 71.295 67.982 61.863 61.669 64.078 61.112 63.191 77.969 66.31 72.936 86.5 81.009 78.839 64.103 46.412 55.879 52.696 44.955 36.75 20.209 19.558 22.072 18.376 16.687 15.756 16.162 9.8689
53.354 48.351 49.86 45.461 47.199 54.661 53.193 59.342 62.054 61.494 57.545 79.259 77.629 71.574 80.71 72.445 74.636 90.146 96.023 99.331 69.459 57.837 66.301 60.563 67.983 72.555 73.12 65.34 76.866 83.488 76.133 54.034 50.278 48.984 53.236 60.956 76.376 66.05 55.983 68.66 71.147 66.18 56.498 50.378 51.691 42.697 39.127 28.241 17.688 19.86 17.546 11.317 9.2411 12.058 8.1494 8.733
48.564 43.483 48.095 49.315 46.875 51.33 49.115 65.157 79.962 72.364 58.143 67.017 74.712 79.799 76.251 66.075 66.518 75.74 76.397 69.306 59.54 62.07 62.991 57.302 65.111 73.431 63.731 66.784 77.234 81.906 75.936 57.484 55.68 47.653 46.881 53.2 60.647 67.968 63.149 72.073 77.017 71.087 54.737 51.919 47.364 40.355 33.477 23.413 16.673 17.5 17.463 11.192 11.003 10.085 11.301 17.602
57.671 49.731 55.723 52.678 42.001 55.685 59.787 58.632 63.216 77.035 72.466 73.987 74.076 81.542 73.601 71.821 67.223 84.534 83.007 62.863 63.872 71.117 85.076 62.726 52.611 55.27 53.893 58.741 78.947 88.587 68.093 57.45 57.221 51.045 48.655 59.1 62.439 73.499 81.983 80.197 74.348 67.9 54.825 45.754 48.343 41.379 33.8 35.081 26.706 21.766 21.127 11.918 12.869 11.993 10.859 9.9148
61.127 55.419 65.812 52.137 36.532 48.019 63.375 60.678 56.059 58.274 75.62 80.673 78.251 74.907 66.392 79.764 86.559 90.991 92.556 71.888 74.854 74.683 78.782 59.176 44.999 51.896 56.783 69.117 98.949 99.235 72.045 56.55 55.134 68.117 58.45 65.43 68.983 72.632 84.615 86.408 80.321 58.805 50.004 50.809 43.517 40.079 27.985 26.278 21.467 22.57 23.089 18.501 15.303 16.039 14.483 6.3568
58.92 56.781 65.369 72.126 68.418 69.377 63.963 65.077 67.064 68.298 57.75 50.856 62.97 55.859 61.345 67.068 76.629 79.646 85.869 66.416 73.834 67.803 67.063 55.239 49.749 52.49 71.704 81.162 91.693 105.01 97.424 77.05 61.4 58.572 53.958 51.138 62.936 56.525 80.293 78.089 80.468 89.749 59.726 49.32 49.267 25.276 20.956 18.813 18.941 18.227 18.304 15.208 15.692 14.729 13.242 13.675
68.71 53.344 68.361 73.052 67.56 60.177 60.759 71.682 84.045 68.165 62.669 59.541 74.356 67.036 66.384 70.726 84.008 79.379 66.963 72.057 76.488 77.367 67.714 69.59 66.454 64.801 69.752 58.878 69.195 93.336 89.182 68.699 63.412 63.379 59.208 56.82 57.487 55.751 83.774 77.79 83.206 84.285 66.978 48.928 39.97 23.873 25.716 24.353 23.985 22.696 20.661 15.608 24.565 19.369 18.406 21.037
74.324 69.083 67.762 78.937 69.586 69.128 81.17 57.84 69.697 78.469 73.143 76.497 81.664 75.867 72.667 79.735 84.87 84.155 69.267 69.639 75.565 73.493 74.734 80.699 76.86 65.667 59.83 60.633 81.778 88.696 80.531 65.952 67.622 69.554 59.941 59.445 54.209 47.665 57.134 73.579 85.698 89.657 68.907 58.835 28.228 26.583 26.428 28.318 24.077 25.183 23.762 19.588 17.291 19.774 22.25 21.248
72.445 80.034 80.555 120.14 96.758 84.127 88.788 65.094 59.449 77.567 75.832 73.537 86.673 81.805 96.943 102.55 91.667 84.95 76.403 72.949 83.345 76.501 71.782 74.989 75.577 65.601 77.537 79.853 85.409 72.031 74.865 71.586 64.29 64.675 56.22 59.553 53.116 51.697 48.067 62.218 69.418 82.131 75.523 61.87 34.47 29.828 22.648 29.179 26.196 28.235 27.566 18.799 17.814 22.302 23.525 28.588
78.033 82.03 91.544 109.62 110.82 93.989 86.352 70.549 59.135 68.737 70.104 75.457 86.739 88.65 84.026 91.358 94.322 79.955 78.627 89.178 79.21 64.853 64.145 70.39 76.993 75.895 73.1 85.421 85.802 79.116 69.728 62.42 55.88 55.975 59.259 52.135 48.724 50.812 56.209 53.8 61.314 62.384 63.883 65.949 46.238 38.776 40.508 25.87 24.212 22.959 24.663 16.46 13.955 17.468 24.08 37.112
81.449 83.471 97.936 109.47 101.85 94.549 89.572 74.93 64.859 68.883 73.985 79.499 91.842 91.896 91.985 87.088 87.603 89.66 89.105 98.921 87.738 68.924 73.88 89.513 91.325 79.695 73.318 79.7 86.964 98.859 76.914 65.26 63.103 64.86 63.18 62.874 71.734 76.358 79.541 59.066 61.356 65.826 55.486 50.848 43.341 35.233 39.363 35.764 24.172 24.736 25.313 17.894 18.496 19.764 25.754 29.568
88.992 94.249 113.19 123.29 98.836 87.225 91.437 73.215 63.672 68.633 67.64 75.819 80.774 78.52 78.76 82.702 89.571 89.045 92.878 98.125 81.563 80.686 82.126 87.31 81.494 85.328 77.73 75.642 76.673 89.467 78.667 73.635 70.335 66.396 75.463 79.093 96.028 95.996 81.598 69.283 63.974 65.84 56.898 57.031 52.46 44.409 41.242 40.699 41.256 29.664 24.111 16.639 19.48 23.809 26.335 24.857
