46.16 39.472 42.481 41.763 39.02 36.706 29.095 37.061 42.944 32.189 32.541 38.462 37.347 28.923 37.609 39.34 31.131 28.192 37.842 48.472 42.131 40.605 56.143 75.329 84.603 85.661 84.367 84.921 93.944 80.374 72.415 84.548 83.244 92.811 78.49 73.01 69.826 60.656 54.318 49.865 40.602 36.941 35.561 37.458 36.918 37.952 35.165 35.724 38.384 35.178 39.657 36.102 34.606 33.672 32.021 33.64
49.187 41.299 41.934 38.18 32.503 37.728 37.116 36.707 38.028 33.484 33.229 43.426 33.175 31.684 39.392 44.598 33.613 32.967 33.842 41.613 42.791 50.214 50.396 73.456 73.495 72.815 79.88 93.064 85.589 81.133 72.892 80.188 82.536 91.891 102.36 94.717 80.527 63.255 51.346 51.753 44.701 40.878 37.336 31.922 31.657 28.812 21.432 24.151 25.724 28.257 40.545 36.887 26.783 26.446 24.994 29.024
74.744 60.297 59.584 47.357 37.328 42.121 40.893 47.171 39.379 33.832 34.762 49.237 46.705 41.448 44.615 45.698 42.401 30.258 35.973 44.616 47.736 58.971 54.851 66.506 66.708 67.699 74.821 80.726 91.289 84.153 72.806 74.198 80.07 95.602 94.233 111.43 93.233 66.525 54.506 51.74 51.569 48.777 38.725 30.103 25.638 23.428 25.176 24.357 31.973 37.065 33.064 32.632 29.463 24.608 24.225 29.24
83.862 93.967 58.033 56.526 54.732 88.935 69.094 63.515 47.198 42.902 38.666 59.299 49.528 51.503 52.293 38.28 42.623 28.05 34.11 40.005 39.086 47.552 47.53 50.275 54.244 49.995 62.494 68.815 74.701 66.963 62.091 73.11 78.296 85.81 107.54 108.41 81.039 70.903 58.039 53.714 60.818 54.563 45.866 37.205 39.17 32.351 32.818 40.086 26.887 25.551 21.774 24.697 31.616 20.089 18.951 35.771
62.392 55.984 62.689 46.761 40.797 47.694 63.526 60.538 39.2 54.6 53.66 57.356 42.073 39.807 51.024 45.878 41.846 31.376 31.732 39.651 40.006 40.853 49.781 54.526 55.449 45.284 55.758 62.612 63.503 50.7 64.277 78.592 80.565 89.511 98.977 103.44 81.913 66.454 50.664 47.093 57.211 58.281 51.734 41.246 44.702 48.546 45.785 44.234 29.958 27.331 26.372 20.809 19.681 26.302 21.48 25.409
63.463 46.778 46.974 45.145 39.881 43.378 64.69 51.343 42.587 59.34 48.918 50.719 54.104 47.665 50.177 49.656 39.489 47.192 38.971 43.738 42.664 42.022 45.895 47.389 44.886 42.505 49.847 60.599 62.697 56.39 59.987 78.044 89.426 96.414 92.493 93.598 75.542 56.146 54.937 48.078 61.935 70.636 54.518 59.843 63.966 54.681 45.739 32.198 31.403 29.946 38.722 30.004 28.671 34.997 32.323 17.615
52.839 62.249 47.912 62.036 52.732 45.619 52.707 50.7 42.808 57.314 59.989 65.415 69.832 64.847 57.926 42.677 56.602 47.552 37.379 46.733 43.779 44.637 41.418 41.209 45.056 42.649 43.65 55.387 65.129 58.147 59.994 75.598 66.307 73.794 66.405 75.385 61.382 53.942 51.696 53.093 63.627 59.271 66.808 72.946 57.201 45.229 47.681 33.301 32.54 32.185 35.242 34.132 45.393 55.218 36.628 18.057
98.403 74.929 68.714 69.857 88.295 51.871 59.191 57.844 43.938 48.533 58.014 63.003 51.701 45.567 39.105 42.53 46.639 40.743 43.279 61 39.78 35.389 38.286 39.304 35.336 38.59 41.009 51.988 65.715 62.332 64.159 79.801 83.54 86.801 74.211 78.517 61.902 50.629 73.812 70.294 69.493 76.461 69.27 56.364 51.2 40.118 33.984 34.919 26.712 34.157 38.276 54.18 60.208 69.105 47.315 27.838
100.99 90.255 90.172 69.747 70.689 68.072 63.108 53.016 46.93 44.604 46.84 58.581 53.239 47.466 43.051 46.388 41.272 45.44 60.163 53.754 40.89 31.968 33.12 34.327 40.57 38.317 42.416 54.066 74.972 65.265 62.931 79.099 79.087 93.238 83.051 65.746 58.052 67.066 64.714 62.204 74.723 61.108 51.212 47.539 43.703 41.784 29.958 32.509 29.663 30.651 33.384 44.368 50.768 44.758 39.749 35.578
71.199 54.582 52.549 51.747 51.389 68.37 68.519 51.797 44.106 47.191 42.545 54.376 49.954 64.026 45.934 57.015 50.019 70.807 57.482 47.392 39.159 34.96 39.947 49.097 49.957 49.666 56.128 63.099 71.499 65.986 61.633 79.549 101.54 73.024 79.912 76.809 66.89 86.727 79.128 60.297 64.431 64.721 48.562 45.386 36.054 35.81 32.935 27.872 27.247 26.893 32.952 41.295 36.909 37.116 37.344 28.065
55.818 43.143 45.983 44.656 56.917 52.31 54.538 49.013 44.12 46.7 40.923 51.314 56.638 58.147 47.923 45.768 51.862 75.251 74.225 59.045 41.661 41.822 40.417 50.88 44.755 55.876 73.482 72.489 73.281 70.289 66.672 84.106 105.02 82.819 61.959 68.056 74.167 80.266 64.676 48.602 54.892 56.942 45.423 35.304 33.085 34.71 35.371 25.98 20.96 19.734 28.968 35.29 34.015 28.357 33.27 25.025
64.475 72.508 58.931 51.163 59.374 71.007 76.115 57.963 47.372 41.979 50.913 62.929 64.485 81.294 86.503 90.152 81.042 86.58 72.562 72.087 56.33 52.348 58.193 70.905 59.729 62.504 67.684 80.015 73.052 70.67 74.977 65.735 79.911 61.666 45.599 52.035 55.51 68.953 55.738 43.216 35.209 35.626 32.807 36.855 39.256 39.454 30.714 25.047 21.715 28.625 30.383 31.532 28.373 28.999 30.302 23.68
55.805 51.161 60.34 63.392 60.921 64.852 70.656 58.341 47.005 38.442 43.111 68.021 64.002 70.608 82.493 92.43 86.543 75.39 71.025 62.919 53.872 45.296 53.583 65.103 67.96 58.738 77.095 89.382 91.764 85.092 85.959 60.673 69.468 45.66 29.267 32.176 34.918 35.84 41.923 38.007 34.309 34.946 29.826 35.389 40.846 40.513 27.865 35.568 26.903 25.209 23.822 26.336 25.229 24.409 27.078 29.183
68.1 68.862 58.156 56.717 48.003 68.284 85.646 49.975 44.61 44.266 45.755 64.327 71.552 79.25 80.769 71.021 63.302 70.214 54.664 54.059 51.763 46.992 44.865 62.146 63.657 57.424 70.928 76.744 73.504 85.566 75.459 55.615 49.71 32.454 27.043 29.364 30.222 26.727 31.549 31.581 26.974 34.302 32.438 39.111 30.469 26.755 25.741 24.607 29.815 25.508 27.811 23.235 25.003 27.338 29.297 27.883
87.565 80.099 71.242 53.095 43.396 49.537 71.402 46.79 49.848 47.106 53.107 75.17 82.527 91.736 95.755 77.384 61.473 80.728 64.312 51.755 33.198 55.795 40.691 68.429 48.314 49.455 50.74 66.126 83.537 99.015 77.471 44.127 28.53 23.503 23.073 24.822 32.275 29.275 31.065 30.814 29.155 30.394 33.056 35.766 30.574 27.587 27.805 24.564 30.39 32.273 28.942 23.813 27.805 26.387 30.881 30.879
81.427 79.714 81.502 65.815 51.793 50.024 61.589 54.691 51.273 57.896 53.28 106.94 102.97 111.17 97.659 82.483 76.757 69.082 58.694 36.387 37.422 42.456 48.044 54.142 48.272 51.419 57.007 76.252 82.621 87.997 65.807 42.512 26.01 37.045 25.603 25.856 21.677 27.266 27.995 31.122 27.625 30.488 34.76 29.068 29.31 24.528 25.396 23.863 29.861 24.539 26.44 30.221 28.373 25.988 25.85 24.422
71.301 74.256 83.992 64.205 58.422 64.542 64.419 62.495 48.806 42.489 42.139 91.886 88.929 92.454 86.321 81.318 59.458 54.054 45.203 35.156 37.928 43.12 38.475 57.553 50.379 53.097 60.111 75.565 72.387 83.768 78.13 48.232 32.405 47.957 29.74 26.693 22.194 23.886 23.048 26.627 28.116 34.952 30.285 23.888 24.017 21.594 23.776 21.721 25.416 23.52 23.169 29.982 22.805 27.434 18.395 20.578
75.775 69.021 72.842 78.897 70.668 67.66 71.667 54.835 54.217 45.495 35.675 85.242 86.955 96.209 101.14 81.505 70.654 49.247 53.355 47.274 37.918 44.085 36.715 36.812 41.729 45.8 50.862 63.083 64.278 102.34 76.75 40.961 35.875 32.35 24.645 25.923 25.05 23.486 20.165 28.169 39.267 40.423 32.197 24.203 21.491 23.907 22.064 23.451 22.788 24.071 28.758 28.5 34.996 59.019 36.121 31.565
66.813 69.696 81.634 71.464 76.457 65.855 45.218 46.292 54.171 41.315 29.709 86.886 90.823 103.57 104.85 94.523 74.041 72.595 75.672 71.514 49.448 33.234 30.801 29.221 36.55 36.496 53.596 60.135 47.276 52.057 35.007 30.171 29.681 32.258 26.095 31.684 30.974 26.314 22.485 32.252 35.467 33.689 30.782 27.669 20.942 22.34 20.211 22.403 25.993 22.785 22.452 28.585 30.046 44.648 39.313 32.967
68.302 68.787 81.012 79.127 67.102 50.925 37.521 48.085 48.104 31.205 32.342 58.74 60.133 73.623 66.77 68.608 52.115 76.449 82.767 88.819 53.928 41.782 37.291 28.092 32.169 40.428 60.223 73.329 36.508 44.639 57.516 27.118 23.871 25.589 32.235 45.786 35.865 31.849 29.28 26.494 24.404 24.921 31.237 30.7 18.903 18.197 18.833 21.759 23.376 25.945 21.469 18.439 16.636 20.011 25.692 22.697
100.2 90.182 82.05 82.174 80.276 83.779 64.029 66.57 49.844 34.865 27.399 40.571 51.831 73.63 59.728 64.07 74.844 71.741 69.228 93.276 65.132 59.76 45.63 33.165 28.313 38.034 46.537 48.841 37.395 40.276 38.066 30.68 27.937 25.601 38.237 52.905 65.727 38.296 25.115 26.277 28.443 31.335 39.509 24.985 19.387 17.981 19.065 25.403 22.25 24.77 22.771 15.316 17.241 19.182 23.894 29.835
138.73 114.83 81.41 77.503 67.907 82.919 81.307 93.739 56.407 21.844 23.425 30.852 33.162 51.047 47.94 55.357 85.722 70.293 51.578 71.059 68.927 70.104 44.733 35.236 39.399 47.851 57.587 67.336 44.48 33.239 34.73 42.556 31.131 25.302 31.817 43.265 44.035 29.395 29.064 36.373 34.743 39.269 27.146 22.297 19.265 19.271 18.766 22.555 26.553 25.234 22.558 16.661 18.788 26.651 31.064 32.904
113.45 109.11 71.557 78.946 73.971 97.47 66.522 69.585 40.943 20.731 19.522 40.929 44.35 62.056 80.496 66.796 50.91 54.393 52.566 62.165 63.704 67.052 66.517 55.666 49.541 48.591 56.068 91.633 50.582 36.796 34.128 30.474 25.335 31.675 32.76 36.947 33.694 26.872 30.261 35.142 28.793 27.711 22.744 22.763 29.557 32.247 36.318 26.168 28.513 32.621 21.439 17.979 19.593 23.25 27.524 27.54
102.86 97.421 80.488 86.131 72.722 72.502 57.34 42.279 29.391 36.84 40.433 50.936 37.172 45.61 46.964 51.41 49.81 41.073 43.741 56.687 64.133 61.771 77.357 47.431 38.839 46.947 42.249 50.75 37.963 36.481 46.346 46.478 34.902 39.032 38.288 36.929 29.504 27.359 29.01 26.827 24.676 23.528 23.654 19.966 23.722 42.759 39.405 32.718 27.045 27.365 16.292 21.212 24.88 30.652 39.975 28.247
72.46 83.714 76.746 82.723 80.276 57.353 55.528 24.983 36.671 46.617 41.112 30.548 34.432 29.857 33.218 40.819 47.979 43.983 38.682 43.344 68.717 56.657 60.302 51.557 49.32 45.305 58.261 56.031 54.883 50.971 53.114 51.771 43.439 46.07 36.048 32.133 26.846 30.52 26.402 28.245 23.815 26.268 27.907 23.883 38.538 51.922 49.289 31.001 29.545 25.37 22.839 22.916 33.461 40.588 40.245 28.279
63.416 63.884 68.343 84.661 99.693 78.58 47.3 37.826 37.81 35.024 29.004 30.86 38.147 34.611 45.862 51.487 49.784 52.49 52.476 53.475 72.47 61.614 63.079 61.319 41.899 44.05 57.036 65.613 61.383 60.768 63.876 68.457 59.044 41.458 32.814 34.33 38.078 31.487 31.49 23.924 22.799 25.8 28.819 39.307 45.411 62.572 63.115 26.212 27.229 31.45 34.053 25.668 36.475 45.347 37.062 34.333
84.798 84.694 73.248 102.34 116.53 103.11 64.318 56.961 50.814 37.219 39.801 53.154 41.372 46.483 41.973 43.83 53.392 71.72 62.933 54.405 67.004 81.908 75.665 68.287 58.841 51.371 50.512 58.931 55.309 64.674 65.094 50.932 47.228 46.009 47.4 40.499 39.388 31.037 29.685 26.782 25.649 22.932 25.341 22.052 27.002 26.49 30.937 23.933 43.214 38.618 33.436 36.727 34.218 33.815 33.146 43.374
98.727 112.13 81.955 103.01 108.6 126.93 92.454 74.438 81.762 51.703 49.262 61.027 48.307 42.155 39.585 36.433 50.721 71.709 77.97 80.642 85.58 85.572 89.229 66.004 64.284 60.529 45.692 52.902 53.426 66.831 65.136 54.686 55.217 52.021 50.098 41.662 42.541 36.166 33.237 29.249 31.197 29.306 26.118 31.416 20.6 17.247 22.492 25.736 28.415 33.969 37.324 50.73 48.045 51.69 35.99 33.039
125.06 108.95 99.379 111.31 89.178 88.384 72.266 68.057 64.055 46.981 31.88 34.093 30.851 34.529 45.619 35.599 40.623 49.923 55.674 68.603 62.09 80.244 88.904 72.659 69.515 58.074 51.303 45.17 54.346 67.015 57.602 50.495 55.589 52.193 50.134 44.266 45.412 41.827 39.659 34.461 43.353 41.024 28.021 24.831 16.27 16.894 23.046 25.434 28.454 30.192 36.19 33.186 38.248 41.841 39.364 35.986
125.89 126.15 132.71 121.16 94.758 66.186 54.727 53.077 46.986 33.877 28.205 32.84 27.693 28.889 39.033 38.418 43.554 49.853 67.295 58.686 73.305 100.17 73.921 84.41 84.621 66.343 55.714 49.581 52.327 65.861 59.294 58.692 61.488 59.379 55.044 52.094 51.731 48.904 59.798 53.096 49.801 42.434 29.782 21.476 18.003 19.28 24.325 37.469 44.454 39.44 38.517 34.418 31.522 33.147 24.708 38.591
123.59 110.24 108.1 93.228 57.154 45.749 35.051 38.684 32.955 31.854 24.353 28.083 32.193 37.976 46.848 62.038 65.43 70.418 62.211 76.5 122.19 113.24 71.483 49.902 71.89 61.768 61.981 56.146 53.645 58.418 58.122 65.117 62.242 59.396 56.704 59.066 52.58 62.948 73.575 56.914 46.71 46.474 32.916 23.754 22.807 19.882 21.481 36.523 43.018 45.219 48.463 35.488 32.597 29.183 32.621 40.33
145.33 124.81 97.486 86.338 46.408 47.768 56.76 58.153 50.241 25.466 25.407 38.394 41.945 52.368 58.778 81.108 95.874 97.663 90.251 83.146 107.25 92.79 68.021 56.99 59.026 62.042 39.534 62.568 70.072 59.808 59.709 60.005 59.87 62.514 64.524 65.639 69.306 82.197 80.996 65.772 59.473 47.394 41.556 34.435 20.15 17.563 14.342 28.418 34.394 40.185 44.529 40.03 41.517 35.651 31.678 51.844
134.35 123.44 79.034 60.469 36.689 41.019 59.309 57.018 39.823 28.955 25.364 44.62 50.835 55.307 76.357 102.09 96.125 100.09 88.202 65.107 86.633 84.431 58.651 55.054 63.34 54.796 44.218 75.119 78.886 59.457 62.991 65.21 67.742 69.05 73.035 78.178 86.658 87.705 80.489 64.98 55.351 44.796 41.054 30.582 19.283 17.51 17.181 22.405 31.63 34.063 37.283 33.132 41.158 46.935 54.188 59.403
123.04 95.531 58.527 54.502 36.731 52.763 61.056 40.546 32.695 28.572 23.831 51.18 63.057 75.504 107.48 105.71 91.079 85.826 78.282 76.501 78.345 70.366 62.608 56.569 66.255 62.432 52.289 58.992 67.244 63.297 66.715 69.141 70.626 82.187 90.114 102.87 95.643 88.027 80.028 59.748 49.848 43.321 50.041 28.877 21.105 26.052 21.563 26.215 32.514 42.41 40.874 28.242 39.261 55.739 66.526 101.25
129.13 109.5 73.109 70.391 74.15 64.73 38.783 27.095 25.095 24.831 25.074 57.112 80.785 104.56 126.61 118.1 106.42 97.167 82.407 61.991 59.854 61.489 48.508 49.705 60.035 84.536 51.987 56.733 65.003 65.49 70.904 72.08 70.821 85.079 92.625 99.098 95.714 86.082 75.039 58.633 55.85 49.208 49.389 27.464 20.684 29.932 25.633 30.125 37.874 55.618 56.594 55.821 59.995 83.855 79.599 97.74
134.18 118.06 82.776 99.963 83.542 64.825 44.274 57.445 46.128 39.19 39.477 53.675 86.447 105.06 135.52 121.7 111 96.643 77.543 48.635 52.201 47.607 48.257 84.035 81.347 69.987 46.717 52.493 61.885 66.611 68.907 78.939 85.092 95.115 98.768 94.072 93.842 83.186 74.957 57.517 55.103 47.057 36.434 20.3 20.724 22.962 40.151 49.121 59.931 82.351 88.608 99.379 111 113.88 94.981 112.93
132.87 109.81 59.28 92.488 77.043 60.687 56.392 63.53 54.687 44.863 38.154 56.086 84.599 102.95 114.34 109.7 104.88 97.848 88.181 64.638 58.877 46.939 49.102 85.507 93.684 53.177 44.996 49.402 59.159 64.394 69.91 79.823 90.79 93.965 88.403 90.333 86.855 80.86 71.834 59.749 51.549 39.182 33.29 20.854 19.703 27.127 31.223 67.75 83.114 104.53 120.51 129.93 125.65 113.16 122.99 116.97
125.89 97.643 50.249 63.466 49.967 47.91 48.917 52.471 53.73 48.159 40.496 61.058 74.85 86.849 113.32 99.688 90.517 74.294 72.188 64.521 61.679 53.324 77.466 89.429 79.947 55.232 39.317 55.011 62.442 64.947 77.51 83.278 87.286 90.935 87.488 84.48 81.268 73.563 67.081 54.13 47.52 37.061 29.244 24.663 25.665 39.333 49.388 77.761 105.23 121.08 135.98 148.67 134.33 133.98 146.56 101.16
124.61 86.296 62.746 82.629 47.959 43.158 43.483 53.219 53.995 44.879 51.169 57.443 68.275 77.127 97.566 83.983 73.081 67.063 59.917 64.746 57.088 55.425 77.38 91.318 107.09 67.435 42.842 55.357 61.414 67.825 73.271 76.212 81.104 82.341 83 79.734 76.153 68.77 62.032 51.09 41.523 35.926 38.146 30.218 37.577 58.242 74.489 91.984 115.53 140.17 147.03 154.65 137.68 137.53 109.59 100.72
110.04 84.84 75.294 79.227 50.774 48.489 47.431 66.516 51.455 49.659 56.313 49.404 63.537 82.191 105.75 74.32 79.5 75.952 61.324 64.551 53.955 48.794 77.616 113.06 138.39 75.345 53.917 66.928 69.847 71.406 76.483 72.871 74.949 76.65 80.244 65.485 60.87 52.976 49.59 41.076 30.121 27.02 29.782 35.037 47.771 64.346 73.884 97.546 126.37 144.7 147.07 152.09 145.97 108.23 109.64 85.89
103.67 80.202 58.875 58.462 48.42 58.329 59.339 50.942 56.989 49.815 55.096 41.697 48.188 63.686 72.427 56.121 76.311 63.98 65.236 75.555 56.4 57.189 78.045 97.696 89.981 67.094 48.032 63.19 63.41 66.178 70.548 69.736 69.673 74.931 75.536 57.489 49.05 44.536 41.378 36.085 28.479 30.435 29.828 38.774 50.286 65.011 81.871 102.92 134.48 149.04 147.07 155.77 134.81 137.8 124.47 105.45
94.286 67.226 61.975 65.574 50.998 60.084 69.078 70.343 50.085 46.725 51.845 45.463 45.487 53.222 41.706 47.155 60.074 47.315 54.004 61.199 58.735 72.368 69.281 72.87 64.211 47.901 50.482 58.342 62.378 58.457 67.457 66.911 62.301 63.219 58.46 48.84 40.671 37.871 35.48 31.964 37.911 29.424 31.474 44.391 56.526 69.72 85.669 97.619 130.01 142.09 133.9 127.72 143.09 130.27 134.79 108.86
97.543 62.95 57.565 54.811 51.626 46.529 62.033 59.428 47.338 44.923 47.716 46.178 40.396 43.6 43.231 48.029 53.504 52.588 72.027 61.831 63.846 81.878 58.774 56.583 55.203 57.153 53.355 49.825 51.34 50.779 51.87 57.566 56.335 51.017 51.057 41.832 50.623 34.771 31.929 33.345 37.829 32.555 31.691 48.379 63.699 79.325 94.779 102.94 119.24 142.46 128.38 114.31 131.1 134.96 116.39 92.4
97.883 86.166 49.863 43.588 40.868 31.809 48.738 46.885 47.519 41.485 47.764 48.458 44.494 40.343 56.423 40.537 38.552 46.114 41.203 53.576 64.076 65.406 64.286 67.813 57.085 58.397 44.725 33.382 36.67 31.222 34.232 40.803 39.538 35.276 36.317 41.927 68.675 33.998 33.367 36.764 37.135 37.379 40.805 51.029 66.913 84.004 97.887 113.31 120.97 127.46 111.89 96.999 86.68 78.062 64.625 66.324
101.74 84.878 43.571 31.238 30.392 35.619 34.674 41.865 50.907 48.017 50.173 34.6 41.686 45.17 42.461 32.506 29.372 34.19 35.029 48.071 63.743 66.033 68.876 61.333 44.287 44.666 36.706 25.284 25.287 25.983 27.437 43.187 39.919 35.36 36.529 42.126 43.939 43.573 35.229 38.993 37.154 33.881 43.016 53.489 69.346 98.599 109.1 118.27 138.77 128.62 116.02 91.534 85.951 73.745 74.425 64.251
110.65 63.326 40.635 30.878 29.727 44.802 37.931 46.517 51.041 50.558 36.928 32.987 33.196 34.716 29.386 29.532 31.15 36.377 37.25 41.914 46.542 41.556 44.713 44.128 34.074 32.342 22.258 22.962 27.274 28.76 27.674 42.498 41.399 33.101 31.579 36.549 37.928 41.441 36.237 28.289 42.811 39.154 44.672 61.658 81.217 109.1 123.11 130.76 156.05 135.11 122.56 88.575 85.08 76.536 80.168 65.984
103.36 60.588 37.922 28.436 24.302 31.384 42.513 51.48 55.281 45.927 45.599 34.619 34.767 35.737 32.64 27.677 30.581 43.884 41.964 35.79 38.028 30.831 39.369 41.205 27.473 26.441 32.347 30.056 38.923 34.24 23.694 31.265 35.289 37.223 33.436 33.558 37.503 32.613 28.78 29 46.119 47.987 56.376 76.696 94.462 113.54 116.42 137.06 134.87 129.88 130.96 97.091 84.131 85.842 94.27 70.131
74.857 54.763 38.917 38.623 35.007 30.742 35.258 44.353 44.888 36.288 35.414 25.504 29.329 31.336 19.361 23.381 26.06 37.874 50.329 52.672 47.429 41.607 37.274 38.422 33.068 42.315 52.945 50.336 50.049 44.538 29.27 30.823 39.258 35.398 33.181 32.654 33.559 32.241 29.66 42.925 49.498 60.726 80.512 94.874 109.09 115.03 119.19 128.6 162.58 157.92 151.31 99.722 87.958 98.561 97.299 74.609
56.14 55.675 57.196 67.001 35.632 31.717 31.66 35.934 38.997 34.776 42.601 24.764 36.281 23.45 22.833 28.415 23.077 37.531 52.568 49.473 49.808 46.573 39.921 44.168 38.228 39.674 45.706 51.71 36.346 38.187 31.719 45.352 39.606 27.201 27.155 31.79 31.207 30.512 31.902 45.914 56.205 69.313 95.239 104.99 110.43 118.37 114.45 139.51 166.37 174.21 163.8 97.977 106.04 95.126 95.879 84.406
47.421 48.201 54.193 60.741 45.238 30.197 28.757 44.116 38.767 32.599 47.367 33.508 31.024 26.873 25.059 32.822 23.836 28.891 53.513 52.658 50.844 42.729 40.166 45.863 47.099 36.822 31.661 27.731 29.625 23.882 31.117 40.844 37.755 32.435 28.512 30.232 29.827 29.155 32.722 45.259 54.917 80.506 102.2 104.9 107.1 110.26 119.27 124.72 139.78 153.82 147.48 98.458 98.237 90.786 100.74 78.912
38.906 38.773 45.655 80.217 40.801 33.246 27.931 27.355 27.329 30.842 29.484 35.821 33.239 25.492 32.755 34.215 30.066 29.976 39.61 51.057 46.827 40.817 39.737 43.356 38.226 25.344 25.989 18.714 18.696 20.744 34.679 41.641 35.13 29.615 26.636 31.342 27.192 30.221 32.668 53.463 67.339 82.453 102.26 105.36 108.05 111.9 91.929 120.83 134.3 144.06 131.61 105.71 95.727 100.49 104.91 86.912
33.994 24.625 31.728 88.295 63.483 40.762 36.374 34.194 29.701 25.95 28.245 25.256 26.635 31.359 41.918 58.427 43.578 34.433 44.59 60.178 55.337 46.402 31.622 30.309 23.379 16.816 16.002 16.178 17.261 20.039 35.101 31.808 24.323 21.498 21.113 27.34 30.758 26.189 38.789 63.714 75.748 90.909 103.73 104.46 124.09 118.82 97.307 128.41 129.22 130.89 122.92 97.688 91.331 99.308 107.2 97.802
30.158 22.394 38.63 87.6 62.214 50.184 32.151 33.399 32.775 22.201 22.263 27.374 21.861 31.809 35.029 34.443 33.36 37.302 45.573 77.737 51.264 37.781 47.385 28.63 21.464 20.116 17.674 11.114 12.063 19.598 23.618 21.806 18.105 16.344 16.599 21.857 22.415 28.855 43.361 60.586 74.992 92.184 98.56 102.85 116.34 118.35 101.38 120.6 149.49 144.03 123.98 104.83 111.35 103.28 125.3 108.08
21.369 22.044 24.3 45.728 43.695 41.921 28.242 30.288 34.239 26.615 19.08 19.547 27.626 22.562 26.838 26.448 33.279 36.481 44.55 56.574 51.762 38.996 42.73 31.855 24.844 20.291 14.057 12.257 11.423 13.113 17.728 12.547 11.315 11.113 13.192 19.412 20.758 33.465 40.658 64.129 73.156 87.823 86.02 99.703 115.29 120.26 103.73 132.93 142.99 129 126.52 110.57 124.36 122.17 134.29 121.07
