70.804 68.691 66.033 61.202 57.303 41.422 47.423 64.391 56.728 53.965 61.185 54.883 47.974 56.695 45.236 61.848 51.53 61.821 51.332 46.703 48.118 78.067 71.068 59.648 58.194 59.202 67.229 80.867 79.202 67.715 57.771 64.322 63.068 73.294 56.794 57.695 56.082 56.948 64.242 71.774 54.17 47.968 45.989 52.138 64.166 55.94 48.277 43.801 32.553 31.623 23.857 16.587 14.473 13.453 11.333 5.5359
69.475 67.639 68.022 82.898 55.8 58.132 50.692 63.46 51.3 62.127 54.394 56.986 68.345 48.998 46.96 62.89 81.526 76.885 77.991 53.755 45.192 55.432 63.243 55.425 57.706 51.367 65.959 68.873 70.501 62.199 61.642 65.511 59.095 60.954 57.112 52.533 43.478 45.267 54.586 50.695 45.231 36.921 44.808 55.817 47.424 44.182 34.278 33.226 25.064 21.584 21.576 15.65 12.883 11.974 9.5712 3.7079
71.728 65.465 62.136 69.742 52.366 75.688 83.487 67.893 65.221 77.655 58.349 63.933 63.518 78.74 58.641 63.814 58.901 46.312 51.849 45.765 45.18 48.268 65.879 64.484 62.499 94.301 59.649 67.903 65.114 53.537 49.602 56.506 56.159 49.427 48.949 53.825 39.474 40.287 41.114 43.943 42.737 46.119 52.605 48.961 48.461 40.422 40.363 33.002 24.193 20.68 20.035 13.163 11.168 9.5683 7.9449 2.3429
68.616 61.002 69.043 63.901 62.69 53.308 45.864 61.16 61.497 67.624 58.826 73.689 60.903 60.334 49.161 59.878 57.017 44.035 42.806 49.125 46.75 52.474 56.203 49.88 49.88 46.909 54.27 65.605 57.607 61.02 49.23 56.091 53.267 55.069 56.058 61.543 60.755 59.168 44.674 45.849 46.158 55.201 59.055 61.034 51.733 38.095 30.75 23.924 20.426 17.827 17.312 12.958 12.454 12.085 11.679 5.5134
58.636 54.566 68.657 63.886 62.107 45.149 38.088 66.772 50.765 51.724 54.183 68.126 54.69 53.906 44.022 59.149 48.948 41.406 42.487 46.824 61.5 66.908 65.693 45.492 41.433 39.071 35.614 57.979 61.801 59.12 44.695 57.141 56.759 63.718 72.031 55.462 54.686 47.134 36.687 40.7 46.609 43.351 49.995 48.427 31.306 22.065 19.947 18.725 19.241 17.409 16.21 14 13.06 13.745 11.872 5.8701
67.884 50.17 64.465 44.512 38.705 34.999 28.426 48.918 49.899 46.888 48.435 73.317 51.211 54.669 44.967 48.923 48.26 51.892 42.497 51.218 70.995 52.128 43.762 45.569 41.501 46.244 52.893 47.961 38.652 39.427 41.211 46.327 48.191 44.011 54.149 38.326 43.043 32.832 29.052 34.918 37.37 38.055 34.674 38.527 21.64 22.472 21.088 17.814 15.821 17.499 14.879 12.538 12.974 12.385 11.321 5.0429
59.055 51.794 50.034 46.886 42.394 41.488 40.706 59.495 54.356 61.602 58.992 79.95 72.54 63.191 63.549 73.298 49.157 42.363 46.301 69.306 65.066 47.764 42.593 48.907 42.048 59.204 38.172 39.708 33.909 33.821 38.266 41.213 39.409 39.979 34.939 33.925 33.66 29.997 26.104 31.637 31.522 28.193 28.296 29.657 25.2 26.138 22.144 23.39 14.787 14.498 13.308 11.825 12.317 12.168 12.853 4.7287
50.306 57.705 55.912 53.792 62.4 70.183 53.685 57.232 53.542 52.419 47.023 95.258 87.034 86.959 69.61 84.834 59.628 45.111 69.295 94.421 84.915 33.951 37.705 50.045 45.784 31.81 32.957 23.97 16.284 23.548 34.967 39.833 33.515 30.9 28.753 23.818 23.923 17.451 20.948 18.974 23.294 18.307 19.931 29.72 18.475 15.414 16.854 17.299 12.695 10.734 10.09 17.143 15.965 15.212 14.552 5.0519
50.121 56.054 49.38 54.714 53.773 58.437 55.056 61.559 52.982 49.451 41.811 86.052 89.526 75.536 75.696 80.588 64.896 47.688 54.233 67.13 60.837 44.862 40.394 50.72 41.546 40.027 30.292 22.026 22.044 20.468 20.09 25.238 27.892 21.947 21.333 18.501 17.808 16.164 17.525 19.225 19.138 12.597 13.013 18.597 13.08 16.056 19.66 21.902 12.096 9.9604 9.3989 16.121 15.726 14.495 14.047 6.2866
50.001 42.745 40.939 43.904 48.745 54.049 53.267 49.259 38.553 43.75 46.422 105.1 95.095 92.719 85.763 80.22 72.827 44.67 36.669 44.683 48.155 58.813 46.146 41.934 32.374 31.507 24.081 28.057 29.869 21.249 20.617 19.376 21.931 21.725 21.207 17.816 14.824 13.155 13.564 11.628 10.479 10.568 11.851 16.033 13.646 13.933 20.239 17.471 9.977 8.1824 8.3038 16.265 14.572 14.239 14.211 6.8613
52.603 39.974 41.737 51.422 49.473 54.822 59.745 57.352 54.341 51.031 54.732 113.31 91.063 85.134 83.43 74.663 64.001 46.552 47.081 48.381 45.157 49.409 42.219 48.852 30.488 23.755 20.062 21.182 22.255 15.775 16.436 16.971 21.045 18.828 16.222 16.782 13.401 12.502 8.8429 9.4366 12.795 22.549 23.111 15.152 6.7261 6.9772 6.5896 8.3567 6.9722 6.6742 7.0585 15.103 14.674 14.658 14.769 7.0285
58.296 48.516 55.069 59.099 55.653 52.663 58.515 74.565 77.475 81.769 87.138 119.22 90.565 71.973 71.575 86.56 81.386 48.269 43.512 55.361 56.061 47.518 38.058 27.807 26.163 23.952 20.708 24.66 21.798 19.903 21.319 18.394 19.382 17.387 16.429 20.147 14.604 7.6295 9.7622 7.2552 6.7878 8.7409 13.694 12.53 8.398 3.907 3.2277 4.1916 3.9351 4.0187 4.0417 4.8386 4.7658 4.8352 5.0121 5.0576
59.058 59.644 55.681 74.05 60.898 51.853 62.347 69.638 63.913 71.94 71.11 100.56 77.642 66.99 75.43 80.546 82.474 44.183 48.2 45.134 41.64 44.237 31.604 22.596 39.019 23.061 16.495 25.705 20.584 17.857 17.003 14.838 16.025 15.494 21.921 19.871 6.4599 8.8998 7.6301 5.3061 4.863 5.3511 6.5505 6.5409 3.9758 3.104 3.6018 4.2966 3.4299 3.6572 3.8053 4.5161 4.5687 4.7388 4.8212 4.8907
63.393 60.295 82.018 62.886 48.849 57.888 74.518 81.118 68.828 65.826 66.995 100.92 77.275 69.108 62.031 82.934 71.503 51.23 44.186 43.077 58.936 59.045 34.215 26.44 18.788 16.235 14.97 21.806 18.72 16.844 16.514 15.018 14.888 14.674 16.883 11.732 7.3174 6.1221 5.0842 4.8765 4.518 4.2528 3.9622 2.9937 3.29 3.2 3.3307 4.104 3.3644 3.5492 3.5341 4.6004 4.6191 4.5629 4.5918 4.6182
62.575 70.291 72.616 72.063 68.972 66.967 72.837 118.5 95.529 78.421 75.955 99.075 79.284 71.069 90.271 89.551 70.986 62.245 59.801 55.298 48.668 50.216 32.984 24.814 20.155 14.147 17.244 26.011 31.02 18.039 16.47 15.608 14.401 14.539 15.559 9.1568 7.6708 8.713 7.1416 5.0312 5.2228 4.5916 4.3098 3.3397 3.515 3.578 3.2684 3.5388 3.276 3.4402 3.2309 4.0174 3.9809 4.1058 4.1414 4.2077
79.982 94.453 88.288 86.95 67.716 61.952 68.543 86.923 97.586 58.802 54.765 77.462 68.56 71.563 67.338 50.079 41.947 52.825 58.067 51.308 29.991 30.811 27.538 27.705 16.876 12.396 13.26 36.067 32.816 14.261 8.6552 7.9201 9.2649 8.9567 11.043 7.7154 8.8197 9.2473 8.3727 5.5404 5.4624 5.2296 4.9394 5.036 4.8339 4.6937 4.5473 3.9309 3.9342 3.4953 3.4578 3.8953 3.8237 3.8229 3.7595 3.8663
80.56 84.336 76.616 72.191 60.749 52.638 62.818 63.914 69.425 46.886 45.86 67.153 82.136 75.092 58.727 58.54 40.298 38.871 44.289 48.266 31.94 33.317 21.333 19.846 23.217 14.972 13.145 24.621 17.401 10.492 7.2502 6.9581 6.3058 10.423 10.474 7.4391 8.7852 7.7503 5.313 5.8665 5.329 5.1244 4.9991 5.2817 4.9673 4.6512 4.4941 4.4113 4.0328 3.6517 3.5073 3.7338 3.6264 3.5784 3.5116 3.6195
67.477 65.341 59.798 69.245 63.846 57.273 71.841 62.884 74.177 47.829 40.877 70.617 90.156 63.595 51.352 52.089 48.475 30.44 42.871 45.131 42.365 42.407 28.132 26.918 26.653 18.334 18.07 11.509 10.649 7.8704 6.8571 6.8803 7.2464 8.0597 5.5715 4.4692 4.7772 5.3083 4.4948 5.5362 4.7005 4.8609 5.0928 5.028 5.2818 4.8791 4.1249 3.9852 3.6917 3.5517 4.0254 4.3588 4.5608 3.4595 3.4294 3.9472
61.256 58.105 70.764 78.841 83.454 69.782 68.972 66.207 51.056 41.299 49.816 75.69 76.354 65.725 48.575 64.931 45.368 31.187 54.584 58.591 57.661 44.028 32.472 21.308 22.15 23.692 19.578 13.564 10.861 8.1846 7.8333 7.9798 7.3764 6.1798 4.7463 3.1795 2.4132 3.0318 3.987 4.7209 4.7352 4.4891 5.2086 5.3364 4.8005 4.5781 4.234 3.9256 3.9402 3.5401 5.6114 4.2454 3.5096 3.3373 4.1005 4.6886
47.99 46.02 48.117 63.966 62.584 58.936 64.323 63.187 44.436 45.169 52.936 61.145 65.546 52.676 46.973 65.019 57.435 45.958 48.017 36.697 41.129 46.934 44.506 34.367 27.449 21.046 19.313 15.192 14.548 11.662 11.306 9.4129 7.9716 8.6069 6.9849 7.6425 6.0293 6.8937 5.2784 5.5351 4.7956 3.8021 4.1866 3.8638 3.3735 3.1585 2.9678 2.7023 2.6467 2.4103 2.2875 3.4201 3.8027 3.7377 2.9185 4.3675
42.94 36.965 32.072 48.766 47.739 47.392 51.366 66.852 49.849 51.046 45.798 53.004 44.031 38.03 41.957 55.453 50.095 45.43 42.827 48.209 62.966 51.52 50.839 41.48 28.674 23.42 23.693 20.164 18.79 14.934 14.876 15.894 16.223 14.559 8.4398 7.9377 10.978 19.932 8.0583 4.2403 4.3831 3.6747 3.432 3.7963 3.6234 3.0503 2.8992 2.6255 2.4094 2.276 2.1393 3.241 3.0943 3.026 4.4229 3.739
41.174 33.451 37.264 44.887 47.611 44.245 46.464 50.862 47.244 44.054 44.225 43.508 40.146 35.671 36.835 47.442 43.546 49.37 46.372 72.529 62.407 59.161 46.63 35.419 29.047 27.22 23.8 17.595 18.945 14.24 13.397 17.315 17.671 15.079 9.7314 8.4525 10.844 9.7837 6.0989 4.2121 3.7627 3.4597 3.3055 3.4449 2.9697 2.9472 2.717 2.5076 2.3744 2.2874 2.1058 3.3811 3.2937 2.6869 4.1674 4.9443
41.33 33.641 43.222 47.364 51.322 49.334 50.528 49.972 42.751 35.459 42.213 36.327 35.861 38.581 34.811 45.597 39.061 46.185 36.146 52.568 58.484 46.201 40.573 35.049 29.914 30.22 25.582 19.548 24.109 26.363 15.039 16.979 15.886 12.1 13.981 10.753 11.219 8.9583 4.5093 3.4212 3.5486 3.6681 3.489 3.0056 2.9361 2.7882 2.5792 2.3892 2.357 2.8216 2.9178 3.0099 2.9646 2.925 3.4864 3.4844
39.678 44.171 39.248 54.401 52.221 42.37 32.716 40.835 39.24 42.045 34.458 35.924 37.098 33.307 40.441 29.824 28.447 29.243 29.416 31.334 41.127 39.796 39.819 29.307 29.976 26.798 25.067 24.413 23.66 22.625 17.127 20.064 18.615 19.611 20.322 13.657 7.6719 5.3802 3.6079 3.4315 3.7435 3.8709 3.3899 3.0504 3.0893 2.8268 2.5508 2.0892 3.6479 3.2858 2.6728 3.5438 4.5501 4.0001 4.4867 9.0023
35.915 40.05 39.015 51.272 55.481 41.264 35.882 44.044 36.766 40.345 33.089 35.251 34.921 40.909 34.298 25.485 25.661 28.09 27.641 27.043 28.332 28.56 28.016 26.192 27.703 28.23 34.094 30.328 27.951 27.429 31.33 26.963 28.974 29.203 33.721 22.853 15.46 8.1051 3.7826 3.5985 3.602 3.5362 3.3086 3.0349 3.3915 2.7114 2.7186 2.4472 2.3672 2.3868 2.9482 2.74 2.5697 4.4259 5.2076 6.1308
30.417 36.464 48.708 49.74 54.997 54.695 36.622 35.202 35.94 31.454 33.507 42.281 34.483 32.31 31.195 22.555 24.171 27.04 30.82 31.494 30.904 26.301 30.228 34.555 30.742 31 37.287 40.13 34.182 30.756 29.082 27.301 33.916 32.802 37.347 26.053 19.393 5.6318 2.9372 3.8882 3.8256 3.5467 3.6206 2.8745 3.6416 3.9741 4.8206 3.4526 2.8265 2.5607 2.8066 3.0066 10.622 10.314 6.9002 4.6767
35.778 40.32 42.481 52.43 44.563 44.309 40.694 36.47 30.52 32.388 35.237 41.922 38.577 33.115 26.594 21.815 23.006 22.264 24.115 29.402 36.446 29.768 34.972 37.263 32.474 38.142 46.059 52.772 34.319 31.865 32.848 41.78 35.314 26.736 31.57 19.873 13.053 5.495 2.8794 3.6503 3.6871 3.8066 3.7197 2.7006 3.1404 3.2342 4.7803 3.3963 3.0144 3.0974 4.0974 7.6656 7.0174 3.8583 9.5993 5.5311
28.758 31.207 37.884 50.567 43.3 48.828 47.051 26.381 25.987 32.281 30.526 28.481 26.735 26.674 33.622 25.153 28.041 23.578 19.043 22.932 27.99 26.619 29.963 40.031 43.946 46.683 46.638 49.993 38.667 31.748 33.036 34.075 29.775 24.986 23.892 14.579 8.0089 5.1961 3.4251 4.7585 4.9072 4.9021 4.9781 3.2382 3.6948 3.1961 3.3568 3.7527 3.7652 3.6602 3.8105 6.5827 11.273 12.999 11.548 7.3356
28.818 32.411 37.878 44.384 35.851 34.236 34.725 24.76 19.428 31.955 29.277 31.077 25.869 22.741 28.658 23.571 14.958 21.378 15.772 21.551 27.379 28.235 26.875 38.411 42.598 47.154 46.832 42.369 36.69 40.01 34.796 30.991 28.357 24.655 20.296 11.079 9.1596 6.4556 4.3112 4.7845 5.0301 4.9518 4.8867 3.4247 3.3877 3.9841 3.9816 4.1351 4.1472 4.1392 4.0655 6.5765 10.443 10.768 14.225 5.9731
39.769 36.944 31.105 23.874 23.491 17.266 19.151 20.482 19.287 23.936 21.398 21.137 19.246 24.027 21.497 15.205 13.583 15.794 16.769 23.449 22.032 26.466 29.929 40.82 37.335 43.709 41.618 41.066 38.223 39.562 35.944 34.527 29.52 22.741 19.073 12.177 11.476 5.2813 3.9297 5.0144 5.3751 5.4359 5.5214 3.6297 3.7333 4.1947 4.2519 4.7123 4.8913 4.6499 4.1597 5.4859 8.9396 12.703 14.134 7.857
33.655 33.974 35.391 24.186 14.6 13.537 13.889 17.753 19.361 26.322 19.789 26.344 19.647 20.414 16.289 13.63 22.535 18.659 13.763 22.022 23.921 21.73 27.286 40.89 38.512 34.811 36.423 38.876 35.037 34.816 30.378 28.235 26.417 29.49 18.606 11.584 8.9289 6.0473 4.4808 5.6841 5.8346 5.8348 5.7756 3.9578 4.0604 4.1157 4.7577 5.4346 5.0932 5.5557 5.3806 7.0793 7.4711 7.342 8.1518 7.0258
46.072 39.695 27.552 20.052 12.767 12.297 14.308 19.476 20.066 25.018 27.739 25.026 19.41 17.508 18.3 36.542 43.428 37.28 31.492 27.403 25.057 22.165 21.658 24.936 24.651 27.661 39.7 35.897 28.085 29.653 29.104 28.489 27.199 26.647 15.752 11.128 7.8928 7.0967 6.6398 6.4153 5.5103 5.4469 4.8515 9.1046 4.7068 5.5289 4.4957 6.9135 6.5016 6.3379 9.0445 9.0704 7.7072 6.127 5.4559 7.2651
39.12 39.075 24.402 16.457 12.064 13.275 13.594 17.925 20.238 23.773 21.388 22.864 19.087 16.097 17.293 27.034 40.968 34.827 45.001 30.179 33.804 27.025 20.682 21.97 22.489 34.545 36.06 32.805 25.208 27.944 27.971 25.1 23.22 20.823 19.742 13.828 9.6212 8.7067 8.5087 6.8781 5.5282 5.7001 5.3937 4.3126 4.8475 6.2821 5.8588 6.6553 6.9406 6.0019 6.9207 10.286 11.255 6.7444 6.7875 8.677
43.839 41.936 21.842 13.096 11.586 12.652 13.048 15.52 16.364 18.227 15.48 17.769 16.37 15.348 17.142 29.015 34.192 35.24 40.093 33.368 35.388 21.212 17.673 19.319 29.084 41.412 23.155 27.313 25.176 27.842 26.212 24.125 22.155 22.011 18.252 12.141 10.025 10.12 9.4096 6.1106 5.7382 5.5482 5.6138 5.2806 5.3193 6.9573 5.2881 6.5396 6.2846 6.0136 4.7691 6.3117 5.6025 9.0276 10.41 14.761
40.653 41.591 22.065 15.221 12.636 14.608 12.857 17.244 17.986 17.445 16.25 15.647 15.776 18.556 18.43 24.483 30.001 33.754 47.213 33.104 25.913 16.672 14.009 15.726 22.967 28.185 22.835 22.859 25.732 25.163 20.07 21.872 18.261 19.144 18.023 11.174 10.133 12.314 10.346 5.7931 5.3536 5.1067 5.0622 5.0207 5.5103 5.5794 5.855 6.8572 7.2097 6.8482 5.2456 7.3747 6.9537 8.3325 8.9653 13.132
55.061 26.796 17.2 15.151 12.451 12.233 12.272 16.546 21.062 19.923 21.461 19.779 19.562 22.946 30.742 26.404 28.787 40.877 41.057 26.796 20.901 14.865 12.029 13.458 16.107 21.743 20.77 21.086 23.318 23.706 15.778 17.789 14.752 13.808 10.417 9.0566 8.4091 8.657 6.9422 4.4193 4.3275 4.1104 4.1564 4.6757 5.4067 6.128 5.775 6.7614 7.6164 8.2504 7.7002 7.0422 8.6388 11.406 15.887 18.411
66.334 28.069 14.447 14.533 12.338 10.958 13.509 17.778 20.617 20.559 17.167 21.15 23.458 30.099 28.327 25.958 24.242 26.875 27.025 19.571 11.543 16.218 14.852 13.577 15.582 23.126 19.158 19.533 22.747 20.363 14.041 12.451 13.296 13.016 10.152 9.9158 8.3684 7.1972 6.4754 4.2742 3.9547 3.928 4.1655 4.4932 5.0717 5.5421 6.9235 8.4031 10.969 12.259 11.456 14.129 13.067 15.64 16.564 31.5
54.104 32.707 13.263 14.474 12.52 12.797 14.664 20.745 22.193 23.366 15.113 20.132 22.061 25.173 24.556 22.249 19.479 21.069 21.706 12.541 9.2269 8.95 18.185 16.852 16.486 17.382 17.279 20.644 21.657 15.602 11.757 9.6694 9.3065 12.729 14.768 11.177 8.1941 6.4686 5.8936 3.9618 3.6161 3.4359 4.2999 4.9122 5.4048 6.4824 7.3668 8.8319 13.323 13.772 12.58 16.562 13.719 17.557 23.47 24.328
53.218 17.841 10.412 13.1 14.441 16.519 17.756 22.914 21.103 18.766 16.736 20.933 16.913 17.059 24.359 19.417 20.831 22.981 15.869 11.638 12.366 7.3595 15.516 14.977 18.098 19.355 18.91 19.028 14.491 15.432 8.9972 10.554 11.396 10.692 13.261 12.951 5.9213 5.4171 4.9778 3.1742 3.0851 3.1217 4.2477 5.3403 5.8556 6.6402 8.053 9.3798 13.448 14.579 15.808 14.548 14.988 17.124 26.922 25.108
40.942 14.238 10.394 14.568 15.972 17.087 17.641 22.029 21.886 20.002 16.699 16.582 15.935 16.709 29.016 15.152 13.267 12.065 9.0266 11.953 8.5041 9.4435 10.768 14.042 19.402 20.161 20.863 13.296 14.577 11.209 5.3573 6.559 8.3507 6.8976 9.2779 15.28 3.8828 3.3679 3.1971 2.0662 2.3518 2.8989 3.7673 6.8499 7.7553 9.4129 10.867 12.936 12.136 14.263 13.504 16.885 18.02 37.648 26.245 26.173
29.532 11.08 8.6541 12.83 16.241 17.959 18.67 22.499 22.064 23.379 19.107 14.797 12.783 13.71 25.873 23.768 7.625 7.0887 5.7816 5.7883 4.4037 6.5414 7.3939 8.9311 12.65 12.747 10.291 11.368 12.999 8.8079 4.3811 5.3987 5.7657 4.7856 5.2039 5.8475 2.791 2.5878 2.6286 1.8509 2.3889 2.9191 4.0813 8.023 9.6167 11.085 11.081 13.487 16.231 16.363 16.699 16.68 28.826 39.35 29.912 31.614
28.74 12.221 10.073 15.205 14.889 15.639 18.078 23.162 21.112 22.973 20.452 14.739 13.862 11.993 12.427 8.9338 7.0643 7.9048 16.474 6.4317 5.6443 5.4503 9.6954 8.7166 8.4763 9.1464 8.5505 10.504 11.239 6.8788 4.2932 4.3485 4.9995 4.0123 3.7273 2.5394 2.1502 2.1084 2.3223 2.015 2.8248 3.1211 4.8432 9.045 10.113 12.391 12.953 12.781 20.4 23.792 23.176 47.22 47.931 46.309 48.468 34.968
24.836 14.423 9.0459 13.937 13.171 13.623 16.136 19.211 20.555 21.106 17.339 14.586 12.558 12.656 10.464 7.3452 8.1402 13.007 21.347 11.229 11.592 8.7202 4.4663 5.8451 8.8105 11.5 10.215 9.1994 7.1781 5.5196 7.7704 3.4481 3.4293 3.2567 2.9446 2.1187 19.936 1.844 2.393 2.0112 2.9493 3.3912 4.4661 8.3169 9.9422 11.258 11.699 13.356 21.493 39.198 28.757 51.976 51.197 50.396 42.578 32.378
20.521 21.601 10.556 7.0867 6.9108 9.1031 10.105 16.831 20.713 19.602 14.222 12.408 8.423 6.283 5.3479 5.2685 10.387 7.4488 10.532 18.77 25.086 20.593 10.704 9.4465 13.635 10.86 6.2112 8.5787 7.5641 15.779 16.976 6.0278 5.9718 3.9726 2.2947 2.5484 34.178 2.5088 2.2965 2.5425 3.1334 3.161 4.0352 9.6299 9.5106 9.1821 11.309 14.143 20.162 26.072 30.163 46.362 40.475 36.171 24.213 22.444
26.23 25.069 14.664 6.2771 6.1774 7.4089 8.9245 14.546 17.96 16.744 14.786 11.217 6.162 6.4792 5.9208 12.073 9.664 10.204 7.7828 14.571 15.28 10.808 7.1663 4.9109 15.637 10.241 3.6923 3.5934 1.4815 3.1333 2.8594 2.9849 2.8427 2.688 2.4048 2.0307 2.367 1.699 2.2556 2.2683 2.7783 3.644 4.7146 10.272 10.1 9.7996 10.783 12.507 18.223 19.993 24.677 41.671 41.235 33.732 24.454 21.639
24.751 18.63 9.9895 8.963 6.5029 6.2056 8.5933 12.354 15.141 13.322 15.992 15.696 7.7842 8.6064 8.2565 5.659 10.303 10.117 6.1699 6.7815 9.8699 9.5376 9.596 9.6964 8.2282 7.3941 5.6999 3.2637 1.0756 0.78033 6.1687 3.0659 3.1348 2.8647 2.619 1.9462 1.9017 2.0182 2.687 2.4908 3.4016 4.2212 5.0173 10.548 9.5811 11.284 11.679 19.961 31.391 17.18 28.054 35.277 35.644 32.111 23.067 19.881
18.308 16.288 6.2036 10.527 6.0091 4.4947 4.6899 9.8372 12.301 13.441 13.96 17.889 13.558 12.28 10.445 5.2824 6.2554 5.2556 6.6197 5.5315 6.3521 6.1991 5.9216 2.9574 1.1846 6.8231 8.8371 4.6348 2.5309 1.8442 1.6592 3.0765 3.1495 2.9836 2.8489 2.1497 2.2302 2.5324 3.0207 3.24 3.8908 4.5864 5.5248 11.295 10.779 12.12 11.415 19.136 25.462 22.927 24.494 36.075 29.592 29.391 22.321 20.306
10.473 8.8315 4.6143 4.2134 4.667 5.3515 3.3854 5.6822 11.035 6.3428 7.7389 7.1304 16.621 10.854 7.2152 4.0654 10.22 9.1128 4.4943 4.0555 3.0059 2.614 3.303 0.78462 5.6878 10.897 8.8456 6.5712 4.8938 4.3823 3.9292 3.3201 3.1134 2.9376 2.8783 2.9493 2.8648 3.2323 3.6017 5.7045 8.514 8.8952 9.2863 12.271 16.022 14.61 17.783 25.378 33.921 30.797 24.893 32.55 32.511 26.492 23.789 22.673
7.8849 5.8256 3.7357 5.8258 3.2409 5.6891 3.0849 8.7483 13.199 4.4208 2.9506 7.4439 8.5462 8.2252 6.854 6.7504 12.638 11.208 7.8146 8.7635 3.6855 2.5996 2.472 1.0341 5.2736 15.977 12.544 4.9741 4.6692 8.008 3.7273 3.007 2.9248 2.7976 2.9584 3.1615 3.2845 3.8141 4.3873 6.6703 8.9615 8.8249 9.4563 14.621 14.081 14.402 38.205 27.466 26.128 34.635 25.821 31.835 25.747 25.686 21.979 22.027
3.9448 3.1063 2.9012 5.9644 4.3592 5.8223 3.6204 12.622 10.567 6.2167 4.2003 9.2467 6.5561 3.2859 6.4197 9.6703 7.4864 8.1779 6.279 6.6626 2.9698 2.418 2.2919 0.91019 3.3286 8.2633 7.2549 5.0788 3.5124 3.2755 3.5956 2.6852 2.6082 2.659 2.8535 3.3727 3.4807 4.1176 4.7356 7.4365 14.567 9.584 11.164 15.046 13.676 12.964 28.208 23.17 19.133 24.731 22.782 23.851 22.874 19.126 18.188 19.411
3.3851 2.6931 4.2051 7.4991 7.8654 4.5075 3.8685 5.2604 5.3268 7.2485 8.6769 7.854 5.8306 4.5026 5.7797 3.7359 4.3273 8.198 8.8207 8.3328 3.8443 3.1869 3.2736 1.2294 2.3783 3.4208 3.0862 2.7293 3.2825 3.4303 3.2527 2.3454 2.4994 2.451 2.808 3.4677 3.6279 4.3318 5.3702 6.6789 9.8896 10.554 12.974 13.771 15.62 15.734 11.101 22.62 17.535 20.695 21.438 17.198 22.358 14.216 12.161 15.867
8.8361 10.91 5.6027 5.501 7.2137 5.5785 46.12 6.945 5.3099 8.0853 4.7954 3.0038 3.1826 4.6001 3.8204 3.1745 4.5706 12.157 16.987 10.295 5.7692 4.1688 6.0202 2.3694 1.4664 1.4257 1.7426 0.98545 1.1463 1.1015 1.3051 1.4263 1.5755 2.0528 2.5324 10.38 14.151 10.771 10.453 11.519 11.974 15.125 15.495 16.035 15.507 16.06 11.336 12.987 24.243 26.535 22.987 15.266 12.311 11.073 8.2026 11.375
13.743 15.632 3.481 5.045 2.7459 8.4539 31.929 8.3297 2.3607 2.1721 1.8526 2.5531 2.9912 4.8701 2.8824 2.2199 3.8806 8.2168 12.264 10.442 4.4408 3.7569 4.1497 2.4175 1.4002 1.2151 0.94928 0.75048 0.88144 1.0791 1.341 2.15 1.612 2.1488 2.7428 12.452 9.6437 11.959 9.7323 13.298 21.522 18.147 18.478 19.677 15.3 16.452 11.136 16.669 21.399 20.569 21.703 13.257 10.267 9.9383 9.9737 9.8254
6.6892 8.1746 1.3439 2.3253 2.2813 2.2292 64.528 6.3522 1.9991 2.1622 1.923 1.5887 1.6176 1.9129 2.108 2.1157 2.8646 3.5293 4.2885 3.6448 2.0863 2.1545 2.5476 2.303 1.4222 1.0218 1.4338 0.6896 0.78223 0.88742 1.1657 1.4086 1.6597 2.3686 2.6706 7.6129 8.0245 10.9 14.868 9.4565 20.268 18.171 14.417 17.757 17.257 18.448 15.872 15.125 29.469 23.38 19.929 8.0264 9.4094 12.432 10.952 9.2019
