28.795 28.928 47.841 42.042 58.343 47.845 39.8 69.57 59.494 62.997 52.305 94.924 50.661 48.162 71.898 80.782 80.907 102.55 87.052 77.355 51.974 45.22 35.116 39.937 49.171 52.378 57.57 65.462 74.78 72.854 69.866 69.807 83.166 88.856 77.745 75.692 70.577 64.931 76.107 69.576 37.297 46.097 37.025 41.51 56.218 57.326 47.464 52.788 49.321 51.018 49.077 39.712 35.877 28.355 36.607 37.246
44.234 47.133 55.338 46.345 40.278 45.539 44.78 55.351 54.109 56.525 54.776 108.86 73.893 52.09 79.918 65.37 64.939 74.355 80.347 63.359 34.921 31.741 35.969 45.243 45.856 50.089 50.859 54.469 56.178 59.14 57.699 65.616 67.532 90.479 83.192 79.144 84.519 75.769 57.646 60.282 36.986 39.496 45.451 48.921 57.364 46.729 48.369 53.217 56.652 51.28 40.175 31.793 35.422 28.867 31.181 43.81
37.559 50.722 63.149 41.804 41.48 41.734 39.462 49.584 46.091 57.923 75.639 148.06 79.248 68.107 72.788 92.334 59.971 62.637 78.722 47.295 40.324 30.9 37.439 52.602 54.852 69.011 50.978 55.753 59.781 53.689 49.338 56.958 63.803 87.148 93.563 85.453 80.583 58.81 52.741 59.615 54.946 52.279 53.401 56.06 59.133 43.198 45.96 42.464 40.586 39.647 33.017 24.543 25.138 21.513 20.107 20.229
46.264 39.8 39.964 37.305 51.813 39.763 39.591 41.11 39.017 56.488 96.031 105.82 67.089 67.235 123.66 135.91 77.776 77.03 56.099 47.451 36.126 26.353 39.478 46.181 56.315 62.439 65.439 62.706 53.764 52.341 46.894 60.8 66.481 98.987 101.95 97.61 67.675 58.348 46.448 52.157 48.73 60.829 45.119 46.78 39.445 31.899 37.86 35.45 35.445 36.062 30.698 32.504 31.825 25.416 17.963 17.703
22.436 28.046 38.971 33.38 33.479 40.709 46.222 47.171 34.885 41.243 56.322 47.115 36.316 37.708 77.949 112.13 74.51 61.294 38.572 61.194 46.022 24.468 42.61 54.599 56.246 56.078 49.904 52.605 53.669 52.615 46.862 60.168 58.038 89.032 84.601 85.444 59.705 33.814 31.67 38.178 42.959 45.281 40.273 51.924 36.201 37.628 33.854 28.606 33.654 37.208 32.184 42.261 37.186 22.656 22.031 14.728
35.028 29.052 47.368 33.222 34.007 40.614 43.704 47.353 34.26 57.841 53.491 45.873 41.71 33.076 71.926 88.437 62.599 54.728 43.222 68.154 44.508 28.176 42.837 54.843 69.836 62.167 68.018 44.074 39.366 40.411 38.464 50.971 49.496 63.698 49.642 45.769 41.278 26.235 25.905 40.002 35.936 36.869 34.719 48.045 45.564 45.218 34.38 32.857 31.346 26.865 27.33 28.423 29.746 25.664 18.459 13.402
37.837 30.109 32.696 39.925 35.095 34.091 41.805 46.521 45.654 67.317 35.69 45.291 43.881 57.244 72.727 95.212 46.343 40.901 47.635 53.41 45.924 37.788 61.63 70.537 80.007 53.153 43.174 37.39 33.58 30.117 30.501 36.875 49.731 52.934 33.443 33.958 30.533 23.884 20.444 28.975 29.749 29.889 33.841 30.389 39.976 41.636 36.671 27.083 24.223 21.402 22.234 20.189 25.162 20.804 15.919 13.355
32.051 31.942 32.907 35.004 46.451 36.038 39.985 48.008 55.529 53.846 36.784 66.089 54.9 52.354 94.901 96.947 81.721 69.971 87.201 45.9 47.335 42.131 55.493 60.054 37.36 39.928 39.988 33.159 22.701 23.809 29.379 31.23 46.182 50.755 35.004 37.752 30.172 12.465 16.462 18.657 23.22 21.871 23.917 24.776 21.478 26.66 24.113 21.543 22.956 18.017 14.905 15.684 14.278 14.185 13.299 15.144
31.415 36.147 32.324 38.959 53.462 32.026 46.314 60.527 56.976 35.17 29.678 57.917 41.019 49.669 47.422 108.12 68.359 67.169 70.113 35.824 32.79 52.519 68.736 46.606 37.173 38.354 39.136 34.025 18.331 18.993 27.896 26.698 36.478 35.461 26.23 33.987 29.639 16.47 16.249 18.832 20.698 20.35 17.377 23.691 24.534 21.557 16.542 16.445 23.744 17.625 15.087 15.258 13.637 16.392 11.349 13.398
33.271 35.899 30.169 44.288 51.439 56.524 48.688 47.884 37.573 28.198 30.116 55.317 52.105 43.759 52.504 76.459 66.423 51.801 57.603 21.637 20.407 40.374 60.397 39.069 36.224 53.316 33.778 22.205 13.609 9.4505 13.432 23.944 22.707 27.265 15.479 20.56 30.271 22.244 21.462 23.336 21.485 17.045 16.691 21.294 18.595 13.367 12.319 16.646 17.484 19.164 19.486 15.113 12.971 13.574 10.756 12.04
37.954 49.076 25.059 34.229 58.668 55.649 41.15 35.887 37.629 22.382 23.189 48.012 49.142 40.087 47.016 75.229 75.548 47.819 44.374 34.959 32.138 29.003 35.112 36.445 34.783 51.274 26.096 18.693 12.988 6.2247 7.9743 14.855 18.999 23.851 13.492 18.302 22.715 20.013 18.544 20.436 22.298 20.02 15.293 14.55 17.108 13.609 13.319 12.896 17.766 16.559 19.208 16.096 24.869 12.456 11.438 11.555
69.516 57.449 48.495 34.262 38.193 49.559 39.945 49.424 45.458 40.939 41.032 49.908 40.852 35.501 40.248 53.269 44.072 45.127 65.181 34.989 28.755 26.825 39.05 36.499 21.507 22.075 16.708 16.055 8.7051 5.1543 4.5541 10.282 8.7451 13.761 22.726 24.71 19.963 20.791 19.546 15.476 17.868 14.781 12.289 10.037 11.678 13.6 11.127 11.958 11.041 11.696 10.672 14.992 10.215 8.3788 7.649 7.4551
65.896 48.43 52.935 55.253 39.087 49.627 46.93 53.748 55.363 54.202 55.91 49.577 42.555 38.4 36.396 42.625 38.697 47.677 47.746 31.581 23.198 28.198 31.213 27.071 21.759 15.253 15.156 11.972 7.6861 5.2848 4.7484 7.054 4.8279 10.757 19.131 19.46 13.125 15.3 17.04 16.831 15.161 12.328 11.626 11.041 11.542 12.425 11.088 12.245 12.374 12.593 12.001 14.441 13.01 12.606 10.217 11.568
55.537 80.024 69.42 65.231 51.538 66.812 61.794 53.704 65.967 62.256 56.932 49.228 43.924 44.844 31.631 51.836 41.657 37.76 34.935 35.599 32.145 29.311 18.977 21.85 15.283 19.863 14.726 9.339 12.386 8.9063 4.8458 5.1963 4.1218 7.1931 14.025 13.859 6.6673 10.744 16.955 16.711 13.022 17.104 15.484 13.593 12.591 11.852 10.371 11.828 11.498 10.29 9.1859 8.4321 11.389 9.3857 7.4395 9.3586
51.194 76.314 77.419 58.145 42.361 48.191 56.194 66.086 57.951 54.2 47.123 50.366 48.154 45.721 48.234 42.46 31.057 45.457 34.001 25.516 20.33 22.882 23.115 18.82 20.993 11.893 13.388 9.1612 5.7725 7.7244 5.658 3.7101 4.7944 4.5202 6.8801 5.6323 4.9284 5.8401 7.3473 11.805 12.736 13.476 14.717 17.217 13.277 12.017 10.907 11.567 10.353 9.4483 8.5509 7.7519 7.4001 7.3936 6.7863 6.4533
44.366 45.366 52.274 47.667 46.822 50.814 43.733 58.809 48.174 43.162 49.303 46.11 46.968 48.191 32.549 27.097 37.66 45.338 33.459 22.17 28.883 23.772 24.013 23.258 16.657 13.659 11.471 10.896 8.2452 7.0671 4.4206 6.3069 6.1668 4.5254 6.1938 6.7095 5.5529 6.6859 8.3613 13.925 15.86 17.755 19.841 23.743 15.774 13.106 12.664 12.242 10.793 9.5811 9.4113 8.1526 7.0791 8.2305 6.4595 7.1244
83.748 64.067 72.131 60.592 61.315 76.691 60.819 49.976 42.117 42.264 55.679 40.206 45.299 43.562 30.84 32.379 45.051 38.15 22.406 21.484 25.042 27.147 25.594 25.39 18.996 16.152 11.761 11.336 9.5701 5.78 4.541 5.7916 7.3266 4.5293 5.2805 5.2819 5.9612 6.9468 8.499 13.644 15.515 16.774 17.625 15.752 13.922 13.253 12.203 12.442 11.725 9.6561 8.4796 7.2816 6.5616 6.6637 6.089 7.55
73.208 62.545 56.298 64.49 60.262 58.978 62.691 52.309 47.391 44.555 44.776 42.333 37.583 32.659 34.356 43.678 58.581 47.202 26.507 17.867 22.166 20.003 20.253 19.562 16.906 15.681 13.882 12.233 10.52 8.0207 6.5033 10.371 8.1204 3.8463 3.3705 4.8548 5.264 6.5327 8.2354 12.829 14.734 15.765 15.896 14.331 13.398 12.963 12.152 12.396 10.867 9.9038 8.618 7.133 6.3751 5.9332 5.8992 5.8884
67.469 55.004 70.429 62.732 59.237 48.218 72.749 41.876 46.686 47.332 46.371 52.866 45.538 44.577 42.201 47.464 35.879 38.014 38.124 23.928 31.935 29.29 27.253 23.92 18.7 20.818 18.655 11.336 7.9553 7.2901 7.6259 10.196 6.7199 4.592 3.7979 3.7812 5.556 6.246 7.8059 11.634 13.313 14.31 14.624 12.791 12.882 12.592 11.919 11.965 11.288 9.6536 8.6069 6.9659 6.1909 6.19 5.6848 4.9889
72.002 64.871 70.683 71.03 71.168 65.233 80.548 52.088 52.262 51.742 58.349 53.202 47.598 61.279 48.533 47.719 47.479 45.565 57.102 50.878 63.087 46.181 30.597 28.412 27.874 27.071 15.672 14.263 10.04 8.1279 7.4432 9.374 6.7498 3.3706 6.3025 3.5388 3.7205 4.7608 5.9753 9.299 10.693 11.616 12.125 13.898 14.118 13.613 12.688 12.304 11.086 9.9431 8.762 7.1909 6.1659 7.2844 9.0272 8.2615
94.157 68.319 70.825 59.873 75.911 74.866 63.428 59.376 49.229 48.141 56.584 52.071 41.888 63.435 56.242 56.425 53.978 42.297 52.246 69.246 69.161 50.864 50.725 46.33 30.413 21.678 17.305 18.547 15.888 14.556 14.131 9.7404 5.8052 3.732 3.9648 1.9724 3.1097 4.2295 5.3304 7.9647 9.1872 10.116 10.711 12.039 12.769 12.486 11.687 11.483 10.565 9.5717 8.5641 7.0287 6.1398 6.6561 8.1036 16.487
63.014 49.988 58.308 74.068 81.821 75.72 58.086 57.145 60.55 46.445 50.907 50.945 51.63 59.874 46.447 47.56 52.241 48.329 62.676 76.133 74.209 65.481 53.486 66.748 36.993 25.116 23.22 29.762 25.301 18.374 15.851 11.341 9.0106 7.7465 5.2395 1.5395 2.5099 3.5329 4.6055 6.8412 8.0833 8.874 9.9865 10.881 11.434 11.281 10.806 10.636 9.9763 9.1751 8.2905 6.7966 6.4087 6.2173 12.407 18.243
60.994 56.618 53.086 71.522 69.365 68.39 66.088 71.025 61.539 44.775 45.378 47.898 53.953 50.73 48.652 40.161 54.362 53.256 51.355 65.098 67.483 65.679 58.477 65.142 50.692 39.184 26.659 32.469 30.529 23.184 17.529 15.66 12.078 11.963 8.7531 4.5332 2.2224 2.9731 4.3055 6.1745 7.4034 8.2575 8.66 9.7304 10.23 10.491 11.611 10.506 10.076 8.8769 8.3859 7.6202 7.0101 5.9734 8.3365 8.8567
56.176 47.421 54.584 58.26 66.817 65.801 68.179 62.193 50.085 44.809 55.122 49.254 43.968 48.366 47.886 37.577 38.917 46.075 52.853 52.381 68.987 49.204 37.48 49.518 45.619 47.661 38.35 40.057 43.376 35.221 33.055 30 14.447 11.221 12.525 11.508 2.8323 3.931 4.6799 5.8804 6.5541 7.2177 7.702 8.1839 8.9096 10.26 10.756 11.5 12.012 10.952 10.165 13.45 7.593 8.2238 13.473 15.716
54.148 53.037 64.467 64.999 68.539 54.146 52.112 53.344 40.926 43.872 54.968 40.204 45.717 42.34 43.901 38.126 41.524 49.721 51.415 45.739 38.876 36.434 33.247 45.769 44.31 37.991 38.641 50.938 53.224 47.246 40.326 34.879 22.061 25.229 12.763 7.8468 3.6247 4.2422 5.0969 5.5093 6.2018 6.5445 7.4837 8.2341 8.2802 9.2321 11.457 11.603 13.805 15.988 14.51 24.672 16.257 18.017 14.404 20.415
58.617 62.408 52.003 54.159 47.981 46.314 40.312 42.011 37.758 33.42 44.851 41.205 57.06 47.594 50.171 50.815 49.397 78.006 72.463 49.145 38.184 44.428 40.763 45.264 58.857 51.806 39.984 64.067 62.056 49.235 46.098 36.796 35.049 31.825 14.799 9.3565 5.6413 4.814 5.7109 5.947 6.6421 7.1751 7.413 7.3807 8.0952 7.4604 12.297 10.885 12.884 13.256 12.22 20.324 19.282 16.505 20.98 25.951
67.692 63.951 60.09 47.326 49.432 39.898 44.074 35.756 39.762 30.253 47.136 48.153 60.955 67.313 64.644 56.997 68.478 85.505 66.999 52.26 41.466 47.752 54.601 57.52 66.709 57.069 49.688 65.084 66.685 60.879 46.903 40.26 30.605 35.68 23.198 9.7683 8.6656 5.6256 6.7548 6.9704 7.631 7.9256 7.5572 7.9443 6.4773 7.9789 13.191 11.412 11.935 10.481 8.9426 17.873 18.518 17.463 24.543 22.68
61.007 76.618 68.292 60.154 55.201 50.838 45.614 46.651 46.794 45.286 55.464 59.492 69.403 68.889 65.6 66.154 66.054 65.541 52.484 51.472 51.636 48.693 52.074 64.139 56.382 55.895 52.713 65.649 61.28 62.387 52.158 40.856 34.378 28.699 19.571 12.878 12.143 11.838 12.115 10.443 11.403 11.463 10.334 9.026 7.7881 10.637 10.057 10.004 9.888 12.436 10.935 13.288 16.485 21.507 25.138 27.462
68.326 68.135 90.512 56.04 50.542 45.069 42.544 73.167 78.202 43.433 53.989 56.925 56.394 58.247 72.514 72.008 71.745 62.748 57.129 49.486 39.65 53.224 51.56 55.16 56.161 51.607 48.788 76.655 59.209 63.612 49.641 45.204 39.027 29.378 19.713 13.827 15.618 15.238 14.437 12.494 12.565 11.939 10.788 8.0757 9.5103 10.647 11.669 10.476 10.418 15.942 11.992 36.859 23.435 20.241 36.081 47.52
68.728 71.878 63.196 69.307 67.403 41.259 38.833 50.578 66.524 47.64 67.089 68.297 56.358 57.679 57.595 59.379 60.06 52.171 54.738 34.422 42.719 48.78 55.66 53.133 58.527 66.168 63.096 71.933 65.921 59.139 48.543 44.143 38.869 35.671 21.93 17.532 17.106 16.586 14.847 12.47 12.356 11.938 11.134 8.7109 7.9932 10.574 9.5349 9.7643 10.321 14.249 18.725 45.159 34.124 35.731 42.533 43.545
60.575 67.859 63.265 57.091 40.381 33.764 32.769 33.912 42.829 54.761 57.059 59.023 55.725 42.096 40.339 51.957 51.959 42.34 43.244 34.008 40.428 31.405 44.437 37.924 54.897 62.298 61.511 63.099 64.265 58.137 42.944 43.334 43.566 32.846 30.166 30.946 21.272 14.906 14.252 11.784 12.14 12.321 12.022 9.7595 10.048 11.254 9.7377 10.445 11.89 13.78 18.649 43.648 47.708 56.842 53.594 48.075
93.142 79.179 56.546 44.313 36.053 35.407 30.192 39.229 58.884 56.29 53.517 50.493 48.537 39.596 38.24 41.322 43.103 40.273 40.872 39.865 41.924 32.396 34.315 34.91 45.088 51.606 53.223 59.834 52.207 51.123 33.869 35.988 32.525 24.413 18.639 23.492 29.862 15.122 14.743 11.854 12.937 13.058 13.451 13.05 11.44 9.866 9.7773 10.154 12.848 14.988 21.306 34.091 61.201 71.056 67.255 52.411
82.59 67.592 49.678 42.404 36.631 37.494 39.003 61.276 60.793 63.445 53.549 52.994 39.967 41.562 41.242 34.617 37.287 29.059 34.433 32.115 37.425 38.504 37.141 40.726 46.325 57.543 55.475 62.685 52.512 45.274 32.782 30.733 27.417 26.449 16.153 14.213 14.986 14.708 14.909 11.668 13.907 14.297 15.014 12.186 11.598 10.844 10.382 10.407 17.074 21.752 22.372 35.798 42.793 51.175 67.17 68.846
86.418 52.779 46.331 41.059 37.395 41.008 55.603 63.517 60.993 64.381 42.68 36.396 38.44 37.233 39.046 41.801 34.759 34.948 37.705 43.169 38.502 35.266 34.274 36.503 49.047 58.992 56.044 52.224 51.938 42.996 29.829 27.864 24.87 18.828 15.22 15.488 13.742 13.954 13.834 12.072 14.396 14.989 15.546 12.232 11.404 9.9087 11.065 14.928 21.347 24.23 26.319 35.937 49.337 51.376 49.483 67.422
107.41 58.441 43.265 56.068 53.033 59.186 52.142 63.436 55.398 59.615 38.302 38.826 34.817 30.236 31.431 38.415 51.657 63.252 56.445 47.21 42.835 33.232 34.124 33.498 52.872 58.497 53.027 41.747 38.17 30.18 24.249 20.812 22.242 15.98 14.828 16.252 13.66 12.426 12.988 12.054 14.273 15.131 15.66 16.507 13.388 13.115 14.698 16.817 23.457 25.256 30.73 46.912 72.162 65.652 39.13 29.547
80.498 66.837 46.241 60.791 59.018 54.485 46.116 53.372 59.846 55.702 41.267 38.183 40.496 35.064 37.446 56.368 98.821 138.64 97.192 57.524 42.735 33.023 28.105 29 52.957 57.246 48.026 34.491 34.029 26.505 23.105 21.254 13.632 16.614 12.289 12.525 9.158 9.9125 9.1108 9.57 12.021 13.829 15.272 19.159 16.143 19.895 18.755 19.423 31.13 30.92 36.277 45.156 52.776 44.742 38.353 24.475
74.798 59.34 45.541 49.732 49.442 43.607 42.558 50.299 53.002 45.404 33.197 40.382 34.693 30.253 52.219 85.544 130.31 146.23 122.47 75.182 40.442 28.697 23.861 32.06 48.287 58.396 43.824 36.098 32.777 21.686 18.899 14.806 11.564 10.876 11.51 12.535 10.749 8.382 9.457 10.262 10.816 12.368 14.637 21.192 19.204 24.387 24.537 22.872 31.785 38.762 41.428 42.53 45.239 40.435 37.396 28.263
63.998 55.978 44.368 32.304 36.241 36.8 34.475 44.415 49.215 31.721 34.647 39.217 33.242 33.146 67.641 91.29 121.55 125.28 99.887 59.671 37.841 35.374 28.968 44.001 55.327 74.158 48.63 48.758 24.514 19.5 17.477 15.421 9.0297 9.5406 8.195 10.698 9.5124 8.154 9.261 10.937 11.64 12.341 15.217 23.684 22.356 23.651 25.472 38.598 33.344 37.657 41.078 39.252 33.769 30.495 31.565 14.692
73.494 57.42 42.731 33.192 32.28 30.464 29.201 34.469 46.429 29.442 32.562 26.41 27.37 36.691 53.719 77.327 109.65 102.1 68.204 38.425 37.738 44.157 36.749 56.503 67.257 81.254 42.902 29.485 24.478 17.182 13.349 12.161 8.3103 9.1561 7.4804 12.21 8.5318 7.4285 8.3921 9.8975 10.643 12.679 16.038 26.354 28.999 40.096 29.992 30.014 31.022 33.856 37.411 31.677 32.083 33.122 20.85 17.9
68.631 44.559 40.317 40.394 34.083 29.376 23.707 35.778 54.715 34.046 26.323 29.421 44.791 43.928 66.124 69.077 89.949 81.98 50.57 43.064 30.001 32.232 42.919 54.1 94.5 79.01 35.003 26.215 14.571 9.9743 7.3021 7.9093 6.3994 6.0256 5.9999 7.8795 6.1161 6.4956 9.1714 10.233 11.264 13.222 15.045 22.051 25.929 30.984 30.168 32.773 31.687 39.159 33.741 34.64 33.405 23.632 26.854 21.372
49.967 36.452 35.921 35.182 34.039 26.721 21.438 27.557 40.821 32.999 48.765 32.736 35.21 46.368 71.395 87.633 94.06 66.612 45.678 31.476 24.871 25.085 32.348 62.038 52.369 58.593 31.775 19.54 12.353 7.2064 5.8196 5.3704 9.6136 5.474 5.2524 4.8259 5.598 7.9125 8.0084 9.8885 13.675 16.205 18.526 21.436 23.195 29.553 28.465 31.063 33.456 41.02 36.266 35.845 23.708 27.093 31.726 22.016
62.57 29.714 30.363 33.186 31.447 27.91 27.07 32.471 29.708 35.558 27.88 24.429 30.705 52.647 73.408 93.021 79.228 80.592 61.739 28.465 24.6 34.716 33.303 33.566 58.926 43.367 22.581 12.547 7.9406 6.4826 4.1909 4.6137 4.7398 4.786 5.287 5.0422 5.5087 7.046 8.1494 10.562 13.293 18.234 20.514 25.185 28.864 38.262 33.727 30.888 36.262 37.803 37.46 24.141 26.131 30.515 32.695 22.863
67.263 29.455 29.153 33.236 49.977 38.295 36.794 41.356 36.835 26.033 24.727 39.955 40.453 51.103 68.545 79.496 75.252 43.881 40.756 28.926 21.153 27.808 24.848 20.03 35.525 19.428 11.021 7.1218 7.6433 11.138 7.4509 4.2351 4.812 5.1132 5.5381 15.171 26.572 7.524 9.2204 12.067 15.027 17.868 22.457 30.726 41.637 44.057 38.113 44.414 46.176 43.16 43.62 24.505 29.758 30.975 30.601 25.746
81.614 44.289 21.392 31.362 43.984 37.354 30.224 39.253 40.816 34.211 24.449 23.704 38.574 32.056 51.608 45.67 37.145 46.111 39.231 22.13 13.264 14.163 11.208 16.328 21.054 16.979 11.417 9.8539 12.946 12.932 5.0813 3.3498 3.7742 5.0134 4.9647 12.341 65.386 11.272 10.516 16.237 19.628 24.333 29.684 36.788 44.941 45.021 44.134 56.553 62.214 53.983 28.137 18.782 26.657 30.16 29.144 19.91
69.444 29.948 17.936 19.777 26.032 25.008 29.92 34.148 36.599 31.339 30.213 27.347 33.929 27.792 31.471 32.389 26.198 36.709 15.627 22.464 13.456 9.1734 6.428 9.9411 17.971 10.982 9.3012 6.0712 6.7944 1.9507 4.5075 3.8378 4.9289 5.0742 5.9594 7.8086 9.6288 9.8711 12.581 19.171 22.055 25.364 34.099 42.958 46.181 44.734 47.099 50.44 58.62 32.79 29.474 24.663 26.318 41.917 29.579 18.739
111.62 36.774 16.826 20.61 24.081 28.652 24.954 35.542 25.324 24.876 26.033 23.475 34.063 41.476 51.047 50.827 31.246 17.885 11.748 31.361 10.088 9.7321 8.3117 8.9189 7.9529 7.2407 13.683 8.2939 4.8318 1.9911 9.1003 5.2503 5.7714 6.2262 7.0083 8.534 9.6609 11.082 13.356 21.65 22.916 25.658 30.351 37.617 43.319 43.341 43.35 39.066 38.182 28.243 30.729 21.161 28.155 29.833 24.105 15.187
88.575 29.26 20.386 14.771 15.664 24.084 17.918 24.424 23.332 21.504 24.274 20 24.131 34.967 55.249 57.496 31.361 22.523 10.753 9.4404 7.9188 7.9983 7.6035 9.8295 8.3001 8.999 12.328 13.608 11.577 3.8859 5.6289 9.4008 7.8491 7.4145 7.9229 10.223 11.271 11.642 13.933 20.578 23.883 27.612 31.574 32.621 41.53 41.888 41.69 35.165 26.556 27.617 27.93 17.444 22.162 27.975 26.195 16.002
62.555 22.991 17.417 9.841 10.942 22.096 19.926 21.499 22.103 19.662 19.017 19.159 14.653 17.296 19.284 25.69 24.508 15.216 7.131 10.353 8.7826 7.2287 6.3892 5.8993 18.542 11.338 11.459 12.72 10.077 3.2314 5.326 6.9527 7.9791 7.7475 14.077 12.219 13.421 14.849 15.14 21.453 26.261 28.804 29.321 29.144 42.512 33.548 33.997 23.34 19.613 19.975 21.419 15.991 18.616 16.502 13.576 19.22
49.443 20.877 14.349 12.683 13.198 10.882 15.823 17.389 16.196 17.51 18.661 15.594 19.232 17.766 8.9765 9.2968 19.457 13.712 9.0952 7.265 8.425 6.6238 4.2425 8.7493 3.2895 5.7553 6.292 9.2173 2.2427 2.2199 4.0263 6.7328 7.0566 7.8875 13.563 10.941 12.133 13.766 15.447 21.077 23.638 27.985 32.071 33.73 42.067 39.159 41.218 20.469 17.485 18.206 17.752 10.561 16.853 13.161 11.236 15.889
54.735 25.408 20.728 13.004 15.82 11.636 14.535 19.094 24.092 22.419 15.824 12.477 19.873 10.297 8.7558 11.353 15.322 9.8114 6.9156 7.5525 11.077 5.684 6.1923 4.2172 4.4677 5.9043 5.6933 3.6787 2.9627 2.8925 4.0225 5.563 7.2147 7.873 8.5943 10.034 11.293 12.307 14.691 19.848 27.53 26.279 26.735 33.814 31.605 38.199 38.07 24.312 17.844 18.486 17.756 5.7192 9.4935 13.554 11.66 9.7315
54.922 33.234 31.726 20.771 14.132 12.188 15.634 31.331 27.976 19.884 17.709 11.505 12.395 17.987 9.994 11.88 9.0105 8.4398 6.647 12.89 6.5491 5.9778 5.669 3.9732 4.1664 5.5255 5.6337 5.3102 5.508 6.0866 6.289 6.6054 8.7698 8.7367 10.506 11.417 10.85 12.892 14.376 19.41 20.522 26.207 25.413 31.82 39.092 36.712 23.311 21.27 20.336 19.219 15.969 10.783 7.1884 11.041 9.4663 10.511
60.37 47.384 39.344 47.587 15.334 15.097 24.817 32.523 23.137 16.227 12.947 19.819 38.195 28.414 13.47 10.25 9.6563 8.1518 8.3056 8.7356 6.8081 8.269 5.5625 5.6444 6.9183 7.0584 6.7368 5.3932 6.4117 8.1976 7.2673 8.2226 9.3105 10.2 10.864 15.408 10.805 13.176 12.785 19.467 21.107 22.36 27.08 34.45 37.781 37.146 22.184 10.525 11.089 9.9498 10.492 8.0773 6.1261 7.4466 7.9572 11.998
41.791 38.745 52.926 51.37 25.194 21.77 27.86 51.833 21.086 20.636 14.803 35.535 23.572 26.333 31.524 23.278 12.747 12.956 12.604 11.294 7.6763 8.5942 7.1366 9.065 8.9553 7.3718 6.6641 9.0848 8.9096 9.411 8.2417 11.751 13.843 11.93 10.234 10.771 12.453 12.376 15.727 19.03 19.55 24.339 26.102 28.8 26.081 30.72 22.801 10.559 11.907 9.7286 12.336 6.7216 7.5042 9.2286 7.72 10.309
39.338 37.253 52.591 45.33 32.722 32.965 26.828 18.848 24.376 28.924 19.882 34.918 22.388 24.397 34.328 27.913 19.979 13.359 13.952 14.439 11.198 9.4953 8.4144 8.4185 8.5442 8.2373 9.8055 7.9852 9.0983 12.263 11.624 13.77 11.252 9.9708 9.0434 9.2276 12.471 16.954 19.085 16.884 18.364 20.473 24.073 21.611 25.805 28.246 18.684 10.25 8.9302 10.07 8.0231 7.9591 7.5627 8.3789 8.1198 11.29
