85.633 79.87 81.5 70.478 68.143 62.687 55.692 57.753 50.471 42.356 50.753 68.215 68.374 51.281 57.699 55.67 50.37 49.037 54.817 64.787 71.894 72.119 90.646 108.73 126.44 145.4 149.67 165.69 166.53 136.57 134.57 148.51 149.74 162.04 139.36 147.79 137.99 122.23 101.48 85.298 60.243 48.935 50.592 57.199 53.884 49.523 57.183 68.525 68.306 74.586 82.352 81.112 87.86 77.812 70.262 69.455
92.239 85.297 81.399 72.488 65.485 64.714 65.351 57.189 50.026 47.415 53.022 73.247 65.296 56.599 57.59 63.354 52.079 51.267 53.301 60.964 65.148 74.581 77.564 104.3 116.41 126.56 142.56 172.06 160.42 138.88 137.06 151.32 147.05 158.47 166.74 177.1 150.14 128.94 96.453 83.613 67.81 53.455 62.046 47.212 38.908 44.104 49.801 58.366 63.799 72.247 77.986 69.587 68.081 60.721 55.809 58.737
106.75 97.763 97.394 81.931 72.511 72.509 66.038 69.38 62.27 54.926 57.62 79.619 75.837 61.093 60.543 60.282 58.721 53.126 56.16 64.439 68.598 80.274 78.096 101.32 101.39 113.5 131.82 153.76 155.06 146.43 129.81 144.35 156.49 173.35 178.13 191.11 166.74 130.49 112.11 98.062 88.256 79.769 73.19 46.764 39.708 40.536 53.064 56.087 78.333 88.254 83.414 71.097 61.294 50.756 46.9 49.604
105.53 105.15 92.536 91.472 84.286 89.416 84.352 82.551 72.183 69.341 62.901 87.069 81.363 69.461 64.188 56.734 54.112 47.903 51.215 63.015 66.065 72.184 71.305 85.628 91.51 104.2 124.31 142.15 140.57 129.65 120.8 150.96 161.89 177.74 199 200.84 167.88 133.11 110.98 101.94 118.34 112.61 96.743 79.993 73.763 62.281 73.561 83.17 81.965 77.247 73.689 64.805 60.595 47.613 39.65 46.824
96.139 93.879 90.038 85.457 80.308 84.02 89.913 90.096 74.419 82.337 81.416 84.496 71.638 63.602 64.953 67.612 64.387 52.832 50.016 60.786 63.28 62.327 70.531 86.325 89.219 97.435 107.18 114.19 110.48 102.11 112.34 151.15 169.71 178.6 188.81 202.08 162.12 122.73 98.294 92.484 131.1 128.41 120.52 113.67 105.31 109.07 116.63 103.05 84.075 76.965 63.966 54.633 49.64 46.416 33.011 35.274
96.749 93.789 87.439 88.511 81.743 89.163 100.91 101.07 90.615 95.127 87.05 87.419 86.353 81.723 65.794 73.677 65.011 63.597 53.561 68.773 61.521 64.386 69.105 83.606 87.112 90.667 94.738 107.5 102.28 98.215 103.61 138.33 155.66 159.09 159.21 159.95 140.88 109.93 100.57 107.2 143.37 138.1 133.18 118.59 125.67 132.22 118.2 96.081 90.853 72.774 63.842 53.412 48.926 47.425 36.669 26.125
100.43 96.976 84.191 92.786 87.754 91.509 94.233 100.64 93.975 99.163 96.883 102.01 94.672 89.215 80.915 75.929 77.731 64.43 57.282 64.035 63.03 66.561 68.372 80.122 90.639 88.401 88.912 99.175 98.945 95.826 97.64 127.72 126.69 126.26 119.55 130.89 118.67 104.42 98.465 130.27 144.99 132.81 129.84 117.33 113.56 114.93 116.04 91.27 74.95 61.137 56.187 48.041 52.785 53.862 42.326 31.103
126.2 109.66 109.29 103.99 107.93 96.001 102.97 101.74 86.084 96.937 95.656 96.205 90.946 83.128 75.345 74.546 76.199 67.836 67.933 69.095 57.935 58.148 62.806 80.413 75.661 70.699 75.064 85.234 93.174 94.718 98.202 131.6 137.57 128.11 115.37 116.99 99.599 87.494 103.97 106.14 113.15 121.6 117.34 102.05 103.04 103.62 95.259 84.052 60.201 54.047 50.854 51.846 56.924 58.535 55.635 42.657
143.3 125.27 128.84 119.79 114.83 112.43 109.21 106.54 92.341 96.49 90.439 98.496 86.416 79.54 73.248 81.743 74.883 72.235 74.523 67.974 62.968 59.18 54.173 64.764 67.657 66.248 65.07 78.148 94.075 95.674 95.687 127.36 120.97 123.54 111.42 107.79 97.837 101.3 100.14 96.051 100.59 103.53 97.919 91.685 86.783 83.594 74.857 62.391 57.561 53.047 48.346 48.365 52.334 50.877 47.77 43.367
120.2 114.21 106.91 109.08 109.25 120.96 104.5 106.1 94.881 93.153 90.908 99.833 83.756 86.432 75.996 90.263 81.591 85.257 67.661 55.112 59.902 54.874 57.406 64.968 69.515 66.083 69.836 77.21 82.034 82.808 88.356 116.59 134.09 104.9 100.82 100.54 100.24 98.672 96.986 93.922 98.705 91.708 88.575 92.754 78.962 68.322 64.14 53.464 51.345 52.712 54.167 53.61 44.751 44.843 43.008 31.643
114.76 115.57 111.44 105.37 106.09 103.21 102.37 100.75 96.38 96.917 96.074 103.16 90.104 86.641 81.209 86.166 84.924 87.135 79.844 61.43 55.954 54.597 55.846 64.911 58.894 61.524 71.924 70.983 70.066 71.231 78.712 115.8 125.57 101.56 81.835 98.196 95.485 87.109 79.538 81.883 87.308 85.486 81.382 75.826 64.186 55.183 50.984 42.404 39.597 44.752 46.535 47.274 41.23 38.098 34.5 28.179
123.28 134.49 124.36 119.85 120.5 120.93 117.13 104.05 108.1 106.14 112.26 113.51 105.88 106 104.51 112.16 108.14 96.021 82.194 81.997 68.953 67.695 66.263 71.77 63.324 63.125 62.168 67.743 63.782 67.178 76.229 75.259 86.849 75.845 62.045 71.65 72.252 77.63 75.274 73.276 69.316 74.341 68.743 62.1 64.513 63.956 54.594 51.865 50.142 49.868 49.467 44.19 41.086 33.755 31.191 26.911
118.94 111.84 124.79 129.08 119.1 116.31 106.86 107.56 102.17 95.899 102.08 122.41 116.25 110.33 109.2 120.75 106.24 95.943 91.15 89.683 75.096 64.952 66.042 62.568 58.06 54.197 57.882 64.822 64.035 62.478 70.597 62.2 65.186 54.781 42.68 54.611 56.483 57.611 66.657 67.316 62.682 62.831 56.391 57.948 61.272 60.014 52.163 56.94 50.573 41.787 38.049 37.237 32.155 30.873 28.2 30.736
129.13 123.08 120.92 117.7 108.62 110.96 125.79 105.45 103.52 103.82 97.393 116.91 120.19 116.48 112.46 114.18 101.62 102.17 89.841 82.519 79.034 70.782 58.506 56.246 53.125 46.143 51.526 50.423 52.934 61.083 55.661 50.857 52.835 49.159 40.575 39.138 38.328 41.643 46.617 56.183 52.657 56.503 53.747 55.97 51.499 45.853 45.841 45.379 45.776 40.548 39.733 29.608 31.932 31.443 29.051 28.223
132.47 134.71 136.49 117.17 107.07 110.36 113.48 112.84 109.84 96.189 100.03 121.51 125.78 122.4 112.38 119.51 114.29 126.21 105.97 90.739 64.94 68.038 55.283 63.869 51.266 42.214 41.252 48.557 55.069 61.958 52.094 37.469 33.97 36.685 34.081 28.441 30.612 31.578 34.842 46.624 46.176 46.678 49.796 50.859 49.045 43.373 42.386 39.633 43.097 43.36 41.613 32.833 33.09 30.351 30.631 27.816
147.25 142.6 141.54 138.1 128.43 111.44 119.22 127.21 110.62 104.16 106.29 134.37 139.41 145 128.75 124.07 131.59 131.39 119 97.655 87.046 76.32 69.381 63.004 48.106 40.912 41.598 52.26 56.779 62.249 50.038 38.512 32.304 38.975 33.862 30.93 27.542 32.87 34.498 48.915 47.503 47.946 51.191 42.341 42.194 38.227 36.677 35.009 38.231 34.921 35.821 35.314 31.95 28.666 26.856 26.458
159.67 153.71 155.57 144.97 139.3 127.66 131.16 131.6 108.1 98.313 100.2 124.29 125.43 128.53 126.06 118.98 122.08 125.93 110.68 104.2 106.92 101.6 78.458 67.832 53.041 47.176 44.566 56.058 53.8 55.022 55.941 42.64 37.969 44.079 33.601 33.582 29.336 29.402 31.199 43.21 48.673 54.424 48.068 38.796 40.35 34.402 34.719 32.243 37.691 33.926 32.812 33.834 26.286 28.192 26.092 26.166
179.91 173.89 163 167.14 148.03 136.29 132.09 120.26 103.28 97.966 83.613 111.76 122.18 144.53 144.39 141.67 140.44 130.87 119.21 126.21 107.57 99.666 77.424 68.557 60.062 49.855 50.239 52.918 51.489 57.206 49.174 41.901 39.626 35.36 29.048 28.875 28.649 32.137 32.029 43.23 56.285 58.324 50.043 41.107 37.909 35.04 32.883 32.253 31.853 31.05 33.634 29.861 29.705 44.607 43.857 32.129
177.07 181.67 175.43 169.84 151.91 134.76 116.17 104.51 98.169 89.05 80.746 112.41 118.59 152.97 160.66 157.7 150.01 149.37 143.7 153.28 128.43 108.92 83.528 69.783 62.987 54.19 55.731 49.587 39.413 39.627 30.665 31.861 36.41 37.285 30.094 31.388 28.604 30.211 29.601 43.097 46.081 48.868 49.388 43.979 32.117 30.1 28.029 32.598 35.463 24.432 27.364 26.958 30.449 40.324 40.172 33.827
189.23 186.45 181.23 181.44 163.41 141.78 115.68 116.46 101.57 88.948 82.775 100.03 104.35 128.72 138.3 154.12 151.21 162.68 170.07 164.89 143.66 131.62 99.461 81.927 72.528 63.682 58.12 53.021 38.675 38.52 43.877 32.413 33.121 32.002 38.447 46.054 40.678 37.52 36.03 38.176 41.765 44.216 48.064 46.264 35.856 29.645 27.832 31.549 34.069 35.164 28.889 24.169 24.503 31.472 35.092 32.704
200.73 197.96 181.9 177.5 153.51 143.17 130.36 127.24 101.54 81.645 69.065 80.571 89.686 113.53 128.39 144.25 155.34 155.77 152.35 172.86 160.07 148.78 109.39 98.043 79.766 68.126 64.734 51.953 43.203 41.772 42.603 37.452 34.019 35.502 42.116 49.137 53.843 43.087 35.748 40.491 44.766 45.9 49.378 40.432 30.178 27.946 30.494 32.739 31.729 32.164 29.112 25.196 29.465 40.918 38.702 44.17
220.94 202.57 165.87 167.42 142.96 138.07 135.61 145.84 104.99 64.546 56.553 69.667 74.32 111 129.58 130.35 145.17 134.57 135.37 170.83 167.62 154.85 117.98 111.08 108.63 95.766 87.401 77.894 52.012 46.631 45.457 53.8 44.017 37.602 42.503 44.443 46.829 40.658 41.12 49.08 49.225 49.755 41.277 32.985 28.774 28.246 29.462 30.521 34.607 32.542 31.553 33.787 36.352 42.66 52.411 58.579
208.38 187.31 150.62 167.96 145.28 137.95 116.72 111.86 81 59.583 58.146 86.298 85.051 121.68 149.32 132.11 125.8 125.52 134.13 147.76 163.6 166.34 146.61 143.8 131.85 121.42 95.704 106 79.14 66.93 51.991 48.744 44.974 51.154 49.496 44.83 42.083 39.058 41.91 48.87 46.75 45.141 36.176 32.127 34.277 35.105 38.075 32.599 33.202 33.911 31.648 33.146 39.443 41.587 53.528 64.882
190.24 170.84 146.39 153.87 132.06 118.58 101.37 89.4 74.755 80.045 91.428 118.62 110.24 134.89 139.83 129.35 119.59 113.29 124.75 139.14 164.63 190.04 176.8 149.37 140.59 139.49 110.41 109.26 104.79 98.247 78.671 68.577 58.626 69.388 63.278 56.115 44.214 40.35 42.838 42.257 40.778 39.639 37.423 30.865 31.349 38.009 35.769 37.079 35.688 36.4 36.151 41.07 44.958 48.612 63.294 66.261
155.09 148.32 140.34 140.79 120.07 98.248 97.859 75.406 79.488 83.637 88.348 92.371 107.22 119.25 122.93 119.51 111.29 109.25 113.69 129.31 166.28 179.74 168.83 155.09 148.98 134.1 126.78 120.69 126.94 121.52 101.37 81.32 74.959 76.548 59.006 56.406 47.36 45.068 43.667 42.575 39.163 39.243 38.838 32.557 39.241 42.625 39.859 37.624 39.49 38.117 37.11 44.116 57.005 64.446 67.067 66.67
134.45 134.14 139.66 140.51 135.44 109.91 85.756 81.522 72.855 73.632 70.695 97.084 110 99.786 116.47 124.06 124.18 121.28 112.93 139.33 175.55 171.18 174.52 177.11 156.68 139.65 136.69 143.83 143.88 140.92 117.56 107.27 106.63 91.854 67.563 68.077 62.36 51.518 49.859 42.893 39.01 39.43 40.285 44.623 44.254 49.142 56.018 42.247 37.945 39.92 43.522 49.658 66.016 82.774 89.199 73.465
150.02 146.32 129.82 145.62 148.48 129.29 95.403 93.41 80.37 77.766 81.511 106.62 101.34 107.27 111.05 123.04 134.46 146.8 136.33 150.11 173.08 193.62 183.97 180.1 165.43 138.25 133.81 154.91 140.2 137.17 132.02 111.74 104.75 91.542 75.886 64.406 64.502 56.391 51.212 47.625 44.324 40.285 40.231 33.731 33.639 34.111 43.587 43.687 46.756 48.028 45.385 73.559 81.816 76.238 85.804 83.933
174.85 183.42 147.9 166.54 157.62 156.8 135.05 132.16 125.33 110.48 103.4 122.1 115.75 115.19 120.1 113.66 130.32 146.76 149.86 174.86 181.54 207.1 208.22 199.03 201.57 178.7 155.82 153.39 139.63 144.07 136.02 124.88 117.36 96.928 87.523 75.214 76.076 67.707 63.058 53.734 50.757 46.024 41.963 33.571 30.506 33.352 34.616 37.034 42.242 44.95 50.703 74.686 93.529 93.034 86.458 87.72
208.01 186.98 164.71 168.47 150.33 129.12 113.6 131.11 113.74 92.595 80.443 92.825 90.856 94.94 107.92 114.39 120.49 119.06 134.41 146.39 154.09 176.33 211.07 233.62 236.58 219.64 185.65 157.3 148.55 146.92 131.37 128.2 118.84 97.557 87.668 79.404 78.953 74.883 70.337 58.63 61.415 53.776 43.669 33.02 30.751 30.051 41.699 33.723 39.18 44.54 46.813 71.555 85.958 82.399 95.507 88.541
221.04 212.18 200.37 183.99 136.01 98.24 92.858 99.751 91.408 77.595 74.527 96.177 90.855 89.907 91.101 101.25 103.76 105.04 125.37 126.75 138.88 157.49 182.57 236.78 254.19 243.04 211.44 174.86 151.65 149.13 138.16 131.79 116.71 102.27 102.97 101.31 86.798 84.316 99.112 77.742 67.362 59.939 44.933 32.25 27.058 27.957 36.578 42.159 48.102 49.474 50.24 73.329 80.849 96.067 104.64 97.374
233.44 226.31 194.58 156.99 104.48 76.317 72.281 73.702 74.52 74.566 72.493 94.666 94.877 88.666 96.434 110.23 109.21 114.55 130.78 152.04 173.02 176.09 162.58 182.08 225.79 217.98 213.55 184.24 164.7 145.36 137.69 140.53 115.66 101.96 108.48 129.4 117.33 104.9 114.26 83.582 73.614 63.438 47.859 32.092 27.835 25.941 31.155 45.909 50.404 55.697 61.901 68.098 71.668 88.472 103.03 101.98
259.03 234.49 187.11 149.44 97.543 76.687 76.806 96.689 97.649 82.168 77.138 100.11 106.5 108.72 122.8 141.46 167.32 168.84 180.66 179.47 195.45 207.26 181.54 181.46 210.49 221.64 183.14 183.11 182.41 149.16 135.34 142.6 124.44 107.24 105.25 135.02 152.73 135.76 118.61 90.114 78.472 62.118 50.232 34.799 27.149 26.395 27.187 37.872 50.593 62.54 72.216 77.058 95.041 114.09 111.87 105.58
263.61 235.38 144.83 107.65 82.55 72.053 85.939 109.59 92.521 77.065 74.728 96.556 102.95 119.38 134.78 169.58 194.58 197.89 188.33 175.57 191.16 190 174.8 173.31 199.81 205.59 196.33 208.02 208.62 158.9 131.75 128.17 125.86 124.02 114.61 136.44 145.89 133.01 117.26 83.419 71.836 57.812 50.352 33.305 25.417 24.926 27.107 34.85 47.471 61.008 72.557 75.863 100.1 116.83 123.3 114.7
260 189.41 104.21 94.994 77.491 80.996 88.56 93.223 82.382 76.524 72.529 96.335 111.33 135.66 172.55 196.1 221.71 226.81 215.39 192.88 189.05 173 173.14 171.37 216.68 232.15 210.14 182.38 196.68 175.2 137.75 125.11 126.86 133.76 132.56 150.72 140.49 124.38 111.7 77.724 66.967 56.796 58.338 33.871 27.971 35.281 33.123 41.885 54.707 68.011 80.578 90.643 102.93 125.1 124.46 134.91
254.08 186.38 118.92 106.33 97.993 101.51 82.769 75.721 72.327 70.008 74.965 104.71 124.26 156.22 186.84 224.77 246.07 248.08 217.63 180.28 167.39 155.69 148.25 158.8 231.87 235.03 179.73 152.69 145.96 140.5 131.92 126.35 129.1 128.27 129.12 139.97 134.22 119.57 102.26 74.251 68.753 61.034 57.491 35.619 32.891 40.801 40.934 53.968 68.314 82.113 96.08 116.43 124.34 127.41 129.1 132.7
255.8 206.11 130.47 137.2 112.21 97.821 82.712 98.876 91.465 93.116 100.76 113.42 134.53 166.09 200.86 246.19 254.03 248.94 220.53 170.01 152.32 138.6 139.31 201.28 250.01 236.86 182.63 146.25 122.56 110.34 108.53 120.24 115.61 123.29 124.73 118.12 116.44 96.211 83.802 67.412 60.031 54.685 48.147 37.334 40.253 44.556 62.862 88.656 102.43 130.1 144.82 152.49 161.24 165.1 165.06 155.36
228.44 180.01 103.08 125.94 113.52 88.685 84.546 99.476 93.655 89.327 91.857 109.89 129.51 162.89 194.06 231.69 235.75 235.48 209.24 159.38 137.73 137.11 141.7 213.76 241.65 203.49 168.96 144.99 123.92 104.18 104.43 115.04 111.33 112.57 112.9 111.06 101.87 87.339 78.527 61.195 53.716 49.442 46.905 42.852 41.361 52.158 62.841 110.5 137.03 165.31 174.08 172.17 179.07 173.68 190.93 163.32
212.97 149.52 84.864 91.752 79.009 76.858 78.38 93.826 95.675 88.903 85.616 108.26 117.74 148.95 188.99 212.52 212.66 196.88 183.5 136.74 125.31 117.92 169.35 224.46 204.4 183.56 147.35 140.02 116.25 107.73 107.66 116.97 106.99 102.75 101.87 95.457 87.255 76.507 69.918 54.226 52.41 46.598 49.573 48.165 51.353 65.695 82.304 123.16 156.86 183.3 202.06 200.41 189.96 195.19 202.04 118.99
201.15 127.78 88.399 103.39 73.832 75.738 75.094 92.009 92.156 84.671 87.854 103.31 109.93 127.82 165.31 174.22 178.71 177.39 164.4 120.96 113.38 115.79 152.68 192.22 181.27 152.04 125.99 128.22 111.86 99.323 106.55 102.93 97.231 91.474 88.973 86.102 84.2 70.606 63.589 54.178 47.257 49.978 56.969 56.245 61.38 83.556 101.23 143.43 178.04 207.22 230.3 227.28 203.3 208.23 162.58 143.12
176.17 119.89 92.324 101.5 75.945 80.183 72.157 92.4 87.502 86.184 91.621 91.656 101.37 117.54 140.09 129.1 142.22 145.61 132.23 119.14 99.89 105.64 152.35 191.98 193.69 150.61 116.46 105.52 96.337 94.831 97.047 93.246 87.014 75.575 76.369 65.739 60.21 51.529 49.398 46.33 39.657 44.317 52.671 75.287 84.008 105.82 127.55 155.65 206.68 234.42 227.89 228.1 220.13 174.88 179.72 142.44
174.03 110.8 69.352 84.398 75.941 83.172 81.049 87.054 94.956 86.503 90.723 87.103 87.326 91.305 106.92 100.71 106.48 100.14 112.58 111.91 95.902 102.03 129.05 161.85 152.49 131.72 102.12 91.266 84.073 81.188 74.614 79.491 75.804 70.251 70.553 56.158 45.659 44.114 43.915 40.56 36.996 43.169 52.795 74.828 89.341 111.82 139.54 179.23 228.66 238.04 231.3 227.48 187.75 200.67 198.93 161.02
171.75 101.24 71.402 89.592 84.823 86.676 92.97 105.46 92.745 91.132 89.958 87.839 85.223 87.29 80.833 88.966 84.882 80.093 95.823 98.511 96.134 109.14 113.73 128.24 116.34 99.801 83.06 84.037 74.37 64.615 62.957 71.532 65.415 60.293 56.538 46.358 39.483 39.168 42.637 38.813 43.052 43.717 51.776 77.943 101.01 129.1 153.56 186.26 223.9 239.86 249.73 190.53 209.51 218.48 217.69 171.25
176.23 111.32 80.807 82.716 85.33 81.307 91.56 98.022 86.567 85.72 85.83 80.515 77.621 82.706 79.584 77.837 77.488 72.83 89.657 95.915 86.622 106.77 90.875 88.077 93.209 89.535 76.159 65.608 63.246 67.201 73.529 59.432 56.802 52.875 49.612 62.618 103.93 39.347 40.523 43.02 46.147 47.726 55.004 83.552 103.82 135.35 173.75 193.64 215.01 266.14 278.08 211.1 227.41 235.87 216.21 167.15
166.6 127.74 72.606 65.396 59.709 53.85 61.694 69.596 63.862 56.15 62.265 72.931 73.741 68.149 73.605 65.936 63.748 65.593 67.977 78.409 79.739 80.212 79.628 85.696 81.834 66.32 51.941 45.267 43.159 40.946 43.288 46.737 43.401 44.584 43.675 60.97 181.94 49.48 46.238 49.727 49.764 51.865 61.749 91.055 118.5 154.26 191.29 225.79 225.71 285.1 232.94 205.96 195.74 202.59 182.97 154.33
144.68 116.12 62.869 50.183 44.67 49.566 41.175 56.052 59.628 55.119 60.637 61.38 68.308 66.943 62.894 57.3 55.984 54.345 55.372 71.586 73.27 67.37 67.748 69.251 64.801 56.489 38.353 29.882 28.006 28.54 28.696 43.092 43.248 46.644 47.049 48.402 54.075 50.955 49.863 52.645 53.77 52.247 61.635 97.205 125.71 171.72 197.94 228.73 266.09 230.61 233.4 196.78 194.9 195.6 185.88 149.44
152.31 91.197 53.652 49.348 40.002 50.345 44.305 49.691 57.393 54.178 49.771 55.867 60.84 56.974 52.724 47.982 52.854 52.86 57.274 61.946 62.587 50.442 46.573 49.538 38.898 35.975 26.086 26.149 26.582 26.903 31.368 40.806 41.471 38.093 38.673 44.362 44.861 51.342 49.099 46.947 54.163 61.815 71.22 111.64 141.02 187.63 207.33 243.05 289.23 227.78 233.6 199.08 191.65 179.06 187 158.04
119.65 74.413 47.448 38.308 34.506 39.358 43.008 51.516 50.414 51.434 53.043 50.634 52.249 53.306 48.736 41.808 45.179 52.596 50.624 47.014 47.466 38.758 41.877 38.878 28.754 31.053 32.66 32.015 39.892 34.3 25.833 34.853 37.368 40.435 40.043 39.007 40.602 44.439 44.875 50.699 61.207 70.018 80.407 123.89 151.32 190.65 208.23 245.26 225.52 228.94 245.18 203.87 195.64 192.87 199.9 165.02
81.51 60.669 39.628 39.252 40.872 37.874 40.656 40.403 36.483 37.165 42.203 37.044 44.041 41.226 36.17 36.541 37.773 42.642 47.373 53.25 47.228 42.301 38.594 36.202 36.079 40.439 43.575 49.618 49.218 32.883 27.866 32.106 37.151 36.454 38.528 38.731 36.857 39.991 46.305 71.727 73.291 86.109 115.45 151.47 175.31 196.5 227.38 210.13 247.92 250.02 269.42 218.49 209.26 216.33 211.62 167.73
50.382 45.317 47.023 52.244 37.617 35.726 37.529 36.355 32.8 31.779 39.925 34.048 43.323 33.682 31.8 36.107 30.251 40.395 45.223 46.854 47.554 42.888 40.256 44.841 36.574 32.442 33.43 41.548 31.596 27.137 27.869 35.357 35.32 29.442 31.801 36.238 38.657 39.426 50.684 76.442 80.214 93.615 132.7 160.2 190.44 211.83 253.35 222.44 247.66 269.58 265.28 215.08 214.99 209.22 216.55 180.8
39.031 40.157 43.23 61.267 48.504 36.633 33.678 38.724 30.693 30.266 39.78 36.886 35.784 33.237 31.731 36.077 28.82 34.093 43.21 42.622 44.06 39.139 36.173 38.385 37.69 27.115 24.426 26.298 23.156 17.872 24.838 29.635 30.883 28.965 28.823 35.301 38.109 46.065 51.167 74.419 89.183 104.83 132.87 164.82 185.61 222.47 241.44 200.37 242.2 267.74 245.3 204.87 196.37 199.42 210.59 168.79
38.832 35.193 43.442 73.702 51.728 38.68 33.555 32.98 26.975 31.339 27.517 32.296 28.497 28.59 32.018 35.38 35.474 31.679 38.603 44.462 40.582 35.399 35.774 34.073 30.33 21.018 20.794 19.84 19.022 21.439 28.386 30.411 27.776 26.164 27.892 35.39 36.345 45.108 50.821 76.129 93.254 115.26 141.28 168.67 191.93 212.47 167.13 192.37 230.77 262.61 237.02 203.47 192.48 200.36 187.56 154.39
43.685 31.724 40.424 80.851 60.111 43.459 38.747 42.814 33.634 26.424 26.382 27.117 23.945 30.459 37.111 46.092 40.958 34.661 40.868 47.298 43.307 37.503 28.78 27.62 22.447 17.641 17.799 21.649 20.444 18.925 21.667 26.93 23.628 22.347 26.64 29.904 32.385 34.522 45.859 92.24 118.02 141.57 155 172.11 210.84 234.01 170.61 174.24 213.88 243.5 221.74 185.08 183.39 180.55 179.9 163.14
35.196 26.057 33.017 60.63 53.954 45.411 38.231 44.563 31.968 24.215 21.618 27.325 26.779 29.302 29.454 34.201 36.798 34.126 39.302 53.922 41.938 32.943 33.216 25.292 18.315 17.793 16.818 16.228 15.474 17.719 16.55 17.494 18.626 18.955 20.89 26.041 27.489 35.899 46.556 90.363 109.65 141.71 153.12 165.76 212.18 224.25 177.27 171.89 205.52 232.54 216.77 182.77 180.29 188.21 189.09 165.06
30.828 23.658 23.251 35.139 39.256 38.144 30.898 41.449 35.64 25.963 19.588 19.39 22.745 23.403 27.018 30.012 36.385 34.11 37.183 43.478 38.444 30.703 30.907 25.089 20.521 16.911 12.543 11.704 11.986 11.069 13.829 13.829 12.842 14.277 19.365 21.492 27.905 42.043 52.765 92.185 109.69 141.92 124.16 153.42 197.82 226.96 175.71 192.37 205.48 208.11 211.01 181.25 188.45 188.71 194.76 164.77
