36.602 39.594 37.522 33.857 31.115 27.059 30.055 30.536 25.541 19.73 27.196 36.071 32.317 33.049 34.369 36.484 37.35 38.123 44.572 47.446 49.715 50.258 53.196 60.907 66.832 85.29 91.589 96.633 100.82 103.04 106.23 122.14 107.16 97.21 96.284 96.098 100.11 92.887 92.738 68.938 59.771 56.711 55.04 68.487 75.97 71.648 78.479 100.02 97.542 101.51 97.842 103.61 122.22 126.51 96.899 89.447
43.356 39.299 38.892 35.101 31.802 34.031 39.86 42.986 31.081 25.59 24.246 35.67 38.735 32.777 34.173 41.243 39.573 46.733 46.422 46.705 50.294 52.81 58.598 65.713 69.342 89.182 103.5 108.79 112.55 114.28 117.9 122.83 115.29 109.03 111.87 124.83 114.77 108.45 90.098 69.961 67.568 73.079 66.957 63.518 62.2 71.873 77.298 86.229 98.078 101.4 106.23 104.4 99.844 95.698 89.113 97.25
45.245 42.398 45.917 40.01 36.492 36.985 34.973 36.541 34.278 30.185 31.143 40.585 43.56 39.65 41.158 45.263 47.091 52.914 50.151 49.982 53.118 56.407 71.036 78.184 77.408 99.027 112.51 123.19 127.54 129.73 116.07 126.3 135.11 143.94 144.7 147.98 148.31 136.09 107.43 94.647 96.347 91.958 85.415 65.552 63.565 72.29 73.701 82.954 100.05 104.21 111.66 116.92 90.454 72.061 73.694 73.45
52.986 49.51 50.024 52.112 40.773 42.685 38.868 39.67 43.719 35.87 32.18 41.53 39.839 40.479 43.098 48.435 48.269 50.866 56.369 61.771 65.822 64.956 67.384 80.789 93.064 120.34 132.66 160.57 143.69 135.53 135.12 162.94 177.36 180.64 188.14 178.67 170.8 138.28 102.03 105.28 118.66 129.23 110.69 104.66 101.43 95.412 114.18 125.1 128.29 116.15 108.31 104.81 98.844 81.087 78.02 72.649
64.576 58.445 56.227 58.1 47.33 42.03 42.305 46.167 42.408 38.543 35.388 38.846 41.98 43.694 47.399 54.084 51.669 52.828 60.562 70.821 70.791 69.564 70.85 81.097 91.077 107.12 113.9 138.86 132.14 127.19 141.47 176.72 208.9 204.87 195.88 173.19 159.35 120.24 92.901 106 142.24 133.19 122.49 120.23 133.82 140.56 157.08 153.18 143.46 127.9 117.02 101.27 95.996 89.299 76.263 73.991
67.99 74.57 70.706 69.789 57.812 53.491 48.513 48.643 43.616 37.309 43.149 45.019 44.234 42.801 50.32 57.5 53.217 50.209 55.709 65.368 66.273 70.491 76.451 83.847 92.713 102.59 100.95 122.55 131.21 136.68 159.68 181.78 202.56 199.83 190.19 167.46 143.85 107.58 99.913 130.19 144.41 120.5 110.65 133 157.04 160.68 162.34 152.57 140.39 138.49 114.52 98.367 96.975 91.712 75.345 78.928
81.96 77.285 90.122 90.278 79.191 75.698 51.486 55.972 45.185 41.495 42.757 51.873 47.628 50.801 50.702 62.852 55.677 52.013 55.94 52.65 61.574 67.707 69.333 75.724 85.107 98.195 101.47 124.86 140.39 156.76 165.06 175.66 181.77 190.2 167.25 160.14 147 111.98 107.2 139.22 142.61 120.62 125.25 140.43 153.35 154.77 155.02 152.4 133.18 124.28 111.06 114.64 109.7 116.12 113.98 108.17
84.959 93.484 100.37 107.48 98.08 87.688 70.709 60.743 53.582 54.673 54.449 63.582 58.366 59.789 54.183 63.78 58.791 52.028 55.719 60.261 53.001 56.759 60.013 66.277 77.142 91.72 99.283 113.55 139.67 150.57 145.59 161.75 173.9 180.79 165.64 161.33 149.68 123.73 116.27 136.89 145.85 139.11 145.69 155.59 166.93 161.93 159.06 141.26 122.52 105.7 103.66 111.97 111.24 120.56 140.94 129.36
92.414 97.7 95.55 109.67 95.792 94.163 91.331 80.085 72.983 67.772 57.166 70.664 68.066 61.865 66.4 69.87 56.568 54.686 59.032 63.601 57.473 56.12 62.577 62.523 69.584 79.469 89.024 102.15 103.21 117.75 121.81 149.68 162.71 177.04 162.91 169.32 154.49 137.72 125.24 128.62 142.96 138.44 133.11 153.82 160.01 139.49 148.97 145.44 125.23 117.87 113.33 116.03 110.29 110.65 123.51 125.12
127.55 114.91 107.58 109.96 103.71 103.7 98.966 92.763 82.636 77.346 66.002 77.498 76.279 69.815 68.199 70.717 60.328 65.534 58.499 60.43 60.105 55.851 67.375 72.013 67.347 65.747 82.161 89.551 88.899 89.73 94.645 138.05 164.7 168.43 160.97 161.35 155.37 143.14 130.91 132.24 129.52 132.59 127.54 147.88 149.41 134.14 136.13 123.71 117.37 122.62 112.83 102.34 105.8 108.16 110.76 113.69
119.04 108.3 101.21 108.94 119.57 118.94 108.43 107.93 90.949 88.034 88.361 87.515 82.426 78.804 81.015 77.112 71.549 70.446 62.336 60.883 59.569 57.347 60.729 69.041 63.817 69.4 80.584 70.143 68.495 77.179 91.688 125.84 147.91 149.06 145.31 160.08 146.36 134.16 140.24 131.63 133.49 132.43 145.58 154.61 153.94 137.16 126.07 130.19 120.07 111.34 109.35 106.16 98.956 98.573 104.55 109.12
130.75 128.86 133.84 135.02 144.97 131.81 113 100.48 102.8 106.97 102.57 97.266 82.444 81.873 81.374 81.825 74.719 78.386 63.178 65.563 65.195 58.739 56.698 51.997 59.488 65.581 61.364 61.828 66.85 68.759 77.042 97.621 114.44 114.6 116.26 152.91 152.44 146.19 138.18 129.22 114.68 110.97 128.27 128.51 135.67 131.81 125.15 120.91 107.46 109.55 112.14 95.867 87.726 75.812 80.061 90.972
152.96 157.33 148.7 146.17 150.86 138.53 113.72 105.55 112.22 115.81 121.03 114.78 92.911 89.215 92.354 106.23 98.232 90.211 80.074 79.754 72.127 55.224 55.989 49.305 53.516 49.894 51.606 47.344 50.168 53.075 59.135 73.673 96.531 90.268 92.107 128.17 139.31 142.56 123.74 117.03 103.73 110.13 114.93 121.53 127.26 136.3 127.26 117.29 115.04 109 108.86 89.581 81.932 79.331 72.613 71.589
173 159.76 155.97 151.47 135.3 136.96 114.41 111.69 109.46 117.91 122.16 121.99 98.969 90.477 95.283 117.94 111.06 99.508 71.66 87.638 85.69 71.763 68.037 65.424 56.528 44.482 43.824 37.068 44.465 53.706 58.199 63.126 75.33 81.199 87.408 106.97 121.13 126.53 113.22 117.7 116.1 113.86 112.52 119.01 112.79 115.64 112.59 111.13 110.81 104.25 97.281 82.291 82.295 79.825 77.726 67.514
165.65 167.17 159.81 163.47 136.74 138.34 129.34 123.45 112.02 122.97 123.81 123.94 106.57 99.239 97.492 120.79 123.7 128.84 106.16 98.235 82.04 71.883 78.933 70.45 57.635 44.335 35.844 34.864 37.264 52.194 57.285 58.407 71.133 73.302 78.724 94.812 100.56 95.591 96.934 106.93 107.89 105.65 105.66 113.96 114.86 118.26 117.39 108.37 108.66 104.03 100.72 75.895 74.79 72.773 79.751 69.775
186.56 182.46 183.79 188.23 170.77 167.87 146.65 131.79 137.26 140.56 139.45 130.42 114.25 111.79 97.883 109.39 125.41 141.32 132.04 100.31 75.66 69.507 64.268 72.989 59.148 44.215 37.319 35.896 36.214 48.128 50.424 59.341 62.209 69.594 74.535 85.998 88.597 89.56 91.522 107.95 109.67 111.15 116.64 108.27 104.4 116.17 111.81 93.738 101.62 104.66 107.78 84.135 80.532 78.953 90.35 78.219
208.6 186.23 201.33 210.37 183.36 169.91 154.55 148 139.25 118.11 113.38 123.51 125.26 112.55 105.43 113.8 121.84 127.22 125.29 128.68 94.314 89.471 65.166 69.256 66.947 47.942 42.434 42.952 37.68 41.461 46.887 53.258 59.009 60.524 63.694 71.084 76.116 78.607 91.16 104.6 116.28 122.17 114.86 96.719 99.798 110.27 102.58 97.595 107.9 102.71 105.56 87.443 83.635 89.238 97.242 85.427
219.72 199.91 203.12 204.38 182.77 161.95 148.41 143.16 122.64 105.77 108.54 115.13 130.04 149.1 151.36 157.19 144.92 142.95 134.96 143.25 110.13 98.535 72.521 65.16 69.807 55.192 53.839 51.505 41.478 43.122 42.037 53.771 62.167 60.436 60.407 66.818 71.493 83.875 93.618 104.41 115.39 129.01 113.99 114.02 105.15 103.88 95.81 97.615 102.63 105.86 104.1 93.778 99.397 114.71 101.05 86.563
233.04 204.85 190.58 201.26 187.56 167.85 163.69 133.01 112.22 102.08 96.004 120.21 127.54 156.44 160.56 163.87 153.34 154.43 157.34 152.5 127.65 100.52 77.879 70.933 74.634 62.391 62.464 61.476 42.531 37.63 40.527 49.725 54.422 63.733 65.869 67.457 69.889 73.131 83.959 100.17 108.64 117.27 120.7 121.98 122.1 111.87 94.095 99.046 102.88 101.03 104.69 85.938 95.511 104.93 107.35 93.666
236.54 199.95 197.19 223.66 211.15 203.26 176.55 138.9 118.19 98.079 102.11 122.53 140.02 152.13 161.66 175.78 175.71 164.64 158.43 159.83 133.46 115.47 98.801 78.056 69.205 61.976 57.604 54.112 46.951 46.342 46.408 59.585 64.346 73.486 89.476 92.414 84.228 78.042 86.657 103.86 114.33 117.93 132.78 124.85 120.31 120.14 117.13 107.14 104.61 107.7 109.42 85.507 88.138 102.93 108.79 104.92
227.73 209.96 204.66 219.53 220.68 199.67 177.69 160.38 128.1 111.65 106.21 108.36 115.07 142.67 152.96 169.13 179.61 176.98 185.4 172.19 159.05 138.34 118.32 98.051 81.377 74.239 75.419 64.657 57.268 56.445 60.58 72.585 76.929 79.076 88.699 93.174 88.084 84.563 86.362 101.93 111.9 118.88 118 116.89 121.95 113.56 119.37 120.36 115.24 116.72 122.59 102.54 103.11 118.91 122.71 108.93
216.98 211.14 200.53 208.48 201.51 175.34 165.92 167.91 126.87 102.04 89.836 107.79 112.5 137.1 159.97 154.89 162.6 170.8 183.52 173.62 154.13 152.14 136.04 121.55 105.53 89.187 99.672 94.172 73.916 67.117 69.035 78.966 79.784 78.81 85.375 82.655 87.573 98.41 106.22 121 117.42 115.53 117.35 103.83 104.2 103.04 118.19 122.64 128.08 129.2 139.47 120.08 123.51 142.2 133.88 127.17
225.83 201.76 178.28 180.04 175.25 167.36 163.21 165.15 118.49 97.239 91.693 102.4 99.874 147.52 203.44 159.78 150.82 151.19 148.46 169.07 178.4 165.58 139.18 136.18 117.05 108.94 102.91 113.2 93.603 88.097 81.923 85.508 86.198 96.502 104.26 88.668 89.942 111.14 121.73 124.5 126.53 122.15 112.48 107.61 106.16 98.025 116.47 123.23 123.24 141.86 153.44 153.32 148.45 151.41 143.08 140.12
213.27 198.75 167.8 170.61 149.28 132.72 119.5 134.02 109.71 109.69 118.67 118.8 112.95 179.47 194.86 159.34 144.84 147.5 173.85 176.75 173.85 169.33 155.17 154.7 139.24 126.7 111.63 126.61 127.53 119.52 108.96 115.07 109.94 124.7 131.07 134.61 120.87 130.55 129.54 119.97 118.28 126.31 120.34 99.78 103.06 105.04 125.4 137.95 134.65 140.94 169.72 168.42 159.83 168 163.56 170.19
193.27 189.85 163.46 169.4 154.16 123.59 105.21 106.27 98.675 117.18 102.16 115.3 130.44 152.88 152.62 150.48 145.05 137.35 158.07 184.5 185.18 194.3 176.86 166.47 159.45 138.17 121.99 138.99 148.81 138.51 123.15 130.19 124.36 130.42 134.51 155.92 150.65 144.35 144.83 138.83 128.97 129.22 124.59 98.43 108.86 106.92 123.49 135.18 138.6 143.2 181.45 177.35 165.34 155.53 154.77 172.09
197.66 170.9 149.04 161.22 152.7 132.39 107.11 108.96 101.94 84.932 92.087 118.6 129.34 140.08 159.65 166.75 150.9 167.97 172.38 203.7 202.49 179.37 196.7 196.08 179.9 148.84 129.43 150.08 167.74 154.44 135.2 145.17 144.7 150.54 162.9 184.85 187.09 171.17 160 152.92 138.23 129.94 135.62 98.58 97.872 117.18 137.51 136.23 148.63 148.39 167.84 153.44 151.39 151.05 166.25 147.67
190.29 172.41 148.78 161.47 148.3 130.34 114.27 125.06 105.92 93.278 112.89 143.53 131.14 133.72 136.86 161.27 165.51 174.51 169.35 198.93 196.81 178.03 196.7 198.01 181.52 150.35 146.06 165.95 151.92 152.79 139.29 162.75 152.11 154.76 171.46 172.47 184.34 173.19 173.59 169.4 155.73 143.73 142.48 106.54 106.22 124.96 137.4 134.95 131.53 150.88 157.26 142.62 147.51 137.66 133.62 136.34
191.49 179.75 161.93 162.62 137.44 128.62 114.73 158.27 148.59 122.43 136.53 167.28 164.91 147.81 152.85 177.28 184.23 197.89 196.36 195.03 203.58 208.64 212.86 207.63 208.67 193.07 179.03 167.87 155.25 159.99 152.84 152.82 143.4 140.03 153.01 166.64 190.67 195.16 193.67 190.22 184.14 170.84 149.33 109.32 114.56 122.43 119.5 117.14 121.25 129.38 133.78 124.21 124.03 122.54 132.59 133.01
186.89 189.81 169.55 151.92 137.3 110.56 104.45 130.54 132.16 110.6 109.19 143.91 134.96 123.76 140.44 147.14 150.3 167.25 183.61 190.27 198.19 199.69 222.03 239.74 254.74 234.76 198.88 183.24 170.36 171.37 156.38 152.95 147.47 137.66 146.68 167.49 187.15 206.09 206.45 196.02 185.64 177.09 150.85 114.46 111.07 106.75 116.95 108.31 115.06 121.19 120.48 122.62 112 109.61 135.01 126.02
198.94 193.71 152.04 137.53 109.45 83.767 92.121 104.73 114.73 106.5 103.27 119.01 117.22 113.84 121.93 134.72 135.7 142 163.21 188.99 181.79 176.02 200.07 243.23 280.19 270.68 234.82 198.89 177.16 178.59 152.69 150.49 146.04 147.54 155.84 173.07 191.94 222.61 244.77 223.57 188.71 169.53 143.79 105.02 94.313 94.003 103.55 94.801 106.16 114.75 119.53 115.38 110.53 104.35 119.05 124.98
205.17 201.32 165.58 114.37 85.019 69.173 79.196 96.52 111.05 97.269 93.434 116.24 122.59 120.3 131.72 143.43 161.28 163.77 191.94 218.28 215.51 207.13 198.43 231.93 259.21 269.85 241.53 216.13 188.41 170.5 153.64 153.95 148.35 147.1 163.74 189.35 208.29 232.33 260.81 235.21 189.84 158.27 139.54 107.49 102.26 96.646 99.359 96.582 104.76 119.56 128.92 111.85 106.02 128.23 125.94 110.25
211.98 209.11 152.34 119.22 85.1 64.006 80.264 116.79 120.73 113.24 107.4 133.92 147.6 159.46 190 227.27 263.94 282.7 310.29 281.9 265.53 248.57 241.06 239.73 259.5 257.77 231.91 228.12 204.71 169.12 155.61 161.49 153.11 151.1 159.45 210.09 245.03 254.36 254.13 237 189.03 149.85 126.29 90.585 90.879 92.593 96.722 97.134 100.83 118.39 123.71 135.1 128.71 136.19 141.79 103.34
232.52 178.1 114.97 107.04 85.58 76.038 78.029 117.03 115.8 112.99 104.94 142.44 152.8 191.29 219.46 265.74 290.19 298.06 296.68 257.34 263.19 240.85 230.56 230.9 226.63 226.01 244.14 246.62 217.39 164.32 148.51 153.32 156.51 160.7 169.57 217.58 244.04 251.84 253.1 224.02 171.47 142.47 122.57 84.322 82.036 82.568 84.462 87.941 97.479 104.99 110.58 133.83 127.56 118.42 114.91 86.196
208.94 148.05 94.373 92.503 78.832 69.915 82.689 105.57 107.88 110.19 103.67 139.22 179.7 214.19 243.89 301.21 321.34 300.43 279.27 235.6 231.72 204.98 206.34 197.1 228.08 251.58 234.71 227.26 213.26 177.06 151.6 149.19 145.18 168.01 195.33 223.07 228.64 239.92 225.72 187.69 156.51 133.85 122.5 84.464 77.708 73.562 73.898 86.946 90.975 105.63 105.8 122.23 119.24 112.58 94.37 55.534
186.75 134.11 93.476 97.431 98.556 95.648 83.044 90.695 93.713 103.85 108.18 144.25 181.63 227.12 260.05 293.15 321.47 311.26 287.65 228.39 221.06 206.63 200.65 194.42 241.76 242.25 209.5 180.54 164.89 159.6 147.65 148.86 144.35 166.42 191.35 220.83 216.91 207.48 194.05 180.25 151.08 136.08 119.07 79.575 77.656 70.762 78.043 91.351 93.52 98.638 99.809 133.67 121.76 109.27 77.218 60.452
227.36 167.97 116.99 145.23 122.34 118.47 99.487 115.7 112.4 119.62 130.68 164.34 198.56 244.73 279.82 294.62 310.22 305.39 287.39 221.5 191.77 201.14 199.33 246.35 261.42 240.01 196.71 172.5 137.2 128.18 137.23 155.86 148.02 166.82 180.03 189.79 182.68 177.54 176.71 185.35 164.65 133.65 111.84 82.663 79.453 71.79 74.84 92.376 105.89 95.212 109.24 126.92 114.3 90.282 64.851 61.956
232.54 163.58 104.91 137.43 122.52 109.95 105.49 124.08 119.85 118.01 134.91 165.63 207.44 236.8 280 278.82 291.7 301.68 282.61 198.66 175.96 187.44 172.39 262.4 231.86 214.83 187.38 160.71 143.55 131.54 129.95 150.94 158.38 152.54 143.79 153.14 159.86 155.03 163.58 162.93 142.61 116.85 105.8 78.843 70.155 71.165 74.514 90.009 103.92 101.87 106.56 109.81 87.024 53.237 52.679 58.54
207.89 155.02 97.471 93.848 86.053 105.39 101.48 134.03 134.7 130.97 135.73 167.08 197.87 225.29 270 271.41 274.23 274.1 247.59 178.72 165.56 153.79 175.5 218.93 200.44 191.93 171.92 157.85 141.28 133.49 138.8 151.77 149.33 136.72 124.94 139.86 148.75 148.04 153.84 145.22 126.47 108.91 105.92 78.686 74.905 74.02 79.113 83.38 104.09 106.94 101.17 93.399 67.138 50.042 52.799 36.833
195.32 136.04 88.335 94.362 81.581 100.07 102.15 123.26 137.62 133.79 136.27 160.67 182.05 206.63 248.01 233.78 243.22 246.13 218.34 170.97 144.24 147.24 183 179.81 172.44 170.32 147.04 133.53 121.51 130.25 150.08 147.18 128.44 123.14 114.88 130.27 139.19 135.22 137.23 116.99 119.84 104.09 96.902 85.793 69.721 77.343 85.243 82.231 96.151 93.121 95.497 81.484 58.312 54.605 47.555 52.643
220.95 144.03 95.607 102.39 88.475 100.36 111.84 130.82 143.53 148.76 142.19 143.26 152.82 162.73 188.17 181.11 185.22 185.92 187.59 165.87 144.34 149.56 175.67 179.62 158.5 141.47 125.54 119.24 113.45 136.31 159.34 132.61 120.65 108.91 115.68 110.17 111.58 109.31 108.11 107.05 103.33 93.908 97.182 102.13 88.416 96.303 110.65 107.95 115.51 113.26 102.69 95.721 90.158 65.606 69.959 66.809
208.44 120.71 82.843 102.88 101.1 102.32 107.21 144.61 142.16 138.35 146.68 142.34 137.12 135.53 143.68 155.33 141.88 140.08 130.72 135.95 141.37 134.88 157.47 181.03 158.32 122.08 104.43 113.61 110.36 114.26 116.77 132.9 116.37 108.1 109.55 97.152 92.787 99.884 97.114 97.014 96.421 93.287 97.976 95.5 90.476 110.66 114.43 95.943 108.41 107.19 104.15 99.102 71.456 73.405 70.368 59.375
208.28 119.53 94.993 143.36 119.03 109.8 122.14 157.01 139.07 136.13 139.61 138.17 138.39 137.67 130.49 134.59 144.55 146.27 140.5 136.13 140.47 131.69 131.71 150.85 150.22 117.15 93.688 105.12 100.48 93.693 104.9 125.88 112.52 104.9 93.835 86.13 86.128 97.367 105.87 98.588 92.888 92.401 91.4 91.776 94.579 114.99 113.55 111.92 123.96 123.49 113.43 87.763 86.374 83.628 82.295 64.213
217.18 128.55 109.15 134.61 138.2 120.63 120.47 159.51 140.93 137.09 142.06 145.46 142.59 158.88 156.55 145.66 160.14 162.48 155.1 157.56 143.82 143.78 140.42 133.21 140.14 119.55 99.112 99.938 98.46 113.68 129.03 127.9 118.03 101.18 93.414 113.56 150.54 93.775 102.79 103.81 91.861 95.138 101.89 106.62 104.04 110.03 121.14 122.28 139.88 146.83 134.26 95.963 94.687 96.497 85.836 65.045
201.28 133.39 109.49 107.77 119.08 113.22 111.63 139.85 130.12 126.76 128.09 144.39 141.69 141.95 150.3 155.55 154.71 159.64 167.09 163.96 148.08 132.39 115.62 117.34 113.45 104.19 90.631 97.883 97.172 115.66 113.42 114.07 113.13 112.12 109.4 143.66 253.12 119 109.65 110.14 108.32 101.57 111.39 115.09 122.65 126.52 132.49 135.93 152.04 164.43 132.89 116.68 109.51 94.782 87.836 79.081
186.71 121.82 88.068 106.35 93.865 98.25 99.391 116.21 133.28 125.54 131.9 140.78 141.36 135.57 141.46 140.61 155.38 160.06 160.39 148.76 137.01 127.28 118.72 118.17 97.481 86.457 65.052 66.334 87.317 99.146 98.333 113.9 111.32 123.35 124.57 132.05 126.67 120.88 115.53 106.46 123.29 108.39 104.09 113.38 118.67 123.21 137.4 151.59 154.69 135.57 143.73 127.75 109.2 94.778 87.25 87.365
193.56 117.15 89.774 103.71 96.556 102.14 96.857 122.14 142.65 133.55 143.66 147.82 145.07 146.51 150.86 145.73 141.64 146.28 143.29 134 122.48 113.79 102.16 91.227 73.359 65.845 46.664 64.216 74.681 99.396 97.435 117.58 117.23 110.75 99.617 102.98 101.2 120.97 111.69 111.22 112.83 104.1 103.46 118.44 124.97 132.65 146.02 161.04 185.58 145.76 145.84 129.56 112.81 109.15 96.46 87.061
141.05 106.18 104.09 102.33 90.41 102.73 108.44 141.35 143.7 143.98 150.5 151.54 147.66 145.27 156.85 142.52 146.15 146.88 132.02 128.88 118.95 111.76 100.35 89.363 68.144 69.094 67.389 72.863 86.797 106.15 101.4 110.28 102.31 95.243 86.595 93.76 107.31 117.77 116.32 114.74 120.02 111.14 107.63 118.58 128.09 142.02 165.08 197.98 165.57 158.24 152.09 138.32 119.72 121.59 110.91 92.001
117.98 105.29 107.3 116.28 101.64 107.14 117.92 125.55 119.72 124.03 137.55 138.81 134.21 137.38 139.83 140.86 143.24 133.83 124.91 118.54 109.15 101.98 91.783 94.689 98.098 105.28 91.11 85.742 84.68 97.196 91.853 93.232 80.364 76.285 79.349 94.903 107.68 97.147 113.43 145.88 137.67 125.21 131.11 132.67 151.05 167.5 196.2 191.02 197.88 188.14 172.93 156.53 140.37 124.05 105.58 90.211
86.65 91.366 119.6 132.2 121.45 106.77 121.19 130.98 118.29 120.39 115.97 122.65 126.84 126.97 128.61 124.91 128.72 128.19 120.51 111.56 94.049 92.167 86.837 106.25 95.366 75.733 66.4 76.517 81.515 84.012 85.43 83.761 74.605 82.033 79.689 99.787 101.93 88.448 106.92 140.75 144.5 133.12 150.26 150.67 166.89 185.78 218.74 191.02 205.63 201.26 192.83 165.44 144.59 127.88 113.17 89.861
83.947 95.77 116.72 140.8 125.47 110.98 110.81 122.66 113.68 111.44 119.04 123.6 136.44 123.68 118.27 123.61 137.18 122.72 110.84 111.98 104.41 87.418 85.321 106.94 83.465 64.801 59.558 74.513 79.426 77.924 72.247 79.241 70.626 77.771 74.417 90.893 91.833 91.304 98.418 132.15 150.42 134.41 164.34 169.58 179.62 198.89 230.72 214.08 221.22 202.64 206.82 169.66 141.45 121.88 110.52 98.375
80.666 93.338 116.77 146.51 128.21 118.86 118.99 135.52 123.27 113.12 118.96 120.41 127.84 123.92 121.47 124.56 128.11 121.19 98.931 98.33 108.16 89.39 71.896 74.871 79.195 64.766 66.979 83.866 93.076 90.383 82.865 81.806 81.572 83.175 83.17 89.035 96.195 99.129 112.16 135.59 147.47 157.43 172.83 180.1 196.07 224.04 194.95 230.11 244.74 235.38 221.84 186.5 150.85 126.18 119.39 104.37
92.152 107.22 137.29 165.65 147 129.16 124.81 138.25 119.36 111.36 117.02 116.6 128.78 131.98 128.23 138.37 123.96 115.14 100.11 105.3 103.71 92.066 73.019 76.339 73.004 73.112 75.27 81.162 86.294 83.834 78.134 78.516 74.536 75.804 77.547 88.154 102.57 114.77 130.07 176.24 182.35 191.62 203.95 234.39 242.8 257.87 238.28 243.31 278.19 258.33 227.81 179.8 161.27 134.47 118.26 114.24
97.697 93.741 110.04 154.35 140.98 125.95 120.38 138.77 127.4 124.92 125.34 122.03 129.44 135.76 139.67 128.47 117.51 107.84 91.189 95.682 90.866 82.253 81.545 78.231 72.117 69.179 74.901 87.787 92.333 85.749 82.123 72.183 65.529 73.793 80.866 94.674 115.63 134.82 155.37 199.01 204.18 214.63 222.74 251.65 262.25 284.71 264.94 276.89 282.38 257.97 224.07 173.01 160.1 148.22 133.62 118.71
93.53 83.23 88.556 130.03 116.42 118.48 110.19 134.04 125.27 127.88 122.34 119.48 117.87 132.39 132.34 120.1 117 107.84 95.509 99.894 87.923 80.487 79.819 77.404 65.857 63.878 70.711 83.558 79.458 74.757 78.396 71.702 58.62 63.671 79.804 104.15 126.69 139.54 160.17 199.96 212.67 232.66 226.62 244.88 277.62 298.93 273.82 278.53 273.62 249.08 226.5 190.37 173.93 164.67 149.07 132.08
