89.581 87.62 89.875 78.819 73.937 67.543 67.68 68.799 69.727 57.789 68.505 90.596 82.554 76.089 73.171 82.846 84.291 82.605 84.932 75.803 73.529 82.948 98.232 138.45 142.8 134.6 126.98 146.76 119.4 97.309 89.84 106.44 112.63 106.2 95.605 95.052 80.538 78.499 71.048 63.26 49.177 49.853 55.85 51.205 51.626 49.964 52.512 66.296 66.596 81.815 90.982 85.707 85.295 96.165 86.809 80.058
107.75 91.504 86.24 81.359 87.109 83.479 79.097 66.412 68.513 61.267 63.668 81.216 82.971 76.848 76.241 76.643 83.255 82.14 92.345 84.886 79.054 88.928 105.57 142.35 145.67 133.91 125.3 136.31 124.66 95.68 90.771 113.35 105.85 100.61 105.94 108.4 92.65 89.244 75.796 64.771 54.38 52.568 53.297 48.261 42.632 49.478 54.737 62.63 78.508 83.638 83.047 83.179 84.677 89.324 78.246 65.253
109.15 93.892 91.263 89.403 81.783 79.873 81.66 64.738 69.479 67.099 63.646 72.396 89.971 92.766 82.317 78.289 83.002 92.642 95.175 92.844 102.7 105.83 113.3 135.99 138.02 124.59 128.08 127.82 122.76 100.66 97.603 119.72 131.33 122.54 123.23 128.82 113.04 106.9 85.368 80.357 81.249 73.015 63.089 48.03 51.628 45.834 53.526 65.29 80.039 85.034 94.533 103.19 86.745 68.597 70.121 60.986
108.72 91.091 85.307 111.55 105.83 89.423 81.291 66.805 82.595 88.746 75.951 89.87 84.906 89.766 89.546 92.244 94.927 98.454 98.35 108.93 111.72 117.63 120.02 142.74 142.63 135.07 137.73 132.04 116.37 112.09 105.57 129.2 159.18 171.87 161.93 146.67 125.29 107.06 85.013 101.87 113.77 98.887 89.383 88.018 77.003 64.565 71.437 92.638 95.241 93.873 92.636 106.23 99.94 77.404 67.011 59.505
109.54 102.29 113.25 115.78 97.726 82.075 83.199 80.852 85.623 87.222 90.8 94.769 84.55 92.969 86.586 87.688 93.059 91.861 93.599 98.804 103.74 99.683 108.99 138.03 136.24 130.02 116.96 111.09 106.54 102.62 110.13 129.14 160.15 166.49 148.09 146.57 119.85 94.324 76.42 104.39 118.4 110.05 107.77 108.8 104.54 106.93 104.12 96.825 101.5 97.257 96.389 104.31 91.93 69.432 64.615 53.432
112.53 108.11 98.533 96.062 92.605 87.918 78.5 92.793 91.683 83.959 81.36 92.538 80.414 71.446 75.467 81.175 82.897 95.062 96.671 102.81 95.967 94.294 101.78 120.61 139.02 122.09 100.29 101.35 91.506 97.402 105.73 122.28 134.43 135.75 118.32 128.03 109.13 89.714 81.269 105.83 111.91 98.417 105.19 114.67 123.96 126.11 100.69 96.681 101.61 105.63 96.395 101.22 82.997 63.568 58.116 47.673
111.28 104.48 100.42 90.744 87.943 84.592 83.573 82.844 87.394 82.172 80.102 89.986 75.524 71.157 73.85 82.237 80.662 83.72 83.705 90.006 95.455 98.245 94.796 105.2 116.69 101.76 88.306 86.865 82.329 89.521 92.675 119.2 119.67 125.68 104.97 114.54 108.12 84.919 85.606 119.73 113.53 101.75 107.88 117.91 124.17 115.55 100.01 94.702 103.06 94.074 94.365 103.03 86.364 78.921 79.812 69.633
120.26 121.78 106.99 98.663 94.59 81.159 77.123 98.327 95.754 100.76 95.367 90.521 83.547 72.702 79.729 87.943 88.432 86.561 91.208 90.662 93.961 91.589 83.833 92.484 88.64 82.654 70.734 72.007 70.649 77.431 91.245 120.73 130.68 123.21 102.86 115.08 103.79 94.014 103.34 112.21 108.26 114.97 109.42 117.54 124.1 112.48 114.97 102.44 96.666 82.392 82.639 87.415 94.049 93.077 90.385 88.885
111.81 112.53 113.3 105.05 89.896 91.736 91.006 97.811 110.82 105.58 98.116 91.012 85.985 85.11 80.814 87.551 79.119 81.033 93.215 90.972 93.865 90.278 96.321 86.644 78.103 74.303 59.908 62.926 73.683 67.364 80.536 107.54 122.23 109.52 104.91 114.27 103.91 98.893 99.63 106.29 106.22 103.85 99.477 116.69 101.15 85.109 95.528 109.57 98.659 85.567 86.346 82.934 80.299 89.734 91.014 89.028
109.93 110.6 122.03 113.03 102.28 102.26 101.76 104.26 103.64 106.59 97.87 106.39 92.387 89.935 81.948 83.24 82.109 86.526 101.65 104.32 98.69 92.761 91.783 85.486 72.893 67.47 55.27 59.048 61.58 56.134 61.244 82.655 100.26 96.681 95.674 99.635 91.665 90.667 89.818 98.987 93.029 86.876 82.683 115.37 104.96 85.117 83.553 90.96 92.276 93.646 91.442 79.396 86.331 77.421 68.645 59.704
116.77 116.28 114.03 123.9 125.36 117.15 113.03 120.5 129.21 125.65 121.62 129.34 107.6 95.743 90.803 87.396 93.283 95.92 102.6 118.19 99.819 88.683 83.166 82.994 72.383 65.455 65.778 51.969 49.385 45.376 51.036 71.416 80.841 75.655 75.806 96.069 91.002 84.085 82.802 98.425 86.182 79.746 79.851 98.111 95.549 80.335 76.515 85.495 93.37 86.496 84.31 83.556 78.067 75.269 60.195 56.697
125.83 124.11 125.6 135.41 146.28 127.15 114.18 115.54 108.69 113.72 125.83 124.1 103.73 91.967 88.232 93.941 99.843 108.97 100.08 112.8 101.45 85.487 71.108 64.141 60.141 48.912 52.465 45.092 46.739 40.188 42.971 48.666 57.567 56.467 57.394 86.961 92.139 83.02 72.618 79.395 71.223 70.096 74.579 79.177 83.086 85.503 73.333 72.839 83.004 85.517 84.538 80.344 77.991 78.215 58.709 45.307
144.14 130.64 130.57 146.74 144.09 129.95 119.64 111.95 105.86 111.83 118.78 125.4 111.76 100.99 98.634 107.71 107.42 117.39 98.621 99.438 90.693 77.464 59.738 59.357 48.434 44.017 42.043 35.235 33.485 28.851 30.962 41.977 45.319 42.586 50.704 70.746 89.446 78.871 65.207 77.819 61.797 59.357 65.36 75.42 73.634 88.21 85.288 81.72 77.585 87.027 80.337 74.193 77.722 62.527 60.385 57.164
140.17 133.24 136.88 148.91 140.23 134.21 130.12 112.88 108.36 109.04 115.52 114.84 115.44 124.03 110.93 114.05 115.16 113.29 94.984 94.028 78.351 64.935 59.905 61.462 41.137 29.923 29.514 25.391 22.889 24.141 23.636 35.004 44.738 37.426 49.858 65.523 71.547 66.796 67.314 68.489 60.735 62.273 64.494 70.693 77.504 82.61 76.845 76.983 79.608 83.127 90.009 77.522 73.277 71.205 66.494 64.9
149.87 146.28 149.25 157.48 145.84 136.98 135.16 133.97 132.71 119.19 115.24 113.23 116.17 110.91 115.77 117.34 121.5 127.65 104.98 80.607 61.884 55.128 55.817 53.333 37.451 22.834 19.178 20.393 22.073 23.08 20.751 31.088 44.65 33.576 38.078 37.44 37.231 38.901 57.555 72.004 61.095 58.142 65.403 73.313 76.445 71.492 79.825 83.917 81.452 84.264 87.42 93.443 81.688 68.323 67.491 63.445
156.89 171.49 164.54 152.01 137.98 119.03 121.25 134.58 124.89 121.79 114.72 118.48 119.56 114.68 117.11 117.32 118.31 117.82 91.717 76.361 68.934 60.685 53.509 51.23 38.769 27.82 23.286 16.843 17.648 26.435 24.171 31.995 38.455 26.588 30.666 28.309 23.928 27.573 32.682 47.039 52.763 51.921 58.172 69.185 75.667 70.983 72.92 71.933 73.417 75.222 80.09 69.272 72.133 69.743 65.236 67.523
155.37 156.66 146.65 148 137.56 118.26 117.65 140.88 137.34 115.95 110.63 117.88 120.74 120.2 119.29 120.88 117.07 108.18 93.073 90.286 80.879 69.695 49.405 50.792 39.333 28.097 22.589 17.75 18.526 23.623 17.924 27.201 40.554 25.844 24.324 27.355 27.481 30.89 30.957 38.39 50.021 58.45 58.507 64.38 62.154 59.516 71.449 73.115 68.741 67.683 70.714 65.105 66.164 74.498 73.509 64.87
167.87 148.2 141.58 147 138.04 131.02 137.33 137.82 135.89 115.71 111.82 120.12 123.45 135.22 130.39 140.95 134.33 126.1 114.3 105.56 84.558 70.975 49.061 47.834 44.721 36.121 27.698 20.804 23.736 17.839 14.885 24.6 36.243 36.376 23.553 19.636 24.042 31.083 29.324 37.108 46.453 55.846 55.604 65.694 71.466 59.824 63.451 57.973 59.985 58.75 65.47 68.651 78.343 81.614 83.83 68.114
175.25 172.67 168.36 153.29 141.62 145.3 143.94 132.27 124.92 111.59 107.71 119.81 132.35 140.11 140.34 159.54 147.62 133.23 125.65 124.73 105.26 84.132 57.434 50.974 48.014 48.272 41.798 27.801 22.068 18.355 20.852 23.985 30.124 33.445 24.701 19.75 16.553 24.628 27.756 34.559 37.16 44.335 60.955 63.284 71.501 54.655 56.973 56.438 74.25 57.529 58.514 70.58 87.754 88.827 93.214 72.08
181.19 175.72 172.23 172.76 151.93 154.05 146.34 122.65 111.78 99.375 97.056 112.77 137.51 148.54 148.38 159.5 156.97 154.96 158.87 148.27 130.51 101.7 72.518 66.942 53.305 45.413 42.353 39.386 34.502 30.913 27.14 32.243 33.874 28.242 33.315 23.134 20.082 23.352 29.518 36.417 42.222 49.551 61.603 62.259 66.514 62.942 57.118 56.54 54.802 54.68 58.003 63.701 79.781 91.104 91.276 84.745
187.42 175.93 165.07 169.85 164.57 158.73 150.43 131.6 108.54 95.425 93.516 104.17 119.61 148.43 147.16 154.21 153.37 157.08 170.4 165.68 143.21 121.8 89.445 79.612 64.408 60.331 49.242 44.439 38.896 35.276 32.839 36.889 33.498 35.533 44.285 33.096 27.153 26.399 28.313 36.571 41.687 45.392 51.347 51.57 60.364 63.271 59.722 55.704 58.732 57.799 62.747 74.028 88.802 112.98 98.958 99.953
184.14 178.92 164.75 173.71 168.47 174.32 169.13 165.21 122.68 94.605 86.557 100.42 107.57 127.34 138.62 145.4 149.87 154.8 164.96 171.3 140.44 133.89 115.29 102.81 90.683 73.111 64.422 60.189 56.148 48.613 42.918 43.61 43.164 40.155 40.498 29.762 30.33 31.274 39.219 43.81 44.755 46.528 48.704 47.012 49.829 56.787 54.169 55.295 56.838 58.921 64.445 79.096 89.375 107.78 119.75 108.75
195.28 190.66 168.78 168.6 167.56 189.25 183.3 158.78 121.92 88.515 77.965 90.454 91.375 116.2 114.56 128.97 135.22 138.56 144.35 166.91 155.09 141.99 131.76 136.05 115.45 91.768 82.884 84.286 70.966 57.141 45.967 43.191 42.718 49.856 50.403 29.068 34.382 35.905 42.201 42.913 58.936 60.062 41.868 42.925 49.937 53.509 49.916 50.02 55.114 60.13 57.653 75.439 98.214 119.01 113.53 107.39
181.46 180.63 155.49 152.8 151.2 151.64 158.26 144.28 107.73 90.664 85.146 93.684 97.433 118.99 111.47 100.55 96.562 108.41 116.44 139.92 138.05 138.93 126.77 136.66 127.64 110.64 95.397 89.281 87.359 70.798 62.218 57.534 52.509 61.672 63.577 53.752 52.325 50.795 48.239 44.309 44.379 44.725 45.917 38.902 43.226 51.178 54.977 55.342 64.347 62.208 62.444 80.669 99.135 105.57 112.75 121.35
153.98 155.42 137.4 143.4 138.58 120.88 114.01 100.24 89.487 95.924 91.197 99.877 98.854 104.75 98.918 98.052 87.876 92.783 113.36 117.83 127.92 133.34 125.28 126.98 122.99 111.11 96.932 95.7 99.502 87.147 72.514 66.127 63.548 65.157 64.135 69.829 59.094 54.034 52.658 52.61 52.49 51.849 52.864 46.807 46.112 48.613 51.334 63.887 69.728 68.635 79.96 96.246 95.135 103.78 101.69 107.9
138.84 134.77 135.66 150.02 134.04 108.21 100.84 90.069 82.19 75.773 90.973 119.9 121.5 104.67 103.28 101.02 97.591 101.89 104.39 109.99 116.47 132.48 132.74 138.41 135.64 116 107.12 107.1 112.76 110.61 89.929 79.69 76.204 85.738 81.634 84.381 79.4 61.355 61.026 65.12 65.049 59.161 51.983 49.32 48.785 45.149 77.031 77.728 66.615 73.328 84.399 97.289 95.241 100.73 99.897 94.959
127.52 123.98 131.99 139.12 129.73 114.36 88.553 92.38 81.099 72.199 94.777 115.31 106.78 106.63 106.11 100.9 103.79 105.27 121.9 128.59 135.73 141.27 138.89 147.18 137.22 117.89 121.23 129.91 115.18 110.76 96.146 91.212 86.927 89.839 92.924 90.074 87.661 72.08 69.99 65.922 68.703 62.653 53.022 53.571 53.292 50.21 71.688 76.244 72.468 78.092 83.249 96.526 91.617 81.766 94.953 94.16
157.22 151.3 135.89 136.55 120.79 103.61 88.914 99.897 110.79 109.17 127.97 140.41 128.67 114.87 113.17 114.07 113.63 117.28 123.5 142.09 152.32 159.68 162.67 152.42 139.35 126.18 120.73 118.56 112.03 109.26 101.31 98.759 92.251 89.804 97.998 112.48 119.21 115.52 117.45 95.919 97.301 94.353 78.225 51.666 63.677 69.374 66.778 76.928 68.465 81.753 93.933 97.383 89.982 83.19 84.49 88.267
169.62 152.21 135.69 137.38 121.88 90.527 82.571 106.23 117.06 116.63 118.95 130.1 121.09 115.55 105.16 110.73 112.92 121.43 125.54 140.69 147.39 158.83 180.04 182.22 169.72 154.47 141.56 119.07 112.11 116.91 105.14 105.46 93.274 90.532 97.691 115.44 129.7 134.93 132.36 110.28 106.84 93.81 84.519 58.402 62.652 68.935 73.931 58.68 61.44 62.309 68.031 78.199 80.926 77.117 79.934 76.132
172.5 175.45 153.8 137.87 111.82 77.137 81.734 104.83 113.57 104.66 97.787 113.63 108.78 107.84 96.626 106.97 107.73 114.91 113.11 115.48 125.48 122.49 141.86 165.72 183.46 178.76 162.49 140.16 113.8 107.16 102.03 104.03 94.396 92.208 102.66 122.13 138.75 154.22 157.26 114.93 96.649 90.842 83.29 49.376 47.111 50.889 59.664 49.808 64.163 69.293 64.376 69.206 78.023 81.395 74.071 68.936
190.04 185.5 165.58 139.92 96.751 79.172 76.327 88.668 103.03 99.306 87.54 109.56 102.57 101.81 102.16 96.814 92.634 97.721 105.03 114.32 121.82 115.69 110.94 133.68 154.36 161.21 148.53 136.1 114.42 100.82 102.25 108.92 92.48 92.659 108.22 138.13 156.53 165.8 157.31 106.8 91.784 86.9 72.17 47.3 47.731 42.418 41.103 44.989 55.634 68.703 65.97 70.374 66.809 66.794 66.089 57.392
219.68 182.47 149.37 118.06 86.517 74.083 77.215 112.04 122.11 107.92 103.66 118.49 106.69 105.87 96.886 91.479 102.89 124.01 139.09 135.33 130.87 121.49 108.93 114.38 125.47 128.07 125.56 119.59 115.93 93.231 94.041 105.81 88.758 89.03 96.397 142.95 176.11 161.97 148.12 100.73 91.454 87.212 72.946 43.432 43.484 37.217 47.284 67.525 74.055 77.357 87.095 93.351 84.38 77.284 74.036 61.681
212.17 166.34 105.13 90.802 71.716 65.837 81.183 130.89 118.89 103.05 101.6 111.35 98.864 99.268 86.464 102.62 123.23 132.55 145.53 137.63 120.06 101.85 94.699 101.82 109.1 113.47 130.54 139.78 132.01 92.754 81.894 87.515 88.169 91.224 93.951 121.79 136.22 141.67 126.98 97.883 93.03 77.374 64.328 41.716 37.695 39.149 50.26 62.44 70.495 82.647 94.748 111.35 81.735 69.421 57.637 48.223
203.84 133.08 94.403 78.917 67.555 81.418 97.533 125.32 103.3 94.288 89.595 100.92 93.133 94.63 98.648 113.08 128.69 144.51 152.82 134.33 112.47 90.686 83.393 98.351 122.56 138.55 135.28 116.22 110.76 98.428 78.572 75.232 85.889 83.759 94.573 111.2 113.58 113.51 109.68 88.554 81.713 70.998 64.477 34.44 33.973 33.479 44.865 55.517 65.096 71.525 78.377 90.005 74.181 51.143 50.308 32.604
204.12 152.86 101.51 92.842 91.969 99.691 83.21 99.044 95.093 83.238 79.332 100.78 98.361 94.372 106.1 123.21 142.58 148.7 142.22 120 106.75 87.301 76.162 93.625 124.76 133.87 115.99 91.792 76.708 70.559 65.597 62.389 79.082 66.287 74.576 86.134 86.953 85.999 88.741 73.947 70.22 62.443 56.167 40.394 39.97 42.092 48.058 57.69 64.13 70.257 71.094 70.044 65.935 59.456 42.593 22.082
212.38 182.09 129.69 123.63 108.94 101.11 82.948 103.02 95.086 91.662 83.197 105.73 104.17 102.87 114.89 146.6 173.44 166.07 139.88 106.8 86.017 74.195 63.258 105.98 137.52 127.67 105.48 74.38 58.418 43.479 41.499 46.827 39.895 49.04 50.104 51.707 52.8 55.351 59.504 61.615 53.308 47.317 41.709 40.79 44.366 37.776 42.723 52.623 62.15 77.556 86.843 77.139 67.794 67.469 40.981 20.447
208.53 168.17 110.2 114.34 95.622 80.379 78.089 95.11 95.063 90.364 86.278 98.254 101.35 102.74 110.02 150.2 183.21 170.16 138.76 102.71 77.328 65.707 68.352 112.27 115.59 109.26 93.008 69.713 56.517 41.998 37.94 41.811 37.401 39.701 38.534 38.099 42.788 42.481 46.538 50.087 45.655 37.666 37.107 31.333 36.484 41.234 49.668 67.05 71.407 78.001 91.11 80.622 82.88 55.106 34.712 23.018
189.38 148.28 86.196 74.189 68.04 69.864 73.1 88.308 88.204 84.147 79.361 93.353 97.583 95.935 120.01 151.45 167.04 155.57 132.58 99.313 75.639 64.889 93.069 106.6 110.58 104.94 87.491 63.424 51.428 40.232 38.872 34.985 31.069 31.958 29.615 32.718 34.99 35.07 34.65 35.355 31.599 33.665 31.921 32.426 36.544 44.761 53.369 65.723 76.237 82.17 79.031 87.669 70.95 46.69 43.308 18.563
197.85 131.21 83.804 70.728 66.79 69.69 69.302 89.06 80.346 75.441 71.06 80.239 89.105 91.729 115.28 148.61 152.93 134.79 127.49 91.373 75.998 73.992 90.289 89.814 108.44 99.696 86.896 56.369 45.455 38.72 32.504 31.857 30.402 26.728 25.741 29.581 29.392 28.193 31.211 31.662 32.277 32.864 40.986 35.522 35.72 43.707 51.978 75.673 95.898 92.876 84.168 78.88 63.289 57.036 35.465 26.904
215.3 132.5 83.725 86.641 74.234 72.585 71.248 86.176 90.433 83.249 76.301 75.972 85.733 86.005 121.23 144.12 140.78 129.04 109.47 87.363 68.711 61.84 80.014 87.514 85.257 87.461 71.79 45.733 32.991 29.448 24.979 34.137 28.491 23.516 22.796 24.595 23.271 21.945 23.386 28.288 29.683 30.087 34.913 45.833 48.194 61.783 80.037 82.663 100.33 110.55 93.026 71.79 69.657 50.408 46.526 23.164
203.6 121.24 75.851 86.721 77.208 66.675 62.784 75.798 78.048 80.556 74.194 85.02 76.152 81.849 115.63 131.65 132.88 112.43 90.708 66.941 54.041 56.079 65.386 75.873 79.276 69.335 56.884 38.721 32.121 21.978 21.064 29.431 27.278 25.93 25.164 20.675 20.224 21.12 20.567 26.349 29.11 30.088 37.928 52.174 57.911 76.287 87.061 87.102 89.993 86.281 79.235 74.047 53.037 52.871 48.307 29.316
189.98 111.21 69.266 84.801 73.517 68.062 64.701 86.298 84.024 77.478 75.836 82.081 77.685 72.852 86.535 100.4 117.07 110.37 87.726 73.712 67.751 67.627 57.958 65.666 59 53.702 45.632 36.353 27.564 17.496 19.456 32.677 22.517 22.333 20.792 18.539 18.019 19.809 22.306 25.757 27.597 32.656 43.034 51.106 63.019 82.018 91.595 92.32 79.308 84.488 86.88 56.191 59.73 59.554 60.223 39.37
156.48 94.92 61.089 67.313 77.505 67.555 70.832 82.124 73.093 71.62 75.908 84.892 74.638 69.19 79.322 91.802 97.961 97.42 84.72 74.161 66.723 51.805 44.879 50.307 49.153 41.235 36.347 30.289 25.252 28.703 25.184 23.051 24.259 20.75 22.696 39.684 55.539 23.608 25.088 25.908 27.278 34.749 46.051 56.949 74.375 89.304 113.52 90.959 76.882 87.586 98.686 69.656 66.104 67.484 60.151 42.173
138.51 87.704 50.834 44.74 52.08 65.513 57.722 65.212 60.37 58.977 57.916 73.728 75.983 67.179 72.014 72.226 71.646 62.422 63.916 45.557 41.641 41.086 33.325 44.56 42.274 38.452 26.592 24.218 31.027 35.737 24.275 18.091 18.815 21.525 19.795 45.369 158.79 34.071 28.491 28.627 35.306 39.307 48.581 71.934 87.036 102.81 113.02 82.219 77.438 99.995 75.16 53.621 58.662 57.334 53.034 39.274
146.05 91.436 44.563 41.33 53.517 64.334 53.288 56.779 55.194 58.552 57.997 63.742 66.078 65.147 61.577 59.494 49.663 50.28 41.927 36.362 34.815 31.424 30.981 39.075 31.98 30.103 20.415 22.417 19.709 19.911 29.389 19.477 19.476 23.221 22.751 21.918 27.619 26.445 26.162 36.059 46.178 44.259 50.375 78.602 97.094 112.3 113.74 84.398 92.854 80.322 78.545 51.901 55.717 52.159 48.837 37.952
151.49 80.011 45.202 30.901 42.96 62.423 49.285 53.148 50.382 53.124 48.534 51.546 57.589 54.469 44.979 42.697 37.361 42.33 34.87 30.098 33.524 31.136 26.311 30.659 24.219 18.499 28.725 26.242 23.222 22.399 36.155 18.979 19.001 17.714 21.138 25.72 31.533 29.337 28.051 36.511 40.261 48.029 57.525 81.355 97.739 114.31 102.27 90.087 101.41 81.794 79.822 52.428 49.458 51.696 52.83 36.949
109.22 66.113 52.412 34.919 37.633 48.925 43.162 50.026 46.419 49.562 42.355 40.35 44.34 46.858 47.466 42.538 31.353 32.989 34.747 24.48 27.164 27.719 31.266 23.259 18.627 21.762 28.545 21.038 18.692 15.168 20.466 23.119 24.135 19.31 20.805 26.157 26.372 33.502 37.113 48.121 47.713 66.066 69.891 86.247 94.917 101.53 83.853 85.813 72.566 82.556 82.347 50.707 50.412 47.403 53.526 34.64
92.42 68.466 56.222 36.588 34.662 39.929 45.086 51.372 47.051 41.184 38.165 32.607 31.03 32.687 31.874 36.625 31.304 25.921 23.669 26.534 22.014 24.296 24.663 22.927 30.034 18.915 19.433 16.095 13.676 16.624 14.222 15.876 16.219 19.604 22.957 23.469 21.945 29.519 45.54 61.657 60.739 76.51 81.929 92.734 101.67 84.899 76.413 42.936 52.282 56.895 56.832 36.992 37.633 35.273 34.239 30.667
83.04 58.038 50.984 43.31 38.228 31.887 44.934 49.67 42.426 39.868 37.535 29.426 30.253 25.954 27.215 33.965 31.688 26.011 20.278 19.421 16.925 17.169 15.717 25.97 14.542 14.045 10.847 13.676 15.378 15.344 11.641 15.562 16.658 19.114 18.204 24.308 26.282 24.198 37.047 61.314 66.735 81.448 100.41 107.95 101.15 80.164 82.024 44.089 47.303 47.917 49.086 29.069 32.774 31.31 35.306 32.218
77.934 57.425 57.142 55.076 45.529 38.007 38.812 40.586 38.937 42.329 39.939 30.146 33.927 29.375 31.078 31.521 28.133 23.038 18.143 14.772 12.027 12.563 13.007 12.994 9.4432 9.4747 10.754 10.087 14.374 17.578 16.196 18.887 18.58 17.84 18.701 32.229 35.108 35.138 43.317 59.169 74.246 75.088 85.522 92.391 81.934 73.781 82.105 42.701 43.169 46.6 47.505 29.285 33.583 38.91 41.467 34.989
77.257 60.777 64.532 69.048 49.676 37.996 45.615 50.401 43.035 47.184 40.29 30.036 32.999 33.382 29.287 29.971 25.911 20.691 21.449 17.904 13.127 15.962 14.193 19.627 13.481 8.0241 7.325 9.1392 13.205 20.551 18.256 19.335 19.745 19.191 18.618 24.419 34.42 35.03 45.79 56.744 63.442 76.705 90.368 75.857 82.636 80.306 57.839 38.15 41.581 51.425 52.307 35.018 38.932 41.739 40.624 34.051
80.618 60.422 64.591 82.221 62.516 44.968 44.788 64.405 45.596 42.662 36.908 27.453 26.708 33.576 24.291 24.746 19.504 19.574 17.157 16.351 14.393 15.329 14.455 13.53 9.4185 6.9698 8.1835 8.7938 10.747 12.849 14.168 16.567 16.826 23.557 22.554 29.511 30.394 45.955 49.944 59.737 70.014 89.244 94.734 67.931 66.794 73.196 52.91 31.283 38.67 49.245 51.959 35.099 33.298 40.732 42.724 33.789
92.834 63.969 64.124 78.758 58.434 47.642 53.226 64.496 61.659 47.776 38.939 34.908 33.319 33.037 26.678 24.251 19.165 15.307 15.057 14.547 12.237 11.25 10.468 8.8198 8.8448 9.2494 7.7658 8.7205 9.1626 10.633 10.315 17.959 17.629 20.311 17.882 27.876 33.067 40.284 47.462 61.002 73.334 83.369 77.624 58.398 66.783 70.221 50.879 27.14 36.332 50.4 51.484 38.551 37.436 37.569 39.918 40.266
86.546 64.083 59.404 63.341 53.671 42.344 46.792 52.246 47.255 44.834 36.269 33.721 26.934 25.152 21.467 22.699 21.649 15.389 16.858 17.874 13.315 11.794 8.6556 7.6883 7.3377 6.9397 6.4708 6.3041 7.9851 7.7405 10.204 19.848 18.542 12.167 16.521 25.792 32.443 42.13 41.695 61.446 63.678 77.896 63.509 52.867 63.585 62.229 48.321 27.14 32.929 44.699 50.396 43.048 45.591 37.332 31.791 29.629
