0.95187 1.134 1.598 2.8426 3.2062 4.9315 4.212 4.9235 2.2906 1.9442 9.1582 5.8643 14.683 13.411 5.3668 11.736 5.9877 9.4995 14.18 10.451 10.954 14.777 14.959 12.116 15.384 17.502 19.333 23.746 31.789 36.792 24.876 37.406 37.417 34.999 28.115 53.457 42.873 30.957 31.615 29.593 26.436 37.835 37.731 27.883 27.352 27.791 26.768 39.749 35.627 34.891 34.227 20.869 21.112 24.889 29.371 17.954
1.3655 0.57275 0.97649 1.8779 4.6972 2.4307 5.7814 9.7847 2.4462 1.9965 3.7783 7.3529 6.501 4.9586 4.8072 4.6619 5.9108 10.221 17.191 13.087 11.362 12.497 12.753 13.443 19.285 20.318 20.196 22.145 21.691 26.169 26.237 45.255 41.362 45.726 37.03 54.704 42.667 39.284 27.933 24.076 35.074 46.154 26.02 27.556 24.816 28.151 26.944 37.093 36.29 31.772 31.198 21.073 21.495 18.738 21.383 17.888
1.9932 1.6621 1.0086 1.9156 1.8439 1.9491 2.1245 2.3616 6.4313 2.2461 3.4542 4.1861 3.2535 3.2558 3.7115 3.6205 5.1365 6.1586 7.0021 9.0853 12.818 18.438 14.49 17.572 17.716 17.779 24.556 18.702 21.612 38.031 35.892 39.259 40.051 53.514 45.313 55.426 43.387 51.111 40.522 29.369 41.611 44.818 49.449 33.792 35.819 32.88 27.283 40.269 38.634 33.451 32.4 23.422 19.54 18.412 17.031 15.83
8.1953 5.2087 4.4252 3.821 2.1572 1.6624 2.4199 4.7499 24.486 2.6994 2.3894 8.8078 3.6297 4.9725 4.0631 4.9932 4.2252 4.9761 5.7372 6.2151 13.135 17.681 13.494 19.824 26.118 28.116 30.93 27.457 24.155 31.78 47.487 44.475 53.799 57.54 43.434 46.414 54.248 52.988 37.332 28.432 44.604 64.674 46.143 30.537 37.283 30.361 31.192 37.908 33.681 28.722 26.65 18.248 17.526 17.031 16.767 14.109
11.222 7.0469 5.645 3.5557 2.1031 1.9495 1.973 5.2235 20.415 3.3303 2.9137 5.4408 5.552 4.5582 4.0939 4.7235 5.8168 5.9563 10.684 7.9376 5.7758 10.599 16.684 20.413 32.315 33.851 26.368 27.233 27.688 29.748 47.447 48.152 54.081 80.194 55.475 52.438 56.616 43.93 32.266 39.812 40.831 33.452 28.966 29.423 28.368 27.771 26.339 35.502 29.964 25.501 24.641 18.595 17.824 17.097 15.221 14.071
18.83 13.842 7.9785 4.3032 3.3339 3.5697 3.1568 3.0391 4.1789 6.6307 6.5944 5.7866 14.624 10.137 5.9947 5.7592 10.1 8.6686 9.5477 10.199 13.667 11.148 17.62 21.06 26.879 25.119 33.364 29.776 33.017 34.665 70.705 67.532 61.182 45.705 43.146 45.318 43.975 36.859 30.331 33.162 32.73 31.89 25.229 26.507 24.897 24.922 25.477 31.711 27.034 23.184 22.521 18.869 17.612 16.442 15.78 14.478
16.874 22.722 13.454 6.3395 4.2544 6.6205 5.4041 4.9501 7.9228 22.983 8.6054 6.5117 5.0558 6.0873 7.0621 9.9127 14.922 10.594 18.81 9.0349 29.184 11.802 20.112 18.361 27.523 23.567 35.711 30.527 35.123 38.651 48.617 49.749 63.831 47.466 44.291 40.642 34.623 30.665 24.023 23.622 25.554 24.628 24.683 27.188 25.462 24.527 22.534 27.13 24.711 23.248 22.012 20.896 17.308 17.137 15.743 14.675
25.707 25.827 20.552 11.585 5.5128 3.5482 4.4121 6.5895 6.8244 9.1327 9.5056 9.1248 6.9647 17.839 19.456 22.036 39.249 20.728 28.048 17.375 14.759 12.816 25.511 18.657 22.682 23.476 29.805 27.919 32.411 43.311 48.112 63.16 64.358 61.706 40.447 53.2 35.833 29.787 31.534 25.248 20.189 21.063 23.522 23.106 22.211 22.624 18.568 19.628 20.496 19.531 19.197 18.539 15.593 16.126 16.338 15.22
36.285 45.132 42.648 21.622 13.166 5.5176 5.1153 7.3284 9.1595 9.028 21.031 11.034 12.031 28.283 23.016 38.168 25.388 22.676 39.335 36.337 11.854 10.895 10.745 14.958 16.363 22.818 28.507 27.132 31.076 41.321 52.05 71.668 56.467 58.868 31.724 40.624 35.234 28.18 23.125 19.554 20.126 21.392 22.509 24.746 23.934 20.649 19.288 20.738 20.602 19.315 18.914 18.744 16.582 15.579 15.164 14.995
41.656 57.742 66.091 30.165 15.657 9.2759 7.7975 6.7443 10.628 10.354 16.809 16.979 15.628 29.764 13.586 13.369 11.343 18.743 18.393 10.789 12.138 12.768 42.632 14.16 18.483 24.244 27.08 22.765 24.994 28.716 36.215 43.573 39.685 62.568 36.043 34.916 37.512 34.327 23.778 17.89 20.394 22.49 25.601 23.851 21.042 20.216 20.601 21.932 20.276 24.265 18.844 20.762 19.211 16.996 15.95 15.943
37.344 47.751 51.805 28.417 15.3 11.862 9.1792 9.5051 12.777 11.094 18.741 11.771 22.414 13.899 11.699 9.2302 8.4473 14.111 15.721 12.126 16.708 16.614 13.44 14.01 17.74 26.459 36.056 20.074 23.725 26.588 30.465 34.055 30.93 47.57 35.33 28.092 34.385 35.194 28.578 20.497 18.935 19.447 26.678 23.845 22.647 18.611 20.308 20.598 20.532 29.091 19.478 21.715 20.124 18.566 18.998 18.589
25.43 25.819 21.106 14.876 11.075 12.166 10.184 10.366 12.208 12.12 11.108 12.845 15.543 13.127 12.068 13.132 14.135 15.457 17.371 15.977 15.998 26.697 18.723 22.258 30.981 32.633 46.6 22.532 25.821 25.533 30.018 25.573 27.458 26.672 26.327 26.709 25.331 26.163 32.357 22.932 22.795 22.668 28.339 25.101 24.596 19.345 20.494 18.003 17.561 18.72 16.614 22.107 22.38 22.392 22.446 25.292
28.057 31.221 21.491 19.454 16.389 14.866 16.556 16.455 13.725 13.931 11.541 18.78 15.988 13.813 13.446 13.962 17.99 16.804 22.539 14.082 20.686 26.75 22.502 21.836 25.647 27.589 35.7 23.497 25.607 30.568 27.811 23.127 26.075 23.846 25.031 29.12 22.817 28.704 29.929 25.853 27.048 25.063 26.976 24.197 22.441 22.727 19.728 18.764 17.475 18.399 16.937 23.281 22.831 24.117 22.848 26.706
29.237 43.913 32.238 41.755 24.4 21.12 21.028 17.055 20.514 18.784 19.835 19.11 16.48 20.048 21.998 29.167 28.211 25.048 20.292 16.661 21.142 23.443 22.53 26.653 25.491 29.242 27.57 24.741 25.122 24.688 20.223 23.596 27.585 33.065 28.96 28.261 26.012 31.86 36.009 28.847 30.349 28.958 28.587 23.57 19.64 20.411 19.872 18.991 18.547 18.798 18.533 25.273 24.098 24.269 23.649 29.549
30.269 35.892 30.513 31.471 29.816 26.475 19.493 18.684 27.116 30.527 26.902 21.033 19.61 19.775 23.543 31.892 28.672 26.648 28.875 30.239 21.269 24.931 21.619 38.535 26.709 22.552 17.264 18.947 24.537 26.627 23.304 16.429 29.028 29.568 28.006 25.316 30.193 36.599 43.335 29.59 28.418 29.024 26.225 24.854 24.235 21.656 18.689 19.332 19.502 19.08 18.984 26.478 26.59 27.003 25.708 32.654
37.049 38.868 40.148 41.069 40.957 32.436 21.419 18.496 23.738 53.218 41.243 23.374 23.164 21.955 20.595 24.059 26.997 25.836 26.307 33.617 24.305 24.959 26.906 32.078 31.548 23.234 19.868 20.649 19.51 28.755 21.62 16.087 42.019 21.322 25.989 30.411 30.827 34.76 39.625 43.526 40.284 42.627 36.075 30.107 28.713 32.978 26.746 20.344 19.911 19.102 19.029 19.667 20.688 21.483 21.137 38.94
59.239 25.992 38.407 72.123 63.178 40.76 20.473 20.957 36.844 51.554 24.129 34.574 44.187 31.319 29.228 27.084 37.164 27.546 30.135 38.134 33.883 28.966 28.738 30.385 31.249 26.583 18.604 27.37 22.207 21.946 19.55 17.784 43.342 20.592 26.599 34.037 32.771 37.777 45.208 48.524 40.269 39.404 40.193 28.791 29.087 28.008 28.024 21.916 23.035 21.213 19.79 24.864 26.063 23.098 24.155 40.042
32.043 18.535 30.491 85.518 46.67 34.962 22.959 19.471 27.214 35.965 32.262 36.849 53.853 34.644 30.402 32.505 35.147 31.172 30.248 44.785 42.733 39.017 30.815 27.685 30.276 25.727 26.052 24.447 23.527 23.68 19.262 22.876 40.712 27.041 22.797 25.826 32.134 37.612 42.466 45.955 58.374 45.367 38.858 27.429 28.035 27.007 27.352 26.042 24.633 22.486 21.846 21.205 23.44 22.153 26.441 43.888
36.138 25.884 37.841 47.866 40.137 33.111 30.45 27.408 37.182 30.679 27.561 32.094 45.94 50.062 45.085 29.052 36.255 39.015 39.227 45.612 44.774 42.712 36.683 27.569 32.093 35.321 26.754 24.974 21.084 17.604 27.852 21.106 30.887 31.579 24.783 26.156 30.971 44.753 46.55 46.703 43.344 44.882 41.388 34.838 30.41 29.548 42.361 33.935 36.829 30.203 26.383 26.534 23.178 23.695 26.462 48.419
51.639 48.94 48.225 50.229 39.006 40.125 33.78 24.858 33.525 39.359 31.426 29.46 49.146 39.034 39.716 35.447 34.622 38.227 38.841 27.725 23.27 18.876 20.895 21.191 22.438 19.701 20.081 19.584 18.583 16.946 19.157 20.985 24.576 26.602 32.52 37.713 38.786 51.419 54.616 49.573 51.854 45.241 46.04 38.701 39.449 36.431 39.858 41.256 39.518 38.801 36.155 26.951 28.369 31.338 24.519 36.599
65.109 48.559 48.726 48.891 41.653 42.906 48.25 38.639 43.187 40.142 30.67 24.439 26.865 34.242 23.656 38.751 31.392 31.101 30.624 42.83 30.409 24.743 22.585 18.841 24.921 21.573 22.783 22.516 26.253 19.314 19.163 22.275 25.682 30.317 36.981 41.075 41.598 48.268 53.662 48.036 50.4 53.185 47.396 39.862 37.496 40.385 39.283 49.704 44.621 41.548 35.715 26.979 30.177 31.459 31.515 44.009
58.082 47.749 52.936 48.528 33.193 43.953 46.714 31.794 33.796 28.8 21.361 24.094 30.774 34.675 30.702 39.152 36.64 41.208 36.082 38.476 34.381 23.128 31.675 27.812 29.998 25.921 24.669 25.904 23.391 20.95 20.796 24.605 28.74 33.135 41.155 47.347 49.362 52.929 52.913 54.548 53.4 55.455 50.912 41.725 43.455 43.712 43.143 40.665 43.455 39.371 35.703 32.537 30.469 29.415 34.069 44.4
56.941 87.556 48.218 50.196 37.477 54.09 70.617 40.245 35.938 20.621 17.779 20.542 25.213 24.826 22.961 29.106 41.653 36.942 33.054 33.514 49.774 41.817 31.044 31.302 37.557 38.482 35.164 31.313 27.314 25.678 25.766 29.353 30.305 37.417 51.314 51.894 53.704 56.997 61.558 58.012 55.41 59.254 63.536 55.687 50.146 48.649 44.966 43.907 45.141 42.623 42.214 40.696 34.676 30.912 31.138 43.712
71.716 91.934 62.137 49.507 44.472 49.866 65.66 58.417 29.946 28.959 20.708 22.055 37.774 26.001 27.944 33.212 36.648 32.573 27.13 31.471 40.419 37.792 25.389 32.682 26.258 33.203 32.158 31.235 29.59 30.915 31.322 36.863 38.982 46.92 59.485 68.192 74.014 70.095 67.231 68.501 73.626 72.287 70.935 62.729 57.418 61.035 56.866 59.785 51.553 47.323 48.725 55.902 43.601 39.031 37.173 42.091
80.164 58.773 79.176 60.663 51.293 42.342 56.359 52.774 36.767 23.62 22.014 23.981 29.802 32.705 31.557 35.117 39.378 30.184 28.248 28.615 48.352 46.829 30.091 34.64 29.583 32.026 31.416 34.594 38.587 36.816 36.39 41.906 47.356 53.538 60.165 75.008 72.344 72.787 71.66 71.884 71.87 80.836 78.806 64.307 56.907 56.9 52.108 50.99 49.811 50.511 52.225 51.839 48.918 43.455 43.39 43.556
47.54 73.035 57.062 71.797 72.477 43.129 42.904 63.339 35.876 25.731 31.407 36.324 29.865 36.11 37.668 39.035 36.216 40.062 39.118 33.633 29.7 37.913 24.233 32.954 33.149 34.137 35.038 39.895 41.435 43.458 43.441 50.045 53.895 55.763 64.973 75.467 77.458 77.849 78.057 81.793 82.842 81.866 85.922 74.802 61.261 49.014 51.547 43.366 52.236 51.335 53.455 52.202 51.565 56.737 48.399 46.019
52.523 76.858 67.448 72.366 86.997 57.107 48.78 41.474 26.357 25.46 78.901 48.897 36.232 34.134 43.565 46.504 50.065 39.103 47.039 35.91 25.587 30.041 23.512 36.809 40.38 35.133 44.586 45.403 40.963 43.121 47.158 51.428 56.87 58.397 68.298 76.339 85.769 86.435 85.521 90.252 92.405 91.001 93.186 90.904 63.806 56.516 54.072 54.99 54.103 57.68 61.527 64.245 57.376 53.915 53.833 44.028
63.332 63.974 56.499 64.527 65.981 55.003 53.082 48.189 46.411 41.211 72.547 57.22 46.711 43.807 49.817 54.24 42.934 42.287 51.047 42.028 36.049 27.152 31.064 43.42 42.183 43.7 47.964 48.527 52.228 52.335 52.65 56.851 59.585 62.661 73.921 95.778 105.65 112.11 109.23 113.64 108.15 104.99 98.093 83.619 69.202 60.166 71.558 61.32 59.048 59.319 57.529 53.475 57.835 49.572 45.152 60.4
96.73 83.529 83.647 62.13 63.109 46.102 65.44 39.132 46.604 39.804 44.264 42.288 63.347 56.823 56.038 59.443 59.331 46.78 52.578 51.489 58.655 48.123 31.566 42.354 51.652 47.187 54.656 56.151 54.847 55.368 55.513 57.974 59.87 65.647 78.408 104.82 115.32 117.79 114.99 106.84 111.45 101.2 98.486 76.277 67.615 60.44 68.776 69.346 64.649 58.694 56.256 45.27 48.994 44.054 48.318 59.494
80.335 82.272 66.741 63.277 50.483 38.36 47.698 27.934 56.409 58.848 44.819 48.673 75.026 72.896 80.052 65.668 53.831 53.541 65.572 61.988 48.121 43.419 35.444 50.283 56.557 60.036 66.111 62.9 58.738 58.439 58.184 62.529 59.79 66.954 78.342 107.01 117.75 119.4 117.42 106.25 104.61 99.218 90.289 77.423 66.522 67.48 71.682 71.943 69.304 63.857 62.147 48.301 49.85 49.32 62.956 59.284
87.214 92.254 59.446 45.625 34.202 32.036 44.403 24.612 32.691 37.034 56.777 60.992 69.266 85.575 77.099 75.527 72.884 76.168 79.08 94.4 79.825 60.354 49.382 52.446 61.025 66.669 79.709 74.396 64.283 61.259 60.458 63.321 63.382 67.846 75.29 101.55 109.76 122.31 120.81 106.31 103.98 99.63 93.125 73.383 71.671 88.805 90.98 84.645 73.939 70.223 71.213 56.976 55.899 50.288 56.987 61.531
82.383 89.162 76.413 45.507 24.755 19.535 24.877 36.312 41.483 38.809 46.884 52.584 57.205 69.394 85.283 77.375 75.336 76.097 103.6 106.8 71.24 74.994 54.708 59.976 65.497 69.321 75.607 88.363 86.033 73.346 67.76 60.537 61.426 62.878 73.405 88.05 93.497 100.38 101.53 101.91 93.882 89.791 88.735 75.904 71.277 71.915 81.269 99.577 95.741 93.989 100.78 94.079 76.337 63.313 69.945 61.459
86.624 73.707 46.826 39.689 20.485 22.327 31.217 58.106 58.654 36.461 48.324 61.502 65.468 74.813 69.477 79.173 97.765 98.441 101.26 89.708 75.09 68.525 55.164 62.068 68.135 77.882 86.679 84.147 84.593 76.984 70.202 61.799 62.404 63.415 69.386 86.509 91.188 95.307 95.688 95.055 90.663 87.335 87.979 74.706 65.893 69.521 84.394 94.108 90.826 89.312 103.58 99.068 86.643 74.01 76.414 57.939
96.278 85.83 55.946 33.662 23.406 25.895 53.857 56.265 45.723 43.307 56.509 68.599 72.104 77.754 76.712 81.977 99.58 96.29 102.55 97.57 77.46 63.697 55.232 58.916 69.239 85.486 93.716 81.583 87.413 88.321 75.667 65.62 61.425 66.877 69.513 83.127 85.591 90.644 92.43 98.935 92.377 87.444 87.728 67.267 62.411 66.684 74.967 70.766 80.889 85.552 102.39 113.08 95.811 84.054 83.821 67.494
123.09 93.774 53.622 37.488 34.467 39.418 56.571 50.803 48.365 59.861 54.929 67.643 75.226 82.48 89.668 82.745 85.422 92.568 88.264 86.966 57.957 52.63 53.924 60.248 77.188 90.169 87.172 80.333 84.219 93.818 90.12 74.551 70.386 78.202 78.513 88.369 87.43 91.701 95.967 101.02 101.71 91.712 89.806 69.624 59.939 62.951 66.924 67.094 82.397 87.006 107.54 130.8 115.98 108.99 106 82.565
118.89 115.15 55.603 49.751 47.876 48.878 41.857 46.344 42.715 52.909 50.879 62.099 80.702 99.455 107.43 91.825 85.143 96.268 84.715 73.453 58.084 51.49 51.734 71.104 84.707 77.566 73.199 79.675 79.298 83.081 86.119 89.176 90.546 95.327 96.053 92.675 91.403 89.281 91.431 91.814 86.725 82.67 80.203 62.154 55.641 56.621 58.075 67.576 75.947 83.195 97.106 111.58 98.838 101.17 117.13 92.07
122.56 113.73 69.146 51.761 53.432 51.513 55.627 52.117 42.9 41.104 41.07 56.412 74.677 95.742 98.78 94.584 89.24 77.75 73.289 69.437 54.907 45.999 49.945 70.484 71.682 69.007 72.395 74.25 82.068 87.069 85.023 94.413 97.7 98.907 100.15 100.93 102.59 96.19 91.635 93.613 94.361 86.11 79.366 61.402 56.492 55.679 65.608 75.09 75.991 76.522 85.471 105.62 91.347 104.5 87.733 102.12
135.19 93.911 50.425 39.593 40.384 50.112 53.701 59.588 50.874 31.411 39.113 60.951 56.723 68.766 82.171 83.92 87.356 78.457 74.438 61.262 44.227 39.431 47.715 72.859 65.781 67.112 76.29 67.761 80.811 81.373 94.377 98.716 95.928 101.4 104.71 103.26 103.17 99.005 93.223 94.938 90.922 85.421 81.726 70.071 57.949 54.721 58.856 73.066 72.386 68.026 76.608 101.31 86.285 77.352 76.81 85.428
128.42 78.609 40.15 47.794 43.435 47.989 54.926 52.747 39.789 37.335 38.482 49.613 52.871 58.484 59.652 64.573 72.196 63.161 49.234 43.595 51.826 42.546 59.017 73.577 67.516 74.833 66.083 78.82 86.253 82.422 91.465 95.416 93.677 100.42 103.19 103.77 99.844 98.4 99.218 95.425 88.867 82.156 78.121 69.073 57.198 57.071 57.804 72.05 70.732 68.922 75.865 90.359 63.267 68.888 61.055 66.793
127.23 103.5 43.913 45.246 51.243 58.428 60.113 51.91 45.502 51.129 46.031 43.849 44.837 47.047 46.383 50.536 53.876 61.473 44.41 43.033 46.481 41.287 81.517 89.925 82.77 83.765 63.357 66.464 74.33 78.889 86.032 76.338 80.593 85.933 91.194 95.028 95.172 98.342 101.76 100.35 91.478 86.221 86.372 67.101 62.513 59.315 61.534 61.695 52.695 51.007 51.598 56.166 52.485 53.656 74.762 83.75
104.46 75.455 53.225 49.347 52.869 57.77 55.543 54.443 53.747 49.736 46.305 46.285 53.259 41.176 47.646 50.31 43.538 60.379 43.503 48.471 44.702 51.924 71.808 93.485 86.259 80.468 78.929 68.391 70.209 75.209 81.813 73.976 75.236 75.955 84.025 95.706 94.516 97.858 102.05 99.106 94.086 88.454 87.567 65.957 63.647 54.311 54.988 50.801 50.874 40.976 43.406 47.659 45.494 50.736 66.694 94.814
102.34 72.997 61.534 86.112 58.515 65.105 58.145 54.579 48.289 53.692 49.667 52.454 49.449 42.974 45.151 77.682 53.557 46.206 55.826 55.033 60.703 78.583 90.077 86.955 85.502 79.401 73.728 54.74 70.986 74.721 76.242 67.221 74.249 71.193 77.705 90.335 93.706 94.442 101.09 99.852 90.519 90.277 88.281 64.461 59.122 53.357 48.602 43.465 44.302 39.761 39.372 38.869 48.436 48.911 58.235 108.81
89.338 72.104 68.521 64.951 62.637 55.191 64.04 72.786 62.49 56.866 59.186 52.655 48.695 48.685 54.439 53.952 48.101 44.07 51.063 44.315 69.288 89.74 78.946 75.309 81.228 55.346 57.45 55.86 56.791 74.462 68.813 63.94 70.105 69.784 70.992 78.882 89.037 88.046 90.544 95.883 92.77 87.446 83.024 65.545 55.704 47.968 46.164 38.242 36.731 40.174 47.124 45.252 46.713 48.362 61.835 129.26
78.466 74.746 66.132 72.029 62.815 51.043 58.11 70.324 57.626 50.556 51.189 45.307 49.843 51.476 49.647 51.642 44.876 49.215 52.165 57.902 60.078 66.476 80.701 103.45 80.589 45.867 48.202 60.917 83.2 80.851 74.765 60.876 64.62 63.033 64.224 77.425 90.527 78.949 83.288 93.329 97.994 98.339 86.252 65.591 63.819 58.264 49.791 44.568 36.672 39.564 43.557 53.825 50.903 55.062 75.526 91.509
69.783 63.517 76.112 78.722 57.962 53.906 57.695 64.962 74.882 55.769 51.554 44.648 57.502 52.583 40.002 47.288 40.112 46.341 53.244 85.832 101.5 68.135 70.639 83.724 84.007 57.823 50.409 42.224 55.969 66.702 61.241 63.202 64.167 63.081 62.477 61.623 66.737 71.596 78.243 87.875 95.916 97.843 77.909 64.492 57.094 57.93 51.914 40.884 40.969 44.837 44.38 56.833 51.268 65.937 70.053 68.41
74.448 55.406 60.81 56.25 46.62 46.633 55.861 70.762 71.56 71.14 76.622 64.149 77.422 67.679 41.766 54.818 47.232 34.672 47.142 88.961 84.757 79.573 84.938 66.012 68.99 60.845 36.605 46.998 55.989 65.162 60.952 59.211 66.118 61.367 58.159 59.435 61.15 69.008 74.482 84.334 90.196 86.651 76.003 66.172 59.185 57.203 53.047 37.74 39.366 45.5 46.236 73.959 61.871 72.5 62.772 60.08
95.915 69.774 72.836 50.074 44.458 55.764 61.731 63.828 74.386 71.172 88.674 97.56 87.633 79.227 61.884 63.82 53.122 46.699 44.454 65.296 66.283 53.696 52.03 55.44 54.336 61.774 51.668 60.68 87.422 73.399 71.833 62.399 66.289 64.773 64.147 61.004 59.851 63.519 68.812 80.959 79.363 80.694 74.683 66.459 57.532 57.196 53.91 43.903 49.196 48.05 48.377 73.712 66.05 72.168 63.398 63.179
70.166 59.42 62.201 44.207 52.158 53.763 60.734 67.969 85.506 82.474 85.452 90.185 83.96 88.253 81.104 63.168 53.243 44.759 50.488 48.585 54.031 49.928 38.185 33.94 40.239 49.718 67.288 62.546 68.871 77.567 75.084 50.337 49.3 55.432 57.121 58.312 57.968 61.356 70.696 72.529 70.976 69.159 71.264 70.52 65.635 63.532 59.431 46.466 51.987 49.485 54.494 65.557 65.844 62.198 56.273 66.745
68.024 56.924 44.55 44.686 61.941 46.088 61.494 75.755 86.678 85.324 84.871 73.201 83.169 80.915 83.519 67.982 54.382 50.673 49.588 50.95 57.478 56.903 46.357 42.96 41.442 53.63 83.659 72.344 72.62 75.751 78.106 60.151 50.795 49.186 59.209 60.113 55.57 56.765 62.937 67.878 71.312 68.585 63.94 67.713 64.328 59.309 55.322 42.263 41.335 42.22 37.274 44.379 51.231 47.272 52.509 53.609
82.145 46.566 49.629 51.919 68.454 62.607 79.75 84.635 95.22 90.501 75.402 69.376 79.505 79.18 81.266 78.658 70.344 59.08 63.742 69.728 73.441 63.504 44.654 41.901 77.302 55.633 62.639 70.888 69.509 79.023 75.8 67.775 56.085 55.517 52.833 55.854 59.958 59.734 57.856 65.792 68.595 68.247 61.947 70.268 59.772 56.731 50.535 36.943 35.443 34.175 34.994 50.343 60.718 52.252 53.99 62.504
97.041 65.08 74.473 73.995 66.163 69.938 67.093 73.015 78.307 71.24 58.553 55.025 58.707 68.838 85.084 70.765 71.82 79.456 78.443 79.235 72.818 64.845 39.25 54.981 81.367 57.559 70.627 77.887 74.503 66.353 59.745 63.621 56.347 51.887 49.62 53.75 57.612 57.058 56.926 60.271 61.589 64.954 64.48 68.52 60.01 54.68 48.138 38.673 32.985 34.375 32.589 57.626 69.223 62.361 66.774 71.226
83.969 85.317 95.829 70.9 55.967 52.362 52.124 58.643 65.683 60.51 47.124 51.757 53.145 71.074 69.049 66.015 62.315 66.328 64.507 62.817 58.803 52.658 51.908 56.91 96.778 71.295 62.434 75.93 63.149 69.909 73.765 70.634 54.716 47.922 48.371 59.423 69.537 61.727 53.457 59.574 69.687 71.701 67.048 63.605 52.831 50.069 52.332 28.369 31.073 30.992 38.979 53.561 63.027 65.245 68.579 69.795
87.341 54.112 80.357 64.817 41.903 49.069 48.876 70.955 67.748 62.17 64.368 60.309 62.632 79.179 90.176 71.713 66.316 52.975 55.058 81.638 86.828 54.279 61.448 81.066 76.546 75.689 67.958 57.112 65.761 77.582 69.088 64.095 62.845 58.584 52.908 58.611 52.663 56.875 64.371 54.413 51.638 52.859 62.048 58.101 52.264 49.825 52.263 39.994 34.068 39.788 44.616 43.494 62.197 59.798 66.694 72.43
94.669 55.151 58.613 78.089 62.176 43.076 54.107 71.834 65.553 66.609 61.002 59.68 63.979 75.01 83.832 73.019 59.209 60.686 66.524 66.936 79.864 65.617 69.958 73.295 77.113 73.654 67.961 66.063 60.124 65.423 63.844 60.605 55.118 57.87 57.402 57.975 53.825 58.562 68.146 56.409 42.821 46.494 49.789 50.241 49.408 48.907 42.895 45.353 49.737 56.708 57.237 49.062 59.09 67.419 70.211 74.038
