33.39 37.077 29.577 33.327 32.029 28.246 42.059 20.72 26.238 27.095 41.167 47.218 49.98 52.641 51.065 46.543 41.651 40.168 49.2 58.643 50.954 65.355 67.593 73.656 68.676 62.006 64.962 67.63 64.961 64.164 67.35 62.254 64.423 58.689 75.489 61.144 59.869 51.066 42.584 34.22 30.863 27.837 26.052 39.624 33.725 30.209 33.946 33.102 31.728 31.43 19.039 13.183 15.359 12.357 15.27 17.017
43.447 37.243 34.608 30.938 24.736 32.309 31.726 35.513 39.812 37.417 37.651 41.179 51.403 46.477 56.472 51.456 50.524 47.056 56.667 71.62 59.96 75.527 86.746 73.357 58.871 62.707 63.681 57.683 60.467 61.26 61.987 57.11 52.033 48.326 59.298 63.836 52.219 42.885 37.952 31.332 29.606 29.021 28.292 29.262 25.825 24.826 25.434 30.654 22.188 17.213 13.023 11.712 11.466 11.632 14.124 16.649
40.998 40.689 42.519 45.044 32.152 37.313 48.677 51.136 53.391 46.612 34.189 45.466 38.946 35.365 63.546 55.022 52.129 53.681 59.815 91.988 79.643 65.664 54.36 63.447 62.197 65.822 61.555 77.693 65.71 59.752 59.476 53.094 47.964 49.854 47.645 55.295 52.325 46.844 38.766 32.696 31.308 26.989 24.106 24.715 24.04 24.307 21.521 20.77 17.201 19.26 13.541 13.561 10.45 11.341 13.204 13.586
33.764 35.972 34.346 43.854 41.742 44.183 53.554 49.111 47.962 54.628 51.363 41.052 32.814 35.121 42.553 50.032 49.424 67.459 65.47 68.166 76.026 86.018 60.083 50.216 62.331 62.682 58.746 60.194 56.023 43.226 42.818 49.312 47.854 55.088 64.184 50.559 44.798 41.678 34.409 29.235 37.061 34.611 36.488 29.749 25.37 15.261 17.833 16.034 15.991 16.981 15.563 11.313 10.488 11.636 11.57 12.245
36.836 50.539 53.108 42.54 38.759 48.153 51.285 49.415 69.054 62.943 55.4 43.307 54.305 55.56 50.083 49.84 38.119 51.358 62.819 48.111 53.4 71.794 60.213 47.438 44.792 50.901 37.132 45.526 39.876 32.261 32.234 39.222 54.49 41.561 52.59 49.976 39.356 31.956 25.72 26.611 38.423 33.005 30.096 28.808 21.112 13.95 11.104 12.528 14.762 16.083 16.143 11.421 10.571 11.147 11.037 12.025
35.516 30.008 48.211 40.329 49.475 43.49 43.639 52.682 60.447 68.521 60.789 56.774 52.825 61.428 62.736 72.779 50.298 42.387 49.857 40.136 45.162 58.173 46.716 58.743 49.564 33.689 42.416 46.88 33.774 30.792 32.279 37.831 42.607 40.173 46.636 47.816 37.391 27.63 30.664 29.521 30.97 32.084 30.205 19.894 14.468 17.789 10.469 15.389 14.212 15.808 15.427 11.469 10.727 10.725 10.916 11.313
43.175 44.271 41.182 51.905 46.109 45.3 38.055 51.35 68.923 67.007 58.359 64.896 52.888 52.93 55.859 69.537 55.469 47.294 39.955 52.633 49.663 46.474 38.904 49.804 46.887 40.761 40.461 45.376 30.988 27.593 33.671 33.506 31.534 42.887 34.761 31.302 28.25 21.624 24.856 23.823 20.587 27.212 30.615 20.391 13.441 9.9436 11.796 12.708 12.015 12.957 13.98 11.574 11.818 10.185 9.6996 9.8507
61.551 52.261 55.012 57.623 54.574 47.511 44.584 45.658 43.848 45.238 52.744 78.836 77.52 75.49 76.963 55.827 67.797 49.259 53.587 57.412 48.726 38.692 30.546 42.786 52.887 34.013 29.283 34.323 16.381 16.703 13.973 19.029 18.85 32.289 21.816 23.015 25.246 25.957 27.62 24.766 22.031 23.559 23.26 14.615 10.931 8.8091 7.2627 6.791 7.8338 7.9236 9.0867 7.0597 13.157 11.748 8.4544 9.4913
62.604 48.301 51.125 57.386 51.864 55.801 48.695 47.012 37.613 37.675 46.257 74.748 73.032 76.35 100.19 82.4 64.15 54.197 54.471 64.427 46.534 34.946 34.454 28.352 23.995 33.737 27.059 36.442 21.809 16.729 10.337 13.083 20.843 17.547 14.718 18.362 20.483 22.465 22.838 27.865 22.484 19.721 15.075 8.8503 9.6124 6.4164 6.0451 5.9867 7.3758 9.953 11.765 6.5882 9.878 10.736 8.3539 9.3161
46.005 44.877 50.324 44.885 48.977 46.832 49.65 41.883 35.498 45.802 59.769 73.848 82.813 84.28 79.03 69.065 67.841 46.381 45.482 41.296 47.888 30.922 40.023 27.313 28.421 28.167 22.331 25.596 12.65 11.414 11.874 14.117 12.909 12.887 14.301 16.81 18.45 16.893 21.919 23.217 21.591 20.552 12.317 6.8999 6.5697 6.243 6.9463 5.8466 6.2404 7.7635 11.626 6.4538 7.4698 8.4899 8.5216 8.9545
43.294 35.666 50.089 43.077 39.662 53.1 48.898 54.207 44.691 59.491 66.226 85.793 84.555 72.681 78.847 65.241 56.102 41.377 40.616 32.038 35.572 28.925 34.443 31.866 55.818 17.794 32.181 25.038 12.085 11.256 13.048 13.885 12.715 10.783 11.017 16.064 15.817 18.095 21.318 21.677 20.176 16.724 11.886 11.365 8.5522 8.1868 7.0853 7.0048 6.5777 7.2407 7.2831 6.616 7.0271 7.9822 8.1425 8.8022
49.207 46.261 53.672 58.084 48.681 43.24 48.516 61.353 51.223 52.479 56.888 61.366 58.86 63.003 72.449 53.617 47.54 40.509 37.775 36.788 23.337 22.129 25.592 24.117 16.529 11.051 13.628 15.195 17.824 15.041 13.983 13.163 14.941 12.895 12.371 26.627 22.918 21.003 22.644 18.487 18.773 17.743 11.869 9.3774 11.811 9.3938 10.439 9.7425 9.2546 8.6748 7.4144 5.9436 6.0788 6.8979 6.7768 6.9258
52.382 47.871 35.944 45.785 50.105 46.305 57.521 68.16 51.549 54.676 63.487 73.217 56.205 62.613 56.474 50.552 43.372 36.924 36.796 40.607 22.288 17.094 18.046 16.342 15.687 14.379 14.483 16.181 17.307 14.23 11.945 12.413 14.321 13.171 12.535 25.098 11.989 11.727 13.31 15.019 17.052 11.549 11.455 8.2587 7.5143 8.0899 9.6861 10.692 9.9532 9.1439 6.7998 8.2501 5.2669 5.4668 7.838 9.4296
39.851 37.938 45.401 47.319 46.575 49.319 48.82 52.003 41.121 50.17 55.256 59.605 52.955 57.499 52.791 44.522 39.521 39.427 34.111 31.328 28.476 24.334 20.077 15.367 14.114 16.335 15.726 14.276 16.334 13.171 11.981 9.7893 15.056 21.672 15.249 17.643 11.44 11.146 11.953 13.248 12.892 11.173 12.642 8.3422 9.0597 8.476 9.781 11.641 9.2933 8.2805 12.438 14.235 7.6137 7.6512 15.021 16.933
49.027 35.577 41.16 42.632 37.566 36.698 43.269 59.244 48.74 43.925 54.338 64.626 66.417 58.331 53.386 40.206 45.246 47.651 42.45 34.897 28.121 29.128 21.324 21.504 15.218 17.676 13.832 19.068 15.567 15.925 21.417 24.501 23.428 23.691 13.351 12.736 11.704 11.038 14.551 15.009 17.888 16.451 11.941 12.944 9.7646 7.5059 11.745 12.501 8.9166 8.4152 13.036 12.843 7.9993 13.192 19.285 13.563
65.934 45.382 45.395 39.258 32.282 30.836 63.785 49.78 44.151 43.719 33.351 49.832 46.299 42.958 45.984 35.841 39.171 42.913 45.998 41.115 38.131 28.403 24.637 20.846 21.809 18.223 18.03 22.575 19.634 19.978 22.101 23.39 20.552 12.636 10.3 9.7056 10.535 7.6833 9.3806 18.101 22.933 19.334 17.735 13.106 12.266 12.973 22.472 9.2793 8.0302 10.198 10.621 4.2705 5.9161 6.4357 8.3173 3.8998
47.631 44.509 47.418 38.23 34.602 47.444 46.076 55.213 45.38 45.551 31.291 43.828 43.952 56.303 36.884 35.228 38.963 41.433 37.065 33.134 33.559 27.283 25.938 18.015 17.838 16.278 23.203 33.746 23.681 22.412 27.346 18.131 15.734 11.629 10.411 9.1124 11.91 11.37 7.0644 9.5392 10.224 15.977 9.7846 9.3962 8.8798 19.006 13.347 9.9643 9.0018 7.6808 5.5723 4.7249 2.9504 2.1906 4.2573 2.9591
82.138 50.653 60.221 45.68 57.596 39.749 50.137 48.994 45.809 35.912 29.201 43.341 46.584 52.567 39.381 42.964 43.752 55.435 39.183 35.701 39.256 29.869 22.921 17.168 17.321 19.623 26.95 28.408 24.332 24.91 25.005 17.121 13.674 11.313 10.209 8.7821 9.5663 13.081 7.069 8.6766 8.9351 9.3836 8.7896 9.3007 9.2914 8.9624 7.8802 7.3226 6.0613 4.8608 5.3915 5.6985 5.3687 7.7878 7.0813 4.2956
55.169 41.746 43.323 47.01 35.473 37.13 36.177 49.73 40.465 46.983 32.758 38.173 38.429 41.495 42.042 47.094 44.315 50.017 52.707 41.971 39.839 49.598 26.038 20.639 19.505 18.505 26.355 26.892 26.082 24.876 24.934 16.55 13.585 12.027 11.007 8.2064 7.4155 6.4835 5.9359 7.6874 7.909 8.3029 8.2939 10.179 9.8603 8.6936 8.1871 6.3129 8.2042 4.2432 3.8203 6.6596 9.1554 15.041 7.6171 3.7913
54.654 60.784 52.212 54.438 50.452 48.198 51.942 46.12 42.786 53.316 32.231 32.244 26.493 32.629 40.884 43.078 46.288 38.851 56.37 53.827 50.868 47.212 35.432 26.175 25.622 25.66 25.441 23.118 21.138 18.757 17.03 13.15 11.455 11.287 9.9861 7.4883 6.68 6.0976 5.7193 7.9857 7.1933 6.7089 6.3882 8.8603 8.4859 6.7521 5.6743 5.17 4.3347 3.7293 3.1306 3.6863 5.4329 10.303 6.1151 5.9959
42.501 43.419 49.174 58.814 52.341 46.07 36.412 39.708 42.221 47.657 43.792 29.493 24.011 25.231 30.769 36.102 32.078 38.909 48.95 55.165 69.019 51.36 55.003 33.367 27.524 22.413 25.588 23.401 20.412 17.651 16.828 13.215 13.651 12.37 9.1804 8.8557 6.6551 6.3308 5.8993 7.5946 6.578 6.026 5.3374 6.423 5.8234 5.2366 4.6273 4.1432 3.5665 3.2328 2.647 1.7968 3.04 4.6118 5.5262 6.6757
53.748 51.199 50.848 52.72 53.223 39.054 38.026 38.063 34.251 36.781 25.19 21.73 19.655 41.203 33.289 27.874 26.123 31.588 32.539 41.474 46.663 46.023 44.121 33.183 34.471 23.563 23.794 25.789 26.287 19.463 17.167 15.708 14.802 13.473 9.8591 8.7559 6.8763 6.5101 6.2266 7.0679 6.2164 5.6942 5.318 5.6528 4.9679 4.3632 4.2665 3.8735 3.1967 2.7685 2.4343 1.8518 3.443 5.3382 6.1605 8.4668
81.916 47.971 43.498 47.955 38.318 43.728 31.802 31.327 22.055 20.027 27.343 23.136 19.919 24.933 23.841 26.323 29.386 31.082 31.855 35.686 40.187 40.934 45.12 40.558 37.479 29.899 27.611 28.958 30.187 26.528 22.095 19.703 16.083 13.707 12.063 9.2485 7.1492 6.7864 6.2553 7.1372 6.2472 5.3627 4.9144 5.0046 4.1194 3.5681 2.9649 2.7967 2.4685 2.3679 2.2873 2.1889 3.2159 5.199 4.619 5.9698
48.98 44.32 37.944 42.331 40.268 47.391 34.326 34.254 21.211 24.139 36.769 28.573 23.942 21.04 25.839 29.777 33.313 35.837 39.415 39.963 46.331 46.539 52.924 41.842 40.008 37.149 32.514 30.583 35.92 32.759 32.069 30.367 24.889 21.928 16.268 10.14 7.4666 6.5363 5.9674 6.9765 4.8676 4.6657 4.1103 2.5443 2.471 2.4092 2.5203 3.1825 2.9917 3.2092 3.467 8.7696 5.9852 8.365 4.4123 7.3129
42.554 47.18 48.454 52.515 43.516 45.457 31.657 25.312 19.218 24.682 27.744 32.299 24.863 21.488 23.117 29.292 31.019 32.234 37.728 46.772 47.416 52.181 48.178 42.416 44.577 43.283 33.421 31.992 38.177 40.712 36.311 33.243 28.229 24.079 18.527 9.6217 8.0754 6.6664 6.0492 5.2294 4.8812 4.3564 3.7491 2.756 2.7328 2.9542 2.9262 5.4547 4.937 4.1189 4.3083 15.024 11.023 6.4711 8.8884 12.976
40.928 42.548 53.73 47.366 49.706 44.949 38.524 21.851 18.736 20.369 23.877 31.122 26.206 22.955 23.743 29.2 31.375 32.572 35.551 44.71 50.872 48.461 45.825 42.551 43.797 42.038 38.499 36.792 37.091 35.896 36.559 37.896 33.634 23.466 19.258 11.918 8.5592 7.4524 6.7597 5.3351 4.9743 4.3767 3.7158 3.0157 3.1048 3.3058 7.2998 6.378 5.3606 4.6481 4.0836 7.8953 8.9809 16.525 21.566 7.9273
42.589 47.554 42.785 45.566 49.574 50.027 26.734 21.536 22.984 19.585 27.359 31.27 27.275 27.167 29.111 32.376 37.97 35.296 35.273 38.615 44.581 50.856 41.647 38.386 41.969 44.934 36.784 37.513 35.887 36.888 37.558 41.777 37.808 28.296 21.936 11.96 9.551 8.2671 7.9234 5.6654 5.2194 4.5983 3.8214 4.9433 3.8765 4.0057 7.0648 5.2552 4.1989 4.81 5.3323 20.447 17.136 15.49 26.866 13.529
44.615 53.942 54.066 56.629 46.59 41.181 28.319 30.918 43.363 35.493 46.09 43.022 34.178 35.242 37.766 37.414 38.567 32.552 38.257 35.781 42.447 43.233 39.399 45.895 48.404 51.153 43.884 38.846 39.583 41.006 39.981 35.657 30.03 25.008 19.806 16.13 14.127 13.096 12.796 9.7869 7.0683 5.9958 4.923 3.4986 4.0551 4.6423 3.7663 3.656 3.9426 4.4064 6.7668 16.416 19.241 37.04 23.154 15.539
57.802 56.079 58.721 44.29 40.073 37.362 23.406 30.255 37.904 34.601 41.983 42.205 31.665 27.617 26.539 26.841 32.143 30.716 33.57 29.528 32.947 31.338 39.911 45.403 45.739 47.562 43.094 42.65 41.758 39.09 36.326 32.116 27.8 24.846 20.946 18.191 16.279 15.292 13.808 10.563 8.0374 6.4207 5.1762 3.8767 5.0265 6.9683 6.7752 4.7584 4.7574 4.9806 6.2037 10.345 22.512 26.33 28.942 20.389
77.287 77.715 75.19 66.759 60.049 38.124 30.498 29.63 25.574 24.611 29.892 26.097 27.449 23.102 26.832 23.288 25.22 23.238 22.457 25.741 29.895 25.954 36.584 37.039 43.233 44.764 45.078 43.436 38.126 40.211 38.889 34.463 33.414 28.455 24.636 19.615 18.717 16.912 15.355 11.083 8.1438 6.8692 6.7241 4.1469 3.935 4.509 6.9469 4.8765 5.4432 5.0435 8.8485 13.729 16.804 33.384 31.319 24.474
84.733 93.978 106.32 69.257 46.316 26.154 33.244 25.025 23.539 23.628 24.646 22.406 20.531 19.236 24.649 22.487 22.435 22.759 27.586 23.118 28.07 26.743 28.959 36.037 48.394 45.179 44.978 43.596 35.063 38.7 36.48 31.077 33.611 31.433 25.644 22.57 19.355 18.52 16.545 11.168 8.7122 7.2719 6.4954 4.4468 4.3378 4.4863 4.8973 4.9072 6.2112 7.8722 8.2295 11.878 16.356 33.749 38.556 18.817
107.63 114.03 107.09 84.127 36.271 23.543 40.482 46.934 39.97 30.755 21.148 27.695 24.137 24.082 32.616 36.325 36.193 38.812 39.821 44.496 34.397 30.027 38.944 38.03 44.253 55.056 39.796 38.371 35.602 34.085 33.955 28.001 25.982 26.138 24.803 26.318 26.979 22.585 19.319 10.793 9.4008 7.6832 6.3407 4.4704 4.7107 4.8326 5.3895 8.5801 6.7031 9.3448 10.274 19.327 22.521 27.454 30.384 28.861
104.13 105.13 84.744 61.481 51.414 44.595 67.37 58.924 43.732 23.235 15.76 22.255 21.151 23.351 37.609 45.088 45.102 51.482 43.932 54.02 44.084 36.446 32.145 33.088 38.028 43.481 43.634 42.5 41.125 32.096 31.937 28.533 24.584 22.319 23.265 26.604 26.296 24.254 20.815 11.164 9.5696 7.8883 6.6658 4.725 4.4822 4.8482 5.9533 8.1506 8.1575 9.5505 14.06 28.148 30.448 38.821 42.968 33.219
115.26 99.002 62.78 56.668 50.869 47.579 70.711 59.095 33.548 22.068 13.865 23.419 21.962 26.29 40.623 44.206 58.015 62.864 52.337 48.89 47.528 33.381 30.465 25.349 30.865 40.851 45.721 37.689 35.918 31.365 31.081 27.436 23.226 24.145 25.439 27.382 26.619 23.909 20.34 11.221 9.5062 7.6404 6.9558 8.8794 8.74 6.7421 6.4996 13.287 21.096 21.516 29.332 34.321 38.316 41.527 53.345 39.123
108.14 111.56 64.071 77.303 58.131 51.697 53.594 52.615 28.127 16.427 24.105 25.161 28.417 38.076 47.996 62.162 61.669 65.221 54.268 49.889 39.098 24.319 22.463 25.539 31.684 33.561 40.899 29.388 34.248 28.943 27.891 24.658 19.3 25.188 25.388 27.545 28.364 23.339 20.325 10.522 8.9749 7.5104 7.2945 11.26 11.311 11.946 12.464 26.009 34.256 43.221 60.051 60.951 56.551 49.349 76.84 59.501
106.06 86.246 50.488 80.177 62.062 52.085 48.027 61.166 42.514 30.996 41.167 33.926 44.473 51.773 71.759 67.347 65.581 77.885 75.781 61.72 46.948 29.665 22.403 18.837 22.15 20.847 28.473 33.915 31.741 30.986 26.818 28.871 26.226 28.007 24.678 19.305 17.117 15.77 13.291 8.1047 7.0683 6.7801 7.4878 10.665 10.642 17.695 22.772 31.092 39.627 54.651 72.768 61.937 66.033 74.127 74.727 51.886
97.438 63.712 39.656 63.309 59.578 60.029 53.987 63.258 52.574 33.781 49.801 40.299 46.203 62.637 68.3 54.466 62.016 53.677 62.224 44.859 34.463 29.02 20.668 22.355 18.332 15.524 22.184 27.322 26.358 27.172 27.26 25.402 25.56 27.849 26.237 18.864 15.039 13.603 11.733 7.4177 7.7513 6.4703 7.5191 10.038 11.944 16.21 23.327 36.865 47.919 54.763 77.579 72.543 98.197 116.08 89.343 70.006
96.652 67.353 38.441 55.861 61.61 56.103 50.806 47.949 58.04 49.932 39.3 39.692 52.608 68.44 79.154 61.163 57.607 65.257 56.338 35.697 34.122 21.402 20.447 20.537 16.712 20.649 25.427 23.517 26.447 23.276 25.629 24.759 25.045 24.383 20.8 17.154 13.773 12.618 10.519 8.1037 7.0335 6.9284 7.7099 11.488 14.003 17.405 31.038 41.724 51.419 53.273 76.016 95.727 136.49 125 108.2 84.866
98.793 76.111 53.143 62.886 53.999 54.085 51.428 48.996 44.996 47.92 42.883 35.799 51.749 57.09 61.472 48.913 49.793 58.32 55.931 36.616 36.123 22.625 13.407 14.373 12.174 16.73 20.191 24.582 23.095 20.92 26.396 27.019 23.055 19.661 16.862 13.265 11.526 10.495 9.3257 7.4577 6.8673 6.8089 7.8799 13.517 17.457 22.486 36.595 46.522 54.336 61.503 91.418 116.22 131.79 98.94 95.394 94.377
116.21 80.597 60.058 64.587 48.566 50.146 47.529 59.291 50.92 50.503 45.921 37.594 44.808 34.484 42.236 49.695 61.239 65.91 45.707 33.263 22.539 18.82 18.585 22.062 21.962 26.913 20.397 21.82 18.789 19.443 18.69 18.277 16.927 14.936 13.292 8.9552 7.9138 6.888 6.5387 9.3187 8.1532 8.2482 11.626 21.355 22.992 30.528 41.682 39.06 49.258 88.147 117.6 88.705 83.142 94.702 109.74 99.986
97.854 61.671 37.244 53.668 52.897 57.313 49.429 61.281 66.194 55.774 57.732 50.176 30.27 31.071 47.668 44.724 42.869 36.688 25.241 24.725 20.435 21.32 27.536 24.489 21.418 24.96 19.39 17.429 17.625 17.547 16.405 14.454 13.738 12.836 10.888 7.365 6.2948 5.7106 6.3167 9.7145 9.8217 9.1349 12.584 23.107 27.509 33.422 40.257 51.843 80.125 100.3 93.131 69.584 65.678 65.78 94.226 102.09
101.8 53.724 31.878 51.595 53.732 52.908 46.84 65.112 48.425 54.105 46.409 38.111 36.55 36.194 28.802 25.527 27.245 25.44 30.736 13.227 25.062 24.107 23.94 21.757 19.634 23.007 19.703 15.871 16.351 15.67 14.962 12.23 12.724 11.382 9.4156 6.7352 6.2909 5.6605 7.4861 8.2262 8.4306 9.2046 11.937 23.321 29.08 34.681 35.11 52.283 77.584 60.66 66.551 53.225 63.408 58.499 64.069 75.535
78.097 55.318 37.606 46.842 47.33 39.803 43.159 58.687 41.69 37.53 45.782 29.333 34.912 37.849 33.628 25.565 27.594 20.818 26.568 16.902 14.165 15.475 16.775 17.009 21.191 14.989 12.36 14.362 15.645 14.318 13.295 10.975 10.168 9.8229 8.2014 5.8616 18.839 5.5226 5.1618 7.4392 8.842 9.2638 13.399 27.068 33.288 36.145 34.977 49.29 46.005 52.589 68.964 57.191 64.888 62.823 54.367 62.039
73.976 61.604 40.711 45.047 33.403 30.683 26.519 26.709 22.267 23.293 26.091 29.976 38.299 27.821 37.116 31.296 26.35 25.081 22.042 14.326 11.901 16.326 19.197 17.33 13.998 12.422 10.167 18.08 17.12 13.619 16.276 7.7511 6.8659 6.8268 6.8817 13.077 60.232 7.0946 6.7677 9.7982 10.605 11.574 16.044 28.402 32.837 39.391 36.44 47.871 59.554 58.745 53.12 59.708 69.122 55.336 43.664 56.075
70.694 64.913 47.595 46.486 40.488 32.785 20.303 18.529 22.133 24.908 26.831 24.732 18.626 10.154 27.234 25.845 23.618 22.429 19.275 13.076 10.51 16.386 14.851 17.651 15.183 5.534 5.0255 11.249 10.053 10.437 9.9705 6.5493 6.4204 5.6272 7.0783 8.8762 8.9147 7.1548 8.5262 9.128 10.545 12.655 15.307 26.72 30.884 38.904 38.992 52.422 59.425 55.281 55.093 66.59 59.068 51.663 46.507 48.672
77.635 53.777 32.877 34.254 30.449 23.774 17.688 14.06 14.028 18.4 18.323 12.148 8.8209 6.5471 14.972 15.672 14.012 9.2253 9.9302 9.5374 8.663 11.564 8.583 7.6723 6.7583 4.7877 8.1146 8.5282 9.981 8.2578 9.3099 6.4664 6.1493 6.1246 6.3799 7.411 7.689 8.154 9.9358 11.903 12.266 14.211 16.666 30.696 33.544 36.673 35.521 49.462 56.532 51.233 52.689 57.531 51.664 57.626 50.293 55.414
63.392 38.62 23.165 24.171 17.346 19.268 14.215 14.189 11.511 12.821 9.0948 7.234 12.668 10.07 7.5706 8.8392 10.089 7.0068 9.6647 10.811 7.0118 7.5589 4.1444 5.1785 5.7597 5.3287 6.8066 10.307 10.496 8.6594 6.2894 6.301 6.2226 6.8832 7.3835 8.091 9.3307 10.474 12.91 14.934 15.206 16.423 18.793 33.453 39.263 42.515 39.57 49.973 45.974 52.672 53.002 49.775 49.574 56.308 53.03 62.418
29.706 22.528 26.655 14.601 13.233 20.964 18.176 13.166 13.65 9.7896 7.4261 6.1426 13.739 12.318 6.7477 7.6056 5.5625 7.9455 12.417 12.574 5.7492 5.2028 4.2108 5.704 7.2669 9.9544 6.4073 6.84 6.5454 5.3628 5.1303 6.6529 6.8278 8.0677 7.8852 11.572 12.685 14.696 17.401 22.671 28.083 30.296 34.638 39.731 47.696 54.99 43.454 43.476 46.649 40.357 33.067 59.147 54.593 56.908 55.872 64.049
18.833 17.803 18.231 16.217 10.389 9.5455 12.979 12.048 10.029 10.995 9.6509 11.978 16.402 10.475 5.4058 5.4954 10.709 12.616 7.2263 10.59 7.9272 5.8931 10.699 7.3181 4.251 7.1569 5.8258 5.4756 4.8803 5.1487 5.9412 6.9768 8.5587 8.4107 8.8828 14.142 13.826 15.916 16.823 27.624 33.531 39.174 42.735 46.379 54.783 59.957 57.511 45.572 45.404 38.104 25.66 54.524 53.029 53.73 50.505 57.307
20.748 18.29 19.504 14.731 17.991 9.3416 7.683 8.3273 13.199 15.684 11.335 16.55 17.753 18.052 14.788 13.452 16.483 13.231 4.9491 5.9136 6.4582 6.0435 5.5828 4.9068 4.8785 5.2386 5.9314 6.6486 5.5748 6.2855 6.8375 7.4719 7.9956 9.0429 10.648 13.645 14.881 21.343 18.87 33.327 37.456 43.124 47.979 59.604 61.564 58.369 53.594 31.924 43.629 35.842 28.083 51.168 50.505 48.163 47.177 51.915
22.044 17.421 16.795 19.117 10.762 10.16 9.8531 8.7884 9.2941 11.277 13.1 17.645 17.949 26.638 19.966 8.428 6.6636 6.4542 6.0436 7.0418 4.8874 4.9049 5.3708 5.503 5.5466 5.4416 9.6218 7.9704 6.5555 7.093 7.0659 7.8814 8.4765 9.6829 11.822 14.324 17.116 19.933 20.814 35.419 41.971 46.997 52.268 63.595 65.002 64.754 43.383 42.825 40.598 36.032 30.382 45.167 48.517 45.204 45.426 50.518
20.679 16.124 11.375 26.773 13.917 9.253 12.818 18.178 10.348 11.357 13.046 17.712 18.932 18.45 13.796 8.802 6.6631 6.6959 4.885 4.6618 4.8514 5.3643 5.2099 5.9856 6.1849 6.4553 6.5339 6.9452 6.9354 8.0632 7.8002 8.2577 10.215 13.651 11.015 11.403 12.378 12.804 14.329 37.844 45.884 52.448 56.723 78.644 81.892 71.62 52.515 40.051 47.81 47.728 37.605 40.322 41.466 40.931 48.661 42.841
26.742 13.052 14.83 15.473 8.0099 6.2656 14.762 22.111 10.349 10.017 9.7365 19.612 16.109 14.328 6.0116 3.9693 4.4459 4.7339 4.8899 5.9918 6.1507 5.7101 6.2805 6.3829 6.8379 7.1222 7.3176 7.478 9.1135 8.4748 8.5627 8.9921 11.993 14.718 13.054 11.708 11.747 11.82 19.275 39.852 46.411 56.94 61.643 77.228 82.862 84.65 57.101 48.77 49.265 48.536 41.636 37.837 37.539 41.501 52.666 43.858
14.396 14.011 18.656 13.745 7.3902 6.1097 21.947 10.131 14.512 8.6214 9.3188 8.1144 5.345 5.0459 4.2677 3.5998 4.5964 4.3328 4.9205 5.9342 6.2574 6.8539 7.6231 6.8518 7.2858 7.4868 8.1358 7.9102 8.0285 8.435 8.9356 9.305 11.163 11.583 12.513 11.335 12.305 13.228 16.946 38.647 42.453 52.669 60.903 75.662 76.621 77.19 54.349 43.871 48.099 44.16 42.434 36.407 39.409 44.645 49.344 42.092
