ncols         108
nrows         114
xllcorner     35.7
yllcorner     1.8
cellsize      0.0083333333333333
NODATA_value  -9999
3 3 3 3 3 3 7 7 7 7 7 3 3 3 3 3 7 3 13 7 0 0 0 0 0 1 1 0 0 1 1 0 0 0 0 0 1 1 0 1 0 1 0 0 2 3 3 3 10 3 20 2 2 3 2 2 2 10 2 9 7 15 15 7 13 30 11 32 3 2 2 3 7 10 1 1 1 1 0 0 0 0 0 0 0 0 0 0 0 0 0 0 0 0 0 0 0 0 0 0 0 0 0 0 0 0 0 0 
3 3 3 3 3 7 7 7 7 7 6 3 3 3 3 3 3 13 3 7 0 1 0 1 0 0 1 0 0 1 0 0 0 0 1 1 1 0 1 1 0 0 0 1 7 3 3 3 10 10 8 6 3 3 2 2 2 7 7 8 2 11 7 10 2 32 20 5 17 3 4 2 9 9 1 0 1 1 0 0 0 0 0 0 0 0 0 0 0 0 0 0 0 0 0 0 0 0 0 0 0 0 0 0 0 0 0 0 
3 3 3 3 3 3 7 7 3 3 3 7 3 3 3 3 13 7 3 1 1 0 0 0 0 0 0 0 0 1 1 1 0 0 0 0 0 0 1 1 1 1 1 3 9 8 7 3 5 12 15 11 11 3 2 2 2 2 7 3 2 5 10 5 11 9 7 20 37 8 2 3 9 3 1 1 1 1 0 0 0 0 0 0 0 0 0 0 0 0 0 0 0 0 0 0 0 0 0 0 0 0 0 0 0 0 0 0 
3 3 3 3 3 3 3 3 3 3 12 7 3 3 3 3 7 7 3 7 1 1 1 0 0 0 1 0 1 1 0 0 0 0 1 1 0 1 0 0 0 1 2 3 3 3 8 10 14 15 11 10 10 3 3 3 3 7 7 2 2 6 10 10 10 9 9 5 9 10 2 9 7 3 2 2 2 2 0 0 0 0 0 0 0 0 0 0 0 0 0 0 0 0 0 0 0 0 0 0 0 0 0 0 0 0 0 0 
3 3 3 3 3 3 3 3 3 3 7 7 3 3 3 13 13 7 3 0 1 1 1 1 1 1 1 0 0 0 0 0 0 0 0 0 0 0 0 1 0 1 1 2 2 2 3 3 8 8 10 7 2 3 2 3 9 3 8 3 2 11 11 5 10 9 10 7 9 20 10 9 3 2 3 3 0 0 0 0 0 1 0 0 0 0 0 0 0 0 0 0 0 0 0 0 0 0 0 0 0 0 0 0 0 0 0 0 
3 3 3 3 3 3 7 3 3 7 7 3 3 3 3 13 3 7 7 1 0 1 1 0 1 0 0 1 1 0 1 1 0 0 0 0 0 0 1 3 3 3 3 2 3 3 2 3 2 3 6 20 14 3 8 10 20 7 8 3 2 9 10 11 10 9 17 3 22 15 17 6 7 3 3 3 1 0 0 0 0 0 0 0 0 0 0 0 0 0 0 0 0 0 0 0 0 0 0 0 0 0 0 0 0 0 0 0 
6 3 3 3 6 6 13 13 3 3 7 3 7 7 6 3 3 7 7 0 0 1 1 0 1 1 0 0 1 1 1 1 0 0 0 0 0 0 0 0 3 3 3 3 3 2 2 3 3 3 6 3 17 17 3 3 17 10 3 3 6 10 3 11 11 10 36 3 10 17 20 11 10 3 3 10 10 1 0 0 0 2 0 0 0 0 0 0 0 0 0 0 0 0 0 0 0 0 0 0 0 0 0 0 0 0 0 0 
3 3 3 7 7 7 3 7 3 3 3 7 3 3 7 3 3 7 2 0 0 1 0 1 1 1 0 0 0 0 1 0 0 1 0 0 0 0 0 0 1 3 3 3 3 3 3 3 3 3 3 5 6 11 11 10 10 10 3 2 11 2 3 3 11 11 12 6 20 11 20 8 7 7 2 2 5 1 0 0 0 0 0 0 0 0 0 0 0 0 0 0 0 0 0 0 0 0 0 0 0 0 0 0 0 0 0 0 
3 3 3 3 7 7 3 7 3 7 7 3 3 7 3 3 7 7 2 1 0 1 1 0 0 0 0 0 0 0 0 1 1 0 0 0 0 1 1 0 1 3 3 2 2 3 3 3 2 3 2 6 3 11 6 17 14 3 20 8 15 3 3 11 11 12 21 9 36 32 24 20 8 10 3 2 2 1 0 0 5 0 0 0 0 0 0 0 0 0 0 0 0 0 0 0 0 0 0 0 0 0 0 0 0 0 0 0 
3 7 3 3 6 12 7 7 7 7 7 3 7 7 3 7 7 7 0 1 1 1 0 0 1 0 0 0 0 0 1 0 0 0 0 0 0 0 0 0 0 3 1 2 3 3 3 3 3 3 3 3 3 14 10 11 11 3 3 3 11 7 10 17 17 20 20 5 36 32 22 11 10 7 3 7 6 2 2 5 1 0 0 0 0 0 0 0 0 0 0 0 0 0 0 0 0 0 0 0 0 0 0 0 0 0 0 0 
3 3 3 3 7 3 3 3 3 3 7 3 3 7 3 7 7 7 7 0 1 1 1 0 0 0 0 0 0 0 1 0 0 0 0 1 0 0 0 0 0 3 3 3 3 2 3 3 3 3 3 3 10 7 3 6 11 3 6 11 10 11 3 3 3 20 20 17 13 32 15 17 7 3 3 10 3 1 1 1 1 1 0 0 0 0 0 0 0 0 0 0 0 0 0 0 0 0 0 0 0 0 0 0 0 0 0 0 
7 7 3 3 3 3 3 3 3 3 3 6 3 7 7 7 7 0 0 0 1 1 0 0 0 0 0 0 1 0 1 0 0 0 1 0 0 0 0 0 0 3 3 3 3 3 3 3 3 3 3 3 3 11 2 2 3 2 3 3 5 10 3 3 11 17 30 17 6 20 27 20 8 8 8 7 2 2 1 1 1 0 0 0 0 0 0 0 0 0 0 0 0 0 0 0 0 0 0 0 0 0 0 0 0 0 0 0 
3 3 3 3 7 3 7 7 7 7 6 5 6 7 3 7 7 12 2 0 1 0 0 0 0 0 0 0 0 0 0 0 0 0 0 0 0 0 0 0 0 0 3 3 3 3 3 2 3 3 6 3 6 7 2 3 2 2 3 11 2 11 11 3 3 17 36 20 13 22 28 30 3 3 2 3 3 2 2 1 2 0 0 0 0 0 0 0 0 0 0 0 0 0 0 0 0 0 0 0 0 0 0 0 0 0 0 0 
3 3 3 3 3 3 3 6 3 3 3 3 6 6 7 3 3 2 0 0 1 1 0 0 0 0 0 0 1 0 0 0 0 0 0 0 0 0 0 0 0 0 1 3 3 3 2 3 6 6 6 7 9 3 2 2 2 3 2 3 2 20 22 10 11 17 32 22 22 20 32 22 3 3 3 2 2 1 1 1 1 0 0 0 0 0 0 0 0 0 0 0 0 0 0 0 0 0 0 0 0 0 0 0 0 0 0 0 
6 3 3 3 3 3 3 3 3 3 3 3 6 3 3 0 2 0 0 0 0 1 1 0 0 0 0 0 0 0 0 0 0 0 0 0 0 0 0 0 0 0 0 0 1 3 3 3 3 6 3 10 10 2 3 3 2 2 3 3 3 22 22 22 11 17 5 28 11 11 17 22 3 3 3 2 3 1 1 1 0 0 0 0 0 0 0 0 0 0 0 0 0 0 0 0 0 0 0 0 0 0 0 0 0 0 0 0 
3 3 3 3 3 3 3 3 3 1 3 2 3 7 3 0 2 0 0 0 0 1 1 0 0 0 0 0 0 0 0 0 0 0 0 0 0 0 0 0 0 0 0 0 3 3 3 11 3 6 3 8 7 3 3 5 2 3 3 3 3 22 22 22 36 30 11 10 22 20 28 22 3 3 3 1 0 0 0 1 0 0 0 0 0 0 0 0 0 0 0 0 0 0 0 0 0 0 0 0 0 0 0 0 0 0 0 0 
3 3 3 3 3 3 2 2 3 2 3 3 3 3 7 0 0 0 1 1 1 1 1 0 0 0 0 1 0 0 0 0 0 0 0 0 1 0 0 0 0 0 0 1 3 3 3 6 3 3 10 2 3 9 14 2 2 3 3 3 3 11 22 22 17 22 22 36 11 20 36 22 11 1 1 0 1 0 0 0 0 0 0 0 0 0 0 0 0 0 0 0 0 0 0 0 0 0 0 0 0 0 0 0 0 0 0 0 
3 3 3 3 3 3 3 3 3 3 3 3 3 286 3 4 0 1 1 1 0 1 0 0 2 0 1 3 0 0 0 0 0 0 0 0 0 0 0 0 0 0 0 2 3 11 3 11 3 3 11 3 3 3 8 3 2 3 3 3 11 11 11 22 20 22 20 28 17 20 20 20 5 4 7 1 1 0 0 0 0 0 0 0 0 0 0 0 0 0 0 0 0 0 0 0 0 0 0 0 0 0 0 0 0 0 0 0 
3 7 3 3 3 7 3 3 3 3 6 3 7 3 3 4 2 0 0 1 1 0 0 1 0 0 1 1 1 1 0 0 0 0 0 0 0 0 0 0 0 0 0 0 0 3 3 3 3 8 8 3 3 3 3 20 14 3 3 2 6 22 22 22 20 22 20 19 17 20 14 4 3 6 8 3 0 0 0 0 0 0 0 0 0 0 0 0 0 0 0 0 0 0 0 0 0 0 0 0 0 0 0 0 0 0 0 0 
3 6 6 7 3 7 3 3 6 3 3 3 3 3 3 7 4 1 1 0 0 0 0 1 0 0 0 1 0 1 1 0 0 0 1 0 0 0 1 1 1 0 0 1 1 1 3 3 3 10 8 3 1 2 1 2 10 7 3 3 2 2 22 22 36 22 9 7 17 17 17 3 6 6 6 1 1 0 0 0 0 0 0 0 0 0 0 0 0 0 0 0 0 0 0 0 0 0 0 0 0 0 0 0 0 0 0 0 
3 7 7 3 3 5 3 5 3 3 3 3 7 3 7 0 1 0 0 0 0 1 1 1 1 1 2 1 2 0 0 0 0 1 0 0 0 0 0 0 1 0 0 3 4 1 1 3 5 3 4 3 0 1 0 1 3 4 3 3 5 3 22 22 20 11 10 12 17 11 8 3 6 6 6 4 1 0 0 0 0 0 0 0 0 0 0 0 0 0 0 0 0 0 0 0 0 0 0 0 0 0 0 0 0 0 0 0 
3 7 7 7 3 3 6 3 3 3 3 3 3 3 7 3 2 1 0 1 1 1 3 1 1 136 15 3 1 1 1 1 1 0 0 0 0 0 0 0 0 0 1 3 2 0 3 10 3 3 4 3 0 0 0 1 2 4 3 3 3 2 3 6 17 10 11 15 10 11 8 3 3 3 6 0 1 0 0 0 0 0 0 0 0 0 0 0 0 0 0 0 1 0 0 0 0 0 0 0 0 0 0 0 0 0 0 0 
7 6 7 6 3 3 3 3 3 3 7 3 3 3 3 3 3 0 0 1 1 1 2 0 0 0 8 1 1 0 0 1 1 1 1 1 0 0 1 0 0 0 0 1 3 2 2 6 4 4 5 3 1 1 1 1 2 5 2 2 3 3 3 6 15 6 6 20 10 11 8 3 3 3 3 3 2 0 1 0 0 0 0 0 0 0 0 0 0 0 0 0 0 0 0 0 0 0 0 0 0 0 0 0 0 0 0 0 
6 12 13 12 7 7 13 3 3 3 3 3 3 7 3 3 1 1 1 1 1 1 1 1 0 0 1 0 0 0 1 0 1 0 0 0 0 0 1 0 0 0 0 0 0 0 1 3 3 3 5 3 2 1 0 0 3 5 2 3 2 3 3 6 15 10 10 15 11 11 8 3 2 1 1 3 3 3 3 1 0 0 0 0 0 0 0 0 0 0 0 0 0 0 0 0 0 0 0 0 0 0 0 0 0 0 0 0 
3 3 6 6 3 6 3 3 3 3 3 3 7 3 6 13 3 1 1 0 1 0 0 1 1 0 0 0 0 0 0 1 0 1 1 0 0 0 1 1 0 0 0 3 7 7 3 3 3 3 5 3 3 0 0 0 1 1 0 2 2 3 7 10 17 10 13 12 11 6 5 2 2 2 2 2 1 0 0 0 0 0 0 0 0 0 0 0 0 0 0 0 0 0 0 0 0 0 0 0 0 0 0 0 0 0 0 0 
12 6 3 3 7 3 3 7 7 13 7 3 7 7 7 7 4 0 1 1 0 1 1 0 1 1 0 0 0 0 0 1 1 0 2 1 4 1 1 0 0 0 1 3 3 3 3 3 3 3 5 3 3 1 0 0 0 1 1 2 4 4 7 11 13 1 17 5 6 6 3 2 2 2 1 3 0 0 0 0 0 0 0 0 0 0 0 0 0 0 0 0 0 0 0 0 0 0 0 0 0 0 0 0 0 0 0 0 
13 13 3 7 3 7 6 3 3 3 3 3 3 7 7 3 4 1 1 1 0 0 1 1 1 1 0 1 0 1 0 3 305 1 3 3 6 1 1 0 0 0 3 7 3 3 3 3 3 3 5 3 7 1 1 1 7 3 6 10 12 7 0 3 2 5 10 6 6 6 9 3 2 2 2 3 0 0 0 0 0 0 0 0 1 0 0 2 0 0 2 0 0 0 0 0 0 0 0 0 0 0 0 0 0 0 0 0 
12 3 7 6 7 3 3 3 6 3 3 3 3 12 12 13 4 0 1 0 0 1 0 0 1 1 1 1 0 1 0 1 7 3 5 6 5 0 0 0 0 1 3 3 6 13 3 3 3 3 10 7 3 3 3 3 3 3 6 23 6 1 0 0 6 6 14 6 6 6 13 2 2 2 2 1 1 0 0 0 0 0 0 0 2 0 1 2 0 0 1 0 0 1 0 0 0 0 0 0 0 0 0 0 0 0 0 0 
3 7 7 7 3 3 3 3 7 3 3 3 3 7 7 13 4 1 1 1 0 0 1 1 0 1 1 0 1 1 1 7 7 7 3 6 0 1 0 0 1 3 3 3 3 3 3 3 7 3 5 1 6 7 3 7 5 12 5 4 1 0 0 0 5 5 8 10 9 6 13 2 2 2 0 1 0 0 0 0 0 1 0 0 2 1 1 1 0 0 2 0 0 1 1 0 0 0 0 0 0 0 0 0 0 0 0 0 
3 6 3 7 3 6 3 3 3 3 7 7 7 6 13 13 1 1 0 1 1 1 1 0 1 1 1 0 1 1 1 7 7 6 12 7 1 0 0 0 1 6 13 6 7 3 3 3 1 1 0 1 1 8 12 20 7 4 3 0 0 0 0 0 3 5 6 6 4 13 2 3 2 2 2 1 0 0 0 0 0 1 0 0 0 1 1 2 0 0 0 0 1 1 0 1 0 0 0 0 0 0 0 0 0 0 0 0 
7 13 7 7 13 7 3 6 6 3 3 7 7 3 7 7 2 1 0 0 1 1 0 1 0 0 1 1 1 0 3 3 6 7 7 12 3 3 0 0 2 7 7 3 7 7 7 1 0 1 0 1 2 6 7 3 1 1 0 0 0 0 2 3 5 4 3 23 3 9 5 1 0 3 0 1 0 1 0 0 0 0 0 3 0 0 1 1 0 0 0 0 1 1 2 1 0 0 0 0 0 0 0 0 0 0 0 0 
7 7 13 13 7 13 7 3 3 3 7 3 3 3 13 13 0 1 0 0 1 0 0 1 1 1 1 0 1 1 4 6 7 3 6 3 3 1 1 0 13 13 7 4 3 3 1 0 1 1 1 5 9 7 0 0 0 0 0 0 0 2 2 3 3 2 1 1 2 2 3 0 0 0 0 0 0 0 0 0 2 0 0 2 0 0 1 1 0 0 2 0 0 0 1 1 0 0 0 0 0 0 0 0 0 0 0 0 
12 6 6 6 10 3 6 3 7 7 7 3 3 7 13 12 0 2 1 0 1 1 1 0 1 1 0 0 0 1 7 7 12 6 5 3 6 6 6 7 3 7 13 7 3 1 0 4 7 12 23 10 0 0 1 0 0 1 0 0 0 2 0 2 0 3 2 1 1 2 2 0 0 0 0 0 0 0 0 0 1 1 1 2 1 1 1 0 0 1 2 1 0 0 0 2 0 0 0 0 0 0 0 0 0 0 0 0 
13 12 12 13 13 13 3 7 6 7 3 3 7 7 7 4 0 0 1 2 1 0 0 1 1 0 1 0 0 1 13 3 6 6 3 6 6 12 13 3 3 7 7 13 7 3 3 7 13 10 1 2 0 0 0 0 0 1 1 0 0 1 3 2 1 1 2 2 2 2 3 1 1 0 0 0 0 0 0 0 1 1 0 1 0 1 1 0 0 0 3 0 0 0 0 1 0 0 0 0 0 0 0 0 0 0 0 0 
13 7 7 13 13 7 7 3 7 7 7 7 13 7 12 2 1 1 1 0 1 1 1 0 1 0 1 1 3 7 6 3 7 6 3 6 3 7 7 7 7 3 3 3 13 13 13 0 8 3 6 1 0 0 0 0 1 1 0 1 0 0 2 0 0 0 3 3 2 5 3 2 0 0 0 0 0 0 0 0 0 1 0 1 1 2 2 0 0 2 6 0 0 0 0 0 0 0 0 0 0 0 0 0 0 0 0 0 
7 3 7 7 3 13 7 6 3 3 3 7 7 12 13 6 1 0 1 1 0 1 1 0 0 0 1 0 1 12 7 3 3 7 6 6 5 6 7 13 7 7 3 7 7 7 7 1 1 1 0 1 0 2 1 0 0 2 0 0 0 0 1 0 0 0 2 2 2 3 6 2 0 1 1 0 1 0 0 0 0 1 0 0 1 1 2 0 0 1 5 1 0 0 1 1 0 0 0 0 0 0 0 0 0 0 0 0 
3 7 7 13 3 3 7 3 3 6 3 6 7 7 13 13 1 1 1 0 0 1 1 0 1 0 1 0 3 13 6 6 7 7 3 5 5 12 3 3 3 3 3 3 7 3 13 0 1 0 0 1 0 0 1 0 1 1 0 0 2 2 0 0 1 0 3 2 2 1 5 6 5 0 0 0 1 1 1 1 1 1 1 1 2 1 0 0 0 2 4 0 0 0 1 1 0 0 0 0 0 0 0 0 0 0 0 0 
7 7 7 3 13 6 3 3 7 7 3 3 7 13 13 7 2 1 1 0 1 1 0 1 1 1 0 1 1 13 7 6 7 7 7 6 7 6 7 3 6 6 3 3 7 7 13 4 0 0 0 1 0 0 0 0 0 1 0 0 2 1 0 1 0 0 2 2 3 1 5 5 5 1 0 0 1 0 1 1 1 1 1 1 1 1 1 3 5 0 1 2 1 1 0 0 0 0 0 0 0 0 0 0 0 0 0 0 
7 7 3 6 3 3 7 7 7 7 3 3 7 13 13 7 4 1 0 0 1 0 0 1 0 1 0 0 5 7 13 6 3 7 3 5 7 13 7 3 3 3 3 7 7 7 7 3 0 0 0 0 0 0 0 0 0 0 0 0 1 1 0 0 1 0 2 2 2 2 7 6 5 5 1 0 0 0 1 1 0 0 1 0 1 1 0 4 3 0 0 1 1 3 0 1 0 0 0 0 0 0 0 0 0 0 0 0 
13 4 2 7 3 7 6 7 6 6 13 7 13 13 13 7 1 0 1 0 1 0 0 0 0 1 1 4 13 7 7 6 7 3 3 6 7 7 3 3 3 3 7 3 7 2 7 1 0 0 0 0 1 0 0 0 2 0 0 0 0 1 0 0 0 0 1 1 0 1 4 5 6 5 2 0 1 1 1 3 1 0 2 1 0 1 1 4 2 0 0 1 1 1 3 1 0 0 0 0 0 0 0 0 0 0 0 0 
7 4 7 3 3 6 7 7 7 6 7 7 7 7 7 7 1 0 0 1 1 1 2 1 1 0 1 4 7 13 7 7 7 7 6 6 7 7 3 3 3 3 3 7 7 7 0 0 0 0 1 0 0 0 1 0 0 0 0 3 0 0 0 0 0 1 0 1 1 0 1 5 2 2 2 0 0 0 1 2 0 0 1 0 1 1 1 3 0 0 0 1 1 0 1 1 0 0 0 2 0 0 0 0 0 0 0 0 
7 7 7 6 7 7 7 7 7 7 13 13 7 3 7 7 5 0 1 1 0 1 1 0 1 1 1 3 13 7 7 7 3 7 6 13 7 3 3 3 6 3 3 13 12 3 1 0 0 1 1 1 1 0 0 1 1 0 1 2 0 1 1 0 0 1 0 1 0 0 0 1 4 0 0 0 0 1 1 1 1 1 0 2 1 1 2 2 1 1 0 1 1 1 2 0 0 0 0 2 0 0 0 0 0 0 0 0 
3 3 3 7 7 7 7 7 7 7 13 13 3 3 7 3 0 1 0 0 1 1 1 1 2 6 7 7 7 7 7 7 2 7 7 7 3 3 3 3 3 3 7 13 4 1 1 0 0 0 1 1 1 0 0 1 0 0 2 0 0 0 0 0 1 0 1 0 1 0 0 0 1 0 0 0 0 0 0 0 0 1 1 1 3 0 5 3 1 2 1 1 1 1 1 0 0 0 0 0 0 1 0 0 0 0 0 0 
7 6 7 3 7 7 7 6 7 13 6 3 3 13 12 1 0 0 1 2 1 1 7 1 0 46 4 7 7 7 7 7 3 6 7 6 3 3 3 3 3 7 13 13 1 1 0 0 0 0 0 0 0 0 0 1 0 1 2 1 0 0 1 0 0 0 0 0 0 0 0 0 0 0 0 1 0 0 0 1 3 0 2 2 0 1 5 5 2 2 1 1 2 1 1 0 0 0 0 0 0 1 0 0 0 0 0 0 
3 13 3 7 13 7 7 6 7 13 7 7 7 7 46 1 0 1 1 0 0 3 7 3 1 6 7 7 7 7 7 7 3 6 6 3 3 3 3 7 7 2 13 1 1 0 1 0 0 0 0 1 0 0 0 0 0 0 3 0 0 1 0 0 0 0 0 0 0 0 0 0 0 0 1 0 0 0 1 2 0 0 1 5 3 0 3 4 2 5 1 0 1 0 0 0 0 0 1 0 1 0 0 0 0 0 0 0 
6 5 7 13 12 6 7 7 7 13 7 7 7 13 5 0 0 1 1 0 1 3 6 6 3 3 3 5 13 7 7 7 7 7 7 7 3 3 7 7 13 13 13 1 1 0 0 0 0 1 1 0 1 0 0 1 2 2 1 0 0 0 0 0 0 0 0 0 0 0 0 0 0 0 0 0 1 0 0 4 0 0 4 7 2 0 2 2 2 0 1 0 0 1 1 0 0 0 0 0 1 1 0 0 0 0 0 0 
13 3 7 7 7 12 13 13 13 7 7 7 7 13 4 0 1 1 4 4 1 0 2 7 7 7 7 6 13 13 1 12 6 7 7 6 7 7 13 7 13 0 2 0 1 1 0 1 0 1 1 1 0 1 1 0 3 1 1 2 1 1 0 0 1 0 0 0 0 0 0 0 0 0 0 0 1 0 1 0 0 0 2 5 4 1 3 2 5 0 2 1 1 1 1 0 0 0 0 0 1 1 0 0 0 0 0 0 
3 7 7 7 7 7 7 13 13 7 7 7 13 4 0 1 1 1 1 3 5 0 3 7 7 7 13 13 13 7 5 3 13 2 13 12 7 13 7 3 1 7 6 1 1 1 0 1 0 2 1 0 0 1 0 0 3 2 2 0 0 1 0 0 0 0 0 0 0 0 0 0 0 0 0 2 0 0 0 3 0 0 4 5 2 5 5 8 1 1 1 1 1 1 0 0 0 0 0 1 1 1 0 0 0 0 0 1 
5 6 4 7 7 7 7 6 7 7 7 6 7 13 0 1 1 1 1 3 4 3 7 6 7 13 0 7 8 1 4 4 13 7 1 12 7 13 7 2 4 1 12 4 1 1 0 1 1 1 1 0 0 0 0 0 2 1 1 0 0 1 0 0 0 1 1 1 0 0 1 0 0 0 0 0 2 2 2 1 1 5 5 8 1 5 5 10 2 1 0 0 0 1 1 0 0 0 0 0 0 0 1 0 0 0 0 0 
10 13 12 12 13 12 13 7 13 13 13 13 13 1 1 1 1 1 3 7 6 13 7 7 7 7 8 5 1 1 23 13 13 13 4 2 8 1 1 4 2 1 3 6 1 0 0 0 1 0 1 1 1 0 0 0 0 0 0 0 1 0 2 1 1 0 1 1 0 0 0 0 0 0 0 0 0 2 2 1 5 3 1 2 0 8 4 2 0 0 0 0 0 0 0 0 0 0 0 0 1 1 0 0 0 0 0 0 
18 12 13 13 13 13 13 6 13 13 6 6 7 13 1 5 7 7 1 3 7 7 7 2 4 4 2 3 1 4 7 13 13 7 3 2 3 1 0 1 1 0 6 12 1 0 0 0 1 0 0 0 0 0 0 0 0 5 3 0 0 0 0 2 1 0 0 0 0 0 0 0 0 0 0 5 0 2 2 2 8 3 1 5 2 1 0 0 0 0 0 0 0 0 0 0 0 0 0 0 0 1 0 0 0 0 0 0 
30 20 12 12 12 12 6 6 5 6 6 6 6 7 4 3 7 13 7 13 7 4 0 7 5 0 1 1 0 4 4 6 7 3 2 3 1 1 1 1 0 1 5 4 6 0 0 0 0 0 0 1 0 0 0 1 0 1 1 1 0 0 0 0 1 1 0 0 0 0 0 0 0 0 1 5 3 8 2 2 4 3 1 3 2 5 1 2 0 0 0 0 0 0 0 1 0 0 0 0 0 1 0 0 0 0 0 0 
43 6 8 6 6 6 3 6 6 6 3 3 5 3 1 2 0 2 1 1 0 1 3 13 2 1 1 0 2 0 1 1 1 0 8 2 1 0 0 1 1 1 2 0 1 0 0 1 0 1 0 0 0 0 0 2 1 0 1 1 0 1 1 1 1 0 0 0 0 0 0 0 0 1 1 5 6 13 3 2 4 5 2 2 6 4 4 8 0 0 0 0 0 1 0 1 0 0 0 0 0 0 0 0 0 0 1 0 
7 7 5 3 3 3 6 6 6 6 3 3 3 3 1 2 1 1 4 4 1 1 7 3 1 1 1 1 1 1 1 1 3 1 2 3 0 0 1 2 1 3 1 0 1 0 0 0 0 1 1 2 0 0 1 2 1 0 1 0 0 0 0 0 0 0 0 0 0 0 0 0 0 0 2 5 5 8 4 1 6 5 5 0 2 8 3 2 0 0 0 0 0 0 0 1 0 0 0 0 0 1 0 1 0 0 0 0 
5 30 7 9 6 3 6 3 3 3 3 3 3 3 3 0 1 1 0 1 1 0 7 0 0 1 0 1 1 2 1 1 1 2 1 5 3 1 1 1 1 0 3 0 0 0 0 1 0 1 2 2 0 0 2 6 1 0 0 1 1 0 2 0 1 1 0 0 0 0 0 0 0 0 3 2 2 7 5 2 6 5 5 5 5 5 0 0 0 0 0 0 0 2 1 1 1 0 0 0 0 0 1 1 0 0 0 0 
5 24 22 6 0 6 3 3 3 3 3 3 3 6 3 3 1 2 0 0 1 1 0 0 0 1 0 0 4 4 2 1 1 4 5 5 1 4 1 4 3 3 13 4 7 1 0 0 0 1 1 1 2 1 0 5 1 2 2 2 1 1 0 2 2 1 0 0 0 0 0 0 0 0 2 4 5 8 7 3 7 6 6 4 2 5 0 0 0 0 0 0 0 1 2 3 2 0 0 0 0 0 1 1 0 0 0 0 
4 3 30 8 9 3 3 3 3 3 3 3 3 3 3 4 1 1 1 2 1 1 1 1 0 0 4 4 4 2 4 1 7 4 4 2 1 0 3 0 0 1 4 4 1 4 1 1 0 1 0 0 1 1 2 6 2 2 2 0 1 2 2 2 2 0 1 0 0 1 0 0 0 0 0 2 1 4 10 7 4 10 10 4 10 1 0 0 0 0 0 0 1 1 5 3 2 0 0 1 1 0 1 0 0 0 0 0 
3 6 24 22 3 3 3 3 3 3 3 3 3 6 2 0 0 1 1 0 3 0 2 1 1 0 4 4 4 4 2 2 2 14 4 3 4 1 4 0 1 0 1 2 3 1 1 1 0 2 1 0 0 1 5 2 0 1 2 1 2 2 2 1 1 2 0 0 0 0 0 0 0 1 2 4 3 8 7 1 5 4 5 5 4 5 1 1 0 0 0 1 3 4 5 1 5 1 1 0 0 0 1 0 0 0 0 0 
3 5 7 30 5 5 3 3 3 3 3 3 3 6 6 2 2 1 1 2 3 3 2 1 4 4 3 4 4 4 4 0 4 3 1 4 4 4 4 0 1 1 4 2 2 4 4 4 0 2 2 0 0 3 5 2 1 1 2 2 2 2 1 1 0 0 0 0 0 0 0 0 1 1 7 5 5 7 4 5 5 4 5 5 2 1 0 1 0 0 1 1 4 2 3 1 3 3 0 0 0 0 0 0 0 0 0 0 
3 1 3 9 30 7 5 3 3 3 3 3 6 6 5 4 1 0 3 1 1 0 1 4 1 2 1 1 1 3 2 3 2 0 1 5 4 4 1 3 0 2 1 2 3 4 1 4 5 2 2 2 1 6 8 3 2 2 1 1 1 2 2 2 2 0 1 0 0 0 0 0 0 1 5 3 2 0 2 7 6 5 5 3 1 0 0 0 0 0 0 2 6 5 5 1 6 2 23 1 1 0 0 0 0 0 0 0 
3 2 3 3 3 9 5 4 3 3 3 3 2 6 7 2 1 0 0 4 3 2 1 0 3 2 1 0 1 1 0 3 1 4 13 3 4 4 3 2 1 1 0 1 2 2 2 4 4 1 1 2 1 4 0 1 3 0 2 1 2 2 1 1 1 0 0 0 0 0 0 0 3 4 7 3 2 1 1 0 5 4 5 2 1 0 0 0 0 0 1 3 5 5 5 3 3 2 3 3 0 0 0 0 0 0 0 0 
3 3 0 3 7 30 7 5 3 3 3 1 2 5 13 4 1 0 0 1 2 0 0 1 4 1 0 2 0 4 3 13 13 7 13 6 4 0 3 1 0 0 3 0 1 1 4 1 5 2 2 3 3 6 1 0 0 0 0 2 0 0 0 1 0 0 0 0 0 0 0 3 5 5 8 19 1 1 0 4 2 4 2 1 0 0 0 0 0 0 1 3 3 5 5 1 2 3 3 0 0 0 0 0 0 0 0 0 
5 2 3 3 6 22 27 6 3 2 2 3 6 6 7 4 4 1 1 3 1 2 1 4 4 1 1 2 1 1 3 13 13 12 12 4 3 1 1 4 0 0 1 1 1 0 3 0 4 2 2 2 6 2 0 0 2 1 1 0 0 0 0 0 0 0 0 0 0 0 1 5 4 4 4 5 1 1 3 5 4 5 3 1 0 0 0 0 0 0 1 3 2 1 6 6 1 3 7 0 0 0 0 0 0 1 0 0 
5 2 3 3 5 6 27 4 3 3 3 3 6 6 0 3 4 0 0 0 0 0 3 4 1 4 4 1 2 4 7 8 8 13 13 4 4 4 3 4 2 0 1 1 0 1 4 1 4 3 4 6 6 2 0 0 0 1 1 1 0 0 0 0 0 0 0 0 0 0 3 4 4 5 2 3 3 1 2 5 3 3 2 0 0 0 0 0 0 0 1 1 1 1 2 3 3 6 7 0 2 3 2 1 0 2 0 0 
6 3 3 3 3 3 4 7 7 5 3 3 3 6 2 3 4 1 1 1 6 4 0 4 4 4 2 3 1 5 5 13 13 12 5 4 0 1 4 4 3 1 2 1 0 1 4 3 4 0 4 6 2 2 3 1 0 1 1 1 0 0 0 0 0 0 0 0 0 2 4 5 4 5 4 3 4 5 3 3 2 2 0 0 0 0 0 0 0 1 1 1 2 2 1 3 6 6 6 1 0 7 7 7 7 7 1 0 
5 3 5 5 3 4 3 27 22 6 3 6 6 6 2 3 2 3 1 1 1 1 4 4 4 4 3 1 0 4 1 7 7 4 1 4 4 4 1 4 2 0 1 0 0 2 3 4 7 1 3 6 4 1 0 1 0 1 1 1 1 0 0 0 0 0 0 0 1 2 5 3 4 2 2 1 7 2 3 2 1 2 0 0 0 0 0 1 1 2 2 3 1 2 2 2 3 9 13 11 4 4 7 7 7 7 0 0 
6 5 3 5 3 3 6 3 30 7 5 2 6 6 3 1 2 2 0 0 0 3 2 4 2 2 3 1 1 1 2 0 4 4 4 4 4 4 4 4 4 2 1 0 0 3 3 5 4 5 6 6 1 0 0 0 0 1 0 0 1 0 5 1 0 0 0 0 3 4 5 2 3 2 3 0 7 3 2 1 2 2 0 0 0 0 2 2 2 2 3 3 3 2 2 3 3 3 6 8 14 10 7 7 6 6 0 0 
6 5 3 5 5 5 8 6 9 24 13 6 6 5 2 1 2 4 1 0 1 2 2 1 0 1 1 4 1 1 2 4 1 4 4 4 3 3 4 3 2 1 0 1 0 4 2 4 2 2 1 2 1 5 2 1 0 0 0 1 0 0 2 4 1 0 5 5 4 4 4 1 2 5 5 2 1 5 3 1 3 1 0 0 0 0 3 2 2 2 3 3 3 3 2 6 3 3 3 6 7 9 14 9 6 3 0 0 
3 5 4 4 5 2 3 4 6 28 8 10 3 6 1 1 3 2 0 0 1 0 0 0 2 1 1 2 1 1 0 4 4 4 4 3 4 2 0 0 0 0 1 0 4 4 5 5 3 3 1 2 24 6 6 3 3 3 0 1 0 2 2 3 2 2 3 2 3 4 5 2 2 4 5 2 2 2 2 2 5 3 0 0 0 0 2 1 3 1 1 3 3 2 2 3 3 3 3 7 7 3 6 5 2 1 0 0 
1 0 0 5 3 3 4 5 6 22 27 6 6 5 1 1 1 2 1 0 0 0 1 0 3 2 0 0 1 1 2 0 3 4 2 3 4 1 1 0 1 0 1 1 1 4 5 9 2 2 0 0 5 6 5 1 2 1 0 0 1 0 0 1 1 1 2 5 5 4 2 2 2 2 4 3 2 3 2 1 5 1 0 0 0 2 2 1 1 1 2 1 3 2 3 3 6 3 3 7 7 7 6 3 3 3 1 0 
1 3 1 5 1 6 5 6 7 3 27 4 6 6 3 6 1 1 2 1 0 0 0 2 2 3 0 1 0 1 1 0 3 4 4 2 3 1 1 0 0 1 2 1 2 5 12 1 4 1 4 1 4 6 1 1 1 0 1 1 1 1 0 1 0 0 0 2 3 2 2 2 1 5 4 1 1 2 0 2 5 2 1 0 0 2 3 3 1 1 1 3 2 3 3 3 3 3 5 7 7 3 3 3 3 2 0 0 
2 2 0 0 5 5 5 5 5 5 7 30 7 5 9 4 2 0 0 0 0 0 1 3 1 3 1 1 0 0 0 0 2 4 3 0 1 1 2 0 0 3 3 4 4 4 1 3 7 1 2 1 0 3 0 0 1 0 1 1 1 0 1 0 0 0 1 2 2 4 3 2 2 2 3 1 0 1 1 1 3 0 0 0 0 2 2 2 3 3 3 2 3 3 3 3 3 3 6 3 7 6 3 2 3 1 0 0 
1 2 1 0 0 5 5 5 5 8 13 9 27 16 13 6 2 1 1 0 0 0 2 1 0 1 1 0 0 0 0 0 0 4 2 0 0 0 1 0 0 0 2 4 3 6 0 1 5 2 1 5 2 2 2 4 3 2 0 1 1 2 1 0 0 0 0 2 2 3 3 2 2 2 2 2 2 5 2 2 3 0 0 0 1 2 2 3 3 3 2 3 3 3 3 5 3 5 3 7 3 6 3 2 2 1 0 0 
1 2 0 2 2 0 0 2 5 6 7 14 22 30 14 2 2 2 2 0 0 2 1 1 1 1 2 0 0 0 0 0 0 4 2 4 0 1 1 0 0 1 4 4 7 1 1 1 6 3 1 3 6 5 2 2 0 0 1 0 0 1 1 0 0 0 1 2 2 3 2 2 4 3 2 1 2 2 0 0 1 0 0 0 2 2 3 3 3 3 3 3 3 3 3 3 3 6 7 3 6 6 3 2 3 0 0 0 
2 0 1 4 2 0 0 5 5 2 6 7 5 24 9 4 1 0 5 0 0 3 1 1 1 1 3 0 0 1 0 0 1 4 4 4 2 0 1 1 0 4 4 5 4 1 1 4 5 2 3 5 6 2 0 0 2 2 1 0 0 1 0 0 0 0 1 1 2 4 2 3 6 4 4 3 2 2 1 3 2 1 0 0 0 0 3 3 3 3 2 3 3 3 3 3 6 6 3 3 6 6 3 2 3 3 0 0 
1 6 0 4 4 1 0 4 4 4 5 6 5 3 27 13 2 1 5 2 1 2 0 1 0 1 3 0 0 0 0 0 1 1 4 4 1 1 1 4 4 4 4 4 4 1 4 4 1 2 3 3 6 5 9 1 0 0 1 0 0 1 0 1 3 0 2 2 3 5 3 1 2 2 2 1 1 1 1 1 0 0 0 0 1 0 1 1 3 2 3 3 3 3 3 7 6 6 7 7 5 3 3 2 0 0 1 0 
0 0 3 5 8 0 0 5 5 5 6 5 3 10 5 27 2 1 1 5 5 3 0 1 1 3 6 0 2 0 0 2 2 4 9 5 4 2 1 4 4 4 4 4 3 0 4 1 2 3 3 6 5 6 5 1 1 0 0 1 1 1 3 2 4 1 2 2 5 4 4 4 2 1 1 1 0 2 1 2 0 0 0 0 0 3 3 1 3 3 3 6 3 3 2 7 6 7 6 7 6 3 1 1 0 1 0 2 
0 0 15 1 4 0 0 5 5 5 5 5 3 5 6 20 14 7 10 5 6 5 6 5 3 3 5 6 1 2 0 2 2 3 9 15 7 5 4 4 4 4 4 4 4 4 2 3 6 3 3 3 3 6 6 6 1 0 2 0 0 0 1 0 2 0 2 2 6 5 4 10 5 2 1 0 0 1 2 5 0 0 0 0 2 2 3 3 3 2 3 6 3 7 2 2 7 7 7 7 7 3 0 0 1 1 1 1 
8 6 4 0 1 1 0 2 4 5 5 5 5 3 3 5 22 27 14 8 5 2 3 5 5 6 5 3 3 5 2 4 2 2 3 4 4 5 4 4 4 7 3 3 7 7 46 13 2 5 6 6 6 6 6 6 6 1 0 1 0 1 1 1 1 1 1 3 3 6 6 5 1 1 1 2 1 0 1 3 1 0 0 1 1 5 2 3 3 3 3 2 3 3 7 7 7 7 7 7 7 5 3 1 0 0 1 0 
2 6 19 15 19 1 0 1 0 5 5 5 5 6 3 7 13 22 30 16 5 2 3 3 3 3 0 2 0 0 2 2 5 3 2 2 2 2 7 13 12 46 46 7 13 7 13 7 3 6 6 6 3 6 6 6 6 6 1 1 0 0 1 0 0 0 3 3 6 5 5 4 5 2 1 1 1 1 2 2 0 0 0 0 0 0 2 2 3 3 2 2 3 3 7 3 7 7 7 7 7 7 5 2 0 0 2 2 
1 6 35 5 5 2 2 0 0 5 5 5 5 6 5 6 8 5 22 24 3 3 3 3 5 5 1 1 0 2 1 1 0 0 1 0 0 3 3 1 1 0 2 1 1 36 2 12 21 3 3 3 3 3 3 6 6 1 2 1 0 0 0 1 2 0 2 5 6 3 3 5 4 1 1 1 1 0 1 1 0 0 0 0 1 1 1 1 3 3 3 2 2 3 7 7 1 0 7 6 3 3 3 1 0 2 2 2 
2 19 10 5 4 1 2 1 0 3 3 5 5 6 5 5 3 4 7 27 3 7 8 3 5 5 5 3 3 6 1 0 0 0 0 0 0 0 1 1 0 1 1 1 3 2 1 46 6 6 3 3 6 6 6 6 6 3 3 4 0 1 1 0 5 3 6 23 23 5 6 6 4 2 1 0 0 0 1 1 0 0 0 1 0 1 5 3 3 3 3 6 2 6 6 3 3 0 1 6 3 6 6 0 1 0 1 2 
2 2 5 5 5 2 0 0 0 0 0 5 5 5 5 6 3 3 5 7 27 4 13 8 6 5 6 4 5 3 0 2 1 0 0 1 0 0 1 3 0 0 1 1 1 1 12 4 3 3 3 3 3 6 6 6 6 5 2 4 5 9 2 8 14 6 6 6 6 6 6 5 2 3 1 1 0 0 1 1 0 0 1 2 1 0 2 3 3 3 2 3 3 3 6 3 6 3 1 3 3 6 3 0 0 1 1 0 
2 2 3 4 5 4 2 3 3 0 0 2 5 5 3 3 6 2 3 4 4 30 22 13 8 6 5 5 6 2 0 0 1 0 0 0 0 0 2 1 2 1 0 0 2 2 3 1 2 6 6 6 6 6 6 6 6 6 0 0 5 6 6 6 9 6 3 6 6 6 8 9 4 4 0 0 0 0 2 1 0 0 0 1 1 1 1 1 3 2 3 1 3 3 6 6 3 3 3 6 6 3 0 1 0 1 1 0 
5 5 5 4 6 5 5 0 0 0 0 1 3 3 3 2 3 3 3 5 3 7 27 20 13 7 5 5 9 0 1 0 0 0 0 0 1 1 2 2 2 2 2 3 1 2 1 2 4 6 6 6 6 3 6 6 6 3 0 2 3 6 5 6 13 6 6 6 6 23 3 5 5 2 3 2 0 1 3 0 1 0 1 0 2 1 1 1 0 2 3 3 3 3 6 3 6 3 6 6 5 1 0 1 1 1 1 1 
5 5 5 7 5 5 5 1 0 2 3 0 1 3 2 5 3 5 4 5 5 13 13 23 20 10 7 4 3 2 1 0 1 0 0 0 3 1 0 1 2 1 1 2 1 1 2 3 5 3 6 6 6 6 3 3 6 0 1 6 6 3 5 6 6 6 6 6 6 6 3 5 6 1 0 0 0 2 1 0 0 0 0 1 1 1 0 1 0 1 2 3 3 6 6 3 6 6 6 6 3 0 1 1 1 1 1 1 
5 5 5 5 5 5 5 4 5 4 5 0 0 2 3 3 0 5 5 5 5 0 1 2 8 20 13 7 6 5 5 0 0 0 0 1 1 2 1 2 2 2 1 2 3 0 0 1 23 5 19 5 6 6 6 23 5 3 5 19 0 1 6 6 6 6 6 6 3 6 6 5 6 0 0 0 0 0 0 0 0 0 0 1 0 1 1 1 0 1 3 3 3 6 23 23 6 6 6 6 1 0 1 0 1 1 1 0 
5 5 6 8 7 7 13 6 2 2 2 0 0 1 2 5 5 3 4 6 0 0 0 0 0 30 9 4 5 5 5 10 2 1 4 3 2 2 1 1 2 0 3 1 1 1 2 6 6 6 6 6 5 6 6 21 2 4 10 4 2 1 0 6 6 5 6 6 6 6 5 2 5 1 0 0 0 0 0 0 0 0 1 0 1 1 0 0 0 2 2 3 3 6 3 3 3 6 6 6 0 0 1 0 0 1 0 0 
8 8 6 4 4 2 2 8 4 7 2 0 0 1 0 0 7 8 0 2 5 8 2 3 10 5 10 2 1 2 3 2 1 1 2 2 1 2 2 1 2 1 2 1 4 3 2 5 6 21 23 6 6 6 6 4 2 6 0 5 1 5 0 5 5 6 6 6 6 5 0 0 0 0 0 0 0 1 0 0 0 1 1 1 0 1 0 1 0 2 2 2 23 3 6 6 23 23 6 2 1 0 1 0 0 0 0 2 
13 9 4 2 3 2 1 7 9 8 3 4 2 2 3 5 10 1 1 5 6 5 0 0 1 2 8 3 1 3 2 3 2 3 5 4 3 2 2 1 2 2 0 4 3 6 6 3 6 19 5 5 4 6 6 5 4 5 1 2 2 0 4 3 5 6 3 3 3 9 6 1 0 0 0 1 1 1 0 1 0 1 1 0 0 1 1 0 0 0 1 2 3 3 6 23 23 3 5 4 1 1 0 2 1 0 0 1 
16 10 4 2 4 4 7 3 9 20 14 10 5 2 6 7 1 0 3 5 5 5 2 4 5 3 3 10 6 1 4 3 7 6 10 13 4 3 2 2 2 2 4 2 9 4 5 3 7 7 7 7 0 2 2 4 4 5 2 3 2 2 3 5 6 3 7 7 7 5 3 2 0 1 1 1 1 1 1 0 0 1 2 2 1 1 0 0 0 1 0 0 0 0 2 3 23 3 6 1 0 0 0 2 1 2 1 0 
10 2 4 2 2 2 4 3 10 12 15 14 5 6 5 2 0 0 0 5 5 6 5 0 1 1 2 5 6 1 8 3 3 3 6 14 7 4 2 2 2 2 3 136 9 10 3 7 3 26 7 7 2 2 7 2 4 2 4 2 1 1 2 4 4 3 3 6 6 3 2 2 1 1 1 1 2 2 1 1 0 1 1 1 0 1 0 1 1 0 0 0 0 0 0 1 5 5 5 0 0 0 0 1 1 1 0 1 
8 1 4 2 1 2 4 3 14 10 4 10 6 5 4 0 3 0 1 5 5 6 1 0 0 3 3 7 4 3 0 1 2 2 2 4 5 1 2 2 2 3 4 10 26 7 7 7 7 7 7 7 2 2 4 2 4 3 1 3 3 2 2 5 4 8 2 4 6 2 2 2 1 1 1 2 2 2 1 1 1 1 0 0 0 0 1 2 0 0 0 2 0 0 0 0 2 5 2 0 0 2 0 2 0 1 2 3 
3 1 1 5 6 5 5 10 24 7 7 5 6 5 0 0 2 0 5 5 5 3 0 0 0 1 7 4 2 2 2 0 2 1 2 2 3 3 2 2 2 2 5 7 26 7 7 16 7 7 16 7 2 6 2 2 2 5 3 3 2 3 3 3 2 5 3 5 6 6 2 2 2 2 2 2 2 2 1 1 1 0 0 0 0 0 1 1 0 0 0 1 3 0 0 0 0 1 1 0 0 2 1 3 0 2 3 3 
1 1 6 1 1 11 12 20 37 15 15 5 6 6 3 0 0 0 1 5 6 0 2 0 3 3 7 2 2 2 0 2 1 0 1 1 2 2 0 2 3 4 7 16 26 26 16 26 15 23 6 3 2 3 2 2 2 5 2 2 4 2 5 2 2 6 3 3 8 6 3 2 2 2 2 2 2 2 1 1 1 0 0 0 0 0 1 2 0 0 0 0 3 1 0 0 1 1 0 0 0 2 0 3 1 2 3 3 
1 3 4 1 1 14 3 10 3 0 4 4 6 5 5 3 2 2 5 5 2 0 5 14 5 13 7 3 1 1 1 2 0 0 2 2 2 2 3 6 3 7 7 7 4 7 7 4 7 14 4 2 2 3 3 2 2 2 2 2 2 2 4 2 2 2 3 2 5 4 2 2 2 2 2 2 2 1 1 1 1 0 0 0 0 0 0 1 1 0 0 0 1 1 0 0 1 0 0 0 0 1 1 3 2 2 2 3 
2 2 2 37 14 3 3 7 9 3 3 4 4 0 1 2 1 0 5 5 3 3 16 16 8 8 3 3 3 4 1 2 2 2 2 2 2 2 3 3 6 7 7 10 9 6 6 2 2 3 2 2 2 2 3 6 2 2 2 2 2 2 6 2 2 5 5 4 4 4 5 3 2 2 2 2 2 1 1 1 1 1 0 0 0 0 0 0 2 0 0 0 0 3 0 0 0 0 0 0 0 1 1 3 2 1 2 2 
2 4 0 1 17 1 3 5 9 3 1 4 0 0 0 1 1 0 5 6 8 14 27 20 6 6 1 0 5 2 2 2 2 1 1 1 2 2 5 5 7 7 5 13 6 6 6 6 4 3 2 2 2 2 6 6 2 2 2 2 2 2 4 4 2 2 3 4 4 4 4 2 1 2 2 2 2 1 1 1 1 2 0 0 0 0 0 0 0 0 0 0 0 3 0 0 0 0 0 0 0 0 0 3 1 1 1 2 
4 9 21 19 29 3 4 15 9 2 4 4 0 0 0 0 1 5 5 13 14 27 20 13 4 2 1 1 6 5 5 5 4 3 2 2 2 6 5 5 6 3 6 6 6 6 6 6 6 6 2 2 2 2 3 3 4 2 2 2 2 2 6 6 3 2 1 2 4 4 4 3 1 2 2 2 2 1 1 1 0 2 1 1 0 0 0 0 0 0 0 0 1 0 0 0 0 1 0 0 0 1 1 3 0 1 1 2 
7 10 72 63 3 0 1 6 3 2 1 1 0 0 0 0 5 5 8 14 27 19 14 8 6 2 2 5 4 2 4 2 4 3 6 3 5 5 6 6 3 5 4 2 6 6 6 13 6 6 5 4 2 2 0 6 4 6 2 2 2 3 6 6 4 6 2 2 2 2 2 3 1 1 2 2 2 1 1 1 1 1 2 2 0 0 0 0 0 1 0 0 2 2 0 0 3 1 0 0 1 1 1 2 1 1 1 2 
11 17 14 11 4 0 1 7 7 11 2 3 0 0 0 2 1 10 13 22 27 14 8 5 6 4 5 3 2 1 2 2 2 1 5 5 6 7 6 3 4 14 2 2 6 6 6 4 2 3 3 2 2 2 2 6 2 6 4 3 2 6 3 6 6 2 4 2 2 2 2 1 1 1 2 2 2 2 1 1 0 1 2 2 1 0 0 0 0 0 0 0 0 0 0 5 0 0 0 0 1 1 2 1 1 0 2 3 
9 11 9 7 4 0 0 0 2 2 3 0 0 0 0 0 7 13 24 30 16 4 5 6 5 4 5 3 8 3 1 1 2 2 4 2 5 6 3 0 3 3 4 4 5 9 9 4 3 4 4 2 2 2 2 2 2 3 6 3 2 6 6 6 2 2 2 3 3 2 2 2 2 1 1 2 2 2 2 1 1 1 1 1 2 0 0 0 0 0 0 0 0 0 0 0 0 0 0 0 1 2 2 1 1 1 3 3 
6 6 3 1 0 1 1 3 0 0 0 0 2 0 0 1 4 21 20 14 13 8 6 6 6 6 6 5 2 5 1 4 1 0 2 5 6 5 1 1 1 2 1 2 1 2 3 9 9 13 6 4 2 2 2 2 6 2 6 6 6 6 6 6 4 2 2 2 2 2 2 1 2 1 1 2 2 2 2 1 1 1 0 2 3 3 0 0 0 0 0 0 0 0 1 0 0 0 0 0 2 2 0 0 1 2 3 3 
7 4 2 1 0 0 0 0 0 0 0 0 0 0 0 10 18 29 24 27 16 14 8 6 5 6 1 0 2 1 0 1 0 3 5 5 6 2 1 1 2 1 0 0 1 2 4 3 2 2 13 9 9 3 2 2 2 4 3 6 6 6 2 6 6 3 3 2 2 2 2 2 2 2 2 2 2 2 1 1 1 1 2 2 1 1 1 0 0 0 0 0 0 3 0 0 0 0 1 2 2 2 0 0 0 1 3 3 
7 4 2 3 1 0 0 0 0 0 0 0 2 1 10 20 27 14 4 4 27 22 14 6 5 5 5 0 1 5 1 3 1 0 4 4 6 2 2 2 1 0 2 1 1 4 2 2 2 2 3 9 6 2 3 2 2 2 2 3 3 6 3 2 6 4 3 2 2 2 2 2 2 2 2 2 2 0 2 0 3 1 2 1 1 1 0 0 0 0 2 2 3 0 0 0 0 0 2 2 2 1 0 0 1 2 2 2 
4 8 15 15 1 2 1 0 0 0 2 0 0 0 3 27 3 5 3 2 2 23 17 5 5 2 2 5 5 5 3 5 2 3 2 2 6 1 1 1 2 1 2 2 3 4 2 2 2 2 2 2 8 4 2 2 2 2 2 2 3 3 2 2 2 2 2 2 2 2 2 2 2 2 2 3 2 2 2 2 2 3 3 1 1 0 0 0 0 0 5 5 1 0 0 0 0 0 2 2 2 0 0 1 2 2 2 2 
8 4 2 2 2 2 0 0 0 0 0 0 2 0 14 24 3 3 1 2 5 18 24 6 4 5 6 6 6 6 6 6 0 1 0 2 6 1 1 0 2 2 1 2 3 4 7 4 4 2 3 3 7 9 7 7 7 4 6 3 3 4 2 2 2 2 2 2 2 2 2 2 2 2 1 2 1 2 2 2 1 1 1 1 0 0 0 0 0 0 5 2 0 0 0 0 0 0 2 2 1 0 1 1 2 2 2 2 
17 4 2 1 3 1 0 0 0 1 2 0 1 3 14 24 6 2 2 0 4 9 4 13 4 4 5 5 6 6 6 3 1 0 1 3 6 3 1 1 2 2 2 2 1 1 3 2 1 1 2 1 1 1 3 4 3 6 6 4 2 2 2 2 2 2 2 2 2 2 2 2 2 3 3 2 2 2 2 1 0 0 0 0 0 0 0 0 0 6 3 2 0 1 0 0 0 0 1 2 1 0 0 1 2 2 2 2 
19 9 3 1 1 3 0 0 0 3 2 3 4 2 24 16 10 5 3 6 14 14 7 3 2 0 0 5 6 6 4 0 1 4 2 4 5 5 3 2 1 1 1 1 2 3 3 1 2 1 1 1 1 1 1 5 3 3 5 5 3 2 2 2 2 2 2 2 2 2 2 2 2 2 2 2 2 2 1 0 0 0 0 0 0 0 0 0 4 5 1 0 0 0 0 0 0 0 1 2 1 0 0 1 1 2 2 2 
29 19 3 8 2 1 1 3 5 5 2 3 1 14 16 0 0 0 0 8 17 30 8 8 2 0 1 5 6 6 6 5 5 5 5 2 5 6 6 2 1 1 1 1 2 2 1 2 2 1 1 2 1 1 1 4 4 3 3 1 1 2 2 2 2 2 2 2 2 2 2 2 2 0 1 1 1 1 0 0 0 0 0 0 0 0 0 1 3 1 3 0 0 0 0 0 0 0 1 2 2 1 0 0 1 1 1 2 
4 25 7 4 2 4 2 0 8 1 24 4 6 18 14 0 1 1 0 2 24 20 10 1 0 2 5 6 6 6 6 5 5 0 1 5 6 7 7 1 1 1 1 1 1 2 2 2 3 3 1 1 1 1 0 1 4 5 4 2 1 1 2 2 2 2 2 2 2 2 2 2 2 1 2 2 1 0 0 0 0 0 0 0 0 1 2 3 5 1 1 1 1 0 1 0 0 0 1 2 2 1 1 0 1 1 2 2 
5 4 5 8 3 4 2 0 2 5 24 5 3 24 9 5 5 5 3 14 27 14 6 2 3 5 5 5 5 5 5 5 5 6 2 5 6 7 4 1 0 1 1 1 3 3 3 2 3 3 3 1 1 1 1 1 1 1 2 2 1 1 1 1 2 2 2 2 2 2 2 2 2 1 1 2 0 0 0 0 0 0 0 2 2 14 12 2 1 1 1 1 0 0 0 0 0 0 2 2 2 2 1 1 1 1 1 1 
4 5 3 2 2 0 6 2 4 5 5 5 4 24 16 3 5 5 8 6 27 6 5 4 3 6 6 5 6 6 6 5 2 5 3 5 7 6 6 3 1 1 1 2 1 1 2 1 1 1 3 1 1 1 1 1 1 1 1 1 1 1 2 1 1 2 2 2 2 2 2 2 2 2 2 2 0 0 0 0 0 0 5 3 10 9 5 1 1 1 4 1 1 0 1 1 0 1 1 2 2 2 2 2 1 1 1 1 
4 4 1 1 1 2 5 7 13 6 4 5 7 27 16 3 1 0 2 27 16 5 0 1 5 6 1 6 6 6 6 5 4 2 5 5 7 4 2 1 1 1 2 1 1 1 1 1 1 1 1 1 1 1 1 1 0 1 1 1 1 2 1 1 1 1 2 2 2 2 2 2 2 2 2 2 1 0 0 0 0 1 2 3 12 9 5 4 4 4 0 0 0 1 1 0 0 1 1 1 2 2 2 2 1 1 1 1 
