ncols         56
nrows         54
xllcorner     28.264
yllcorner     -5.7719999999999
cellsize      0.25
NODATA_value  -9999
7.496342e-005 5.220279e-005 0.0004607109 0.0001537732 0.0001802582 0.0001933851 0.0002484303 0.0006042133 0.0006421547 0.0005148827 0.0005105354 0.001248455 0.001201901 0.001952472 0.00201444 0.00190556 0.003588954 0.002263064 0.001325079 0.001317611 0.001660019 0.0111971 0.01668695 0.04447658 0.06009249 0.0567748 0.06362697 0.07274615 0.07773539 0.07033779 0.07937745 0.08379761 0.1016724 0.14359 0.09086261 0.08960935 0.09666865 0.1059365 0.09229934 0.09500902 0.08696541 0.08537848 0.08535855 0.1113999 0.1101756 0.1091065 0.1197843 0.1906812 0.1692688 0.1503809 0.1596821 0.08819105 0.09398389 0.1169534 0.1421324 0.07293913 
7.259211e-005 8.682372e-005 0.0001066433 0.0001999381 0.0004296743 0.0003178628 0.0004639888 0.0004999143 0.0005294271 0.00176788 0.000484169 0.001339951 0.001314434 0.001020895 0.0009826111 0.001310158 0.002099567 0.002172003 0.00162224 0.001481502 0.002692556 0.003848817 0.01476332 0.04321001 0.06005552 0.06345887 0.09052435 0.08200677 0.09523078 0.09321325 0.09321765 0.1065745 0.1151165 0.1158609 0.1038948 0.09913775 0.1234287 0.1443284 0.108952 0.08730219 0.09175459 0.0864592 0.09393723 0.1153433 0.1055822 0.11575 0.1158728 0.1804019 0.1749839 0.1535372 0.1502303 0.09021802 0.0919212 0.07780523 0.09410921 0.06881323 
0.005352286 0.006265689 0.003699465 0.0003767789 0.0002501512 0.0002924636 0.000817951 0.0004711876 0.0004987828 0.0005076997 0.001402721 0.001459194 0.001262939 0.00123911 0.001921649 0.001298638 0.002124178 0.001772608 0.004166214 0.00147482 0.002376141 0.00756943 0.008882944 0.05125684 0.0647814 0.06820971 0.1108967 0.07999025 0.1079339 0.1651093 0.1530985 0.137563 0.1158558 0.1246367 0.117781 0.1190289 0.1132529 0.1517388 0.1097383 0.09993919 0.08963122 0.09563527 0.1059943 0.1285233 0.1132174 0.1094723 0.1241798 0.2039345 0.1901771 0.164899 0.1552493 0.1049193 0.08069317 0.07219511 0.06222939 0.04564675 
0.02292699 0.01969894 0.01627483 0.001576855 0.0008266667 0.0008338843 0.002324253 0.000993778 0.0006451565 0.0004874097 0.006510338 0.001813593 0.01256597 0.001071892 0.001408603 0.004197005 0.004951044 0.01105888 0.008063325 0.007746769 0.01039237 0.008374466 0.02781738 0.06452662 0.08621106 0.1201558 0.1201906 0.133713 0.1304358 0.1742121 0.2477168 0.200895 0.153215 0.1626455 0.1487297 0.1220524 0.114376 0.1558941 0.09909282 0.07786193 0.08034267 0.09172195 0.0991471 0.1287835 0.1071311 0.1113376 0.1084613 0.1892083 0.1669532 0.1348579 0.1233528 0.07288157 0.06731431 0.06235595 0.05956491 0.02990079 
0.01336112 0.01023034 0.007299031 0.001803781 0.001122476 0.001473377 0.001196368 0.002940275 0.0110556 0.008324352 0.01063349 0.003675302 0.005940814 0.001501931 0.003441643 0.005737463 0.01169163 0.007535776 0.00541098 0.009934733 0.01978968 0.00901956 0.01735458 0.07043549 0.06644791 0.09944276 0.09962522 0.1222375 0.1300824 0.1576978 0.2408637 0.2120667 0.175319 0.1564757 0.1426937 0.1340892 0.1355608 0.1051 0.1010405 0.07697477 0.08072851 0.1016889 0.1164335 0.1208129 0.120064 0.1106172 0.1112468 0.175002 0.1454289 0.1150129 0.108369 0.07502601 0.06884198 0.0627525 0.04657518 0.02664504 
0.006422628 0.00402071 0.003120414 0.001567157 0.002280431 0.001304143 0.001269311 0.00726531 0.01520522 0.02264078 0.01560791 0.002100282 0.001641291 0.001187327 0.00814131 0.008342547 0.02451975 0.02076433 0.007137307 0.01324603 0.02440284 0.02085078 0.04383309 0.07384364 0.06282234 0.08202267 0.135809 0.1467551 0.1570072 0.1651821 0.36781 0.3266017 0.2499579 0.1532816 0.1410687 0.1052226 0.0988198 0.09834853 0.09353859 0.08903164 0.08435 0.09442955 0.09817564 0.1264388 0.1162668 0.112723 0.1192703 0.1554833 0.1274474 0.1052347 0.1008891 0.07933191 0.06638489 0.05607464 0.05119382 0.02977343 
0.003138611 0.001960926 0.001848424 0.003658858 0.001916633 0.002198103 0.005676459 0.008649016 0.01355855 0.01281395 0.02809247 0.005959097 0.003793677 0.006677465 0.01002465 0.01361773 0.01979201 0.01273575 0.005250499 0.01864322 0.02650906 0.02757796 0.03461994 0.07197044 0.08009492 0.0851956 0.1673441 0.1535461 0.1650257 0.1784961 0.2368916 0.2100819 0.3087012 0.1650695 0.1421719 0.104307 0.09884453 0.1000006 0.09117296 0.07793618 0.07799796 0.09123244 0.1016365 0.1283206 0.1179102 0.1076438 0.1042788 0.129362 0.1162444 0.1036384 0.0970524 0.09055154 0.06444701 0.06058681 0.05164715 0.03187957 
0.0006318233 0.0009104633 0.001417448 0.006210197 0.009241666 0.004097353 0.006654634 0.01526995 0.01907302 0.01601815 0.01856869 0.02269279 0.008052986 0.004785062 0.003540749 0.006154607 0.007575976 0.005568315 0.007780239 0.01095522 0.02027018 0.02200724 0.03274755 0.06141535 0.07826372 0.0962145 0.1050385 0.1148656 0.1413318 0.1792237 0.151708 0.1855618 0.1676144 0.1655223 0.1577787 0.09144553 0.08494916 0.05749851 0.0699993 0.05352291 0.05977327 0.07680076 0.08623843 0.1028289 0.09403464 0.09625347 0.07281346 0.08280997 0.07935824 0.06944817 0.0656718 0.07776217 0.04615431 0.0355443 0.05338595 0.03137378 
0.00108366 0.002395268 0.01119261 0.008606393 0.01639106 0.007679067 0.006338178 0.0156152 0.02093463 0.03014352 0.02708753 0.0201089 0.001869288 0.003112641 0.002958639 0.007739534 0.008948966 0.008917933 0.01210854 0.01508882 0.02338978 0.01999036 0.02430191 0.04657112 0.04915238 0.09233116 0.09773485 0.09140172 0.1056188 0.1181644 0.1234932 0.3026839 0.1537243 0.1536541 0.1326552 0.1099685 0.103284 0.07426903 0.05786041 0.04853337 0.06249521 0.06303505 0.09050038 0.09380425 0.09916216 0.07934765 0.0689739 0.0811457 0.0732499 0.0741621 0.06998722 0.07341044 0.05556247 0.04450688 0.0423695 0.02777724 
0.004463329 0.009275533 0.02434258 0.01097068 0.01416102 0.007731891 0.009974728 0.01424691 0.02027231 0.03227732 0.05316285 0.04630416 0.002369934 0.003106316 0.002666262 0.009141808 0.01217181 0.01279004 0.008909343 0.01636302 0.01917223 0.02061819 0.04004657 0.05258685 0.0789395 0.1005022 0.08464113 0.09116181 0.1036766 0.1008428 0.1136293 0.1466761 0.1524715 0.3213585 0.1548872 0.1276759 0.14726 0.1307373 0.0859873 0.05784999 0.06024632 0.06814545 0.1030529 0.09882479 0.08377287 0.07085492 0.07677663 0.08302543 0.07458579 0.07173499 0.0659999 0.08485381 0.07464344 0.0582167 0.05046787 0.03573283 
0.007805273 0.008369525 0.0150252 0.013521 0.01395661 0.01122588 0.01026918 0.004176802 0.0259025 0.02722525 0.01931751 0.00494471 0.00310604 0.003872047 0.00335482 0.009599495 0.01250266 0.01253552 0.01151736 0.01851185 0.02390157 0.02796857 0.03389596 0.05257809 0.06544951 0.08616745 0.07117976 0.06765637 0.1001201 0.1237374 0.1237357 0.1360989 0.1400928 0.2474344 0.1741189 0.1040439 0.1349011 0.1276961 0.1266133 0.08710233 0.07734147 0.08147283 0.1220329 0.1081087 0.09676158 0.0765036 0.07847918 0.08802339 0.08225544 0.08165889 0.07398429 0.09113906 0.08107743 0.07007819 0.07117682 0.06931271 
0.0158133 0.0238234 0.03129972 0.03267758 0.02542406 0.02364785 0.02491277 0.01667171 0.02114338 0.02914843 0.02001748 0.02013446 0.02477687 0.02660203 0.02730513 0.02006949 0.01996044 0.02294917 0.02125717 0.02423658 0.0252628 0.02648888 0.03319218 0.03100806 0.03251157 0.03607734 0.04542626 0.07432204 0.1138457 0.1315876 0.1550223 0.1218935 0.128073 0.1377633 0.1249613 0.1281774 0.1331845 0.1274678 0.1675768 0.1110091 0.1094239 0.1070397 0.1410876 0.1136695 0.1026401 0.07894278 0.07442352 0.06930548 0.06567103 0.06264243 0.06243122 0.0946498 0.09619499 0.09433341 0.09416223 0.1112573 
0.01536214 0.01716839 0.03908857 0.03283389 0.03139305 0.03377152 0.03229663 0.02040827 0.01801307 0.02145614 0.02583792 0.0308465 0.03432496 0.0289902 0.03595545 0.0413704 0.03708366 0.03728496 0.03567128 0.028494 0.03130037 0.03612041 0.04310768 0.04237727 0.04029541 0.03483033 0.05686848 0.08903282 0.1208785 0.1251047 0.1235052 0.1115518 0.1148374 0.1090195 0.1100003 0.1212552 0.1242687 0.1479069 0.1422361 0.1241655 0.1350131 0.1188606 0.1306164 0.1147848 0.1011848 0.08112398 0.08142144 0.07474489 0.06979855 0.06432386 0.06549905 0.09988417 0.09671622 0.104052 0.0957834 0.1187478 
0.01887853 0.02096596 0.03528495 0.04852558 0.04834547 0.05117075 0.03957363 0.02431784 0.02042341 0.02095646 0.03635819 0.0421282 0.0441617 0.04885502 0.03976641 0.06669445 0.06257318 0.05290416 0.0597439 0.04256991 0.04688882 0.04568779 0.06081919 0.07887966 0.05322831 0.03389605 0.05661254 0.09316221 0.09474134 0.0986807 0.09210435 0.08428377 0.1103232 0.1676706 0.1414535 0.1291285 0.1166102 0.1448952 0.1748958 0.1421649 0.1504704 0.1408082 0.1337065 0.1058827 0.0899719 0.09013628 0.07928202 0.08172104 0.07561497 0.07741062 0.07402166 0.1110529 0.1041197 0.1045458 0.1000031 0.1335858 
0.04014541 0.04214771 0.04693947 0.07110228 0.0824794 0.06086908 0.05827732 0.02879672 0.0238858 0.03056705 0.03572877 0.04215215 0.05181691 0.04788415 0.03922726 0.06512168 0.07372675 0.08402096 0.05477708 0.06556445 0.06636812 0.06429484 0.07660753 0.08759061 0.06623673 0.04739502 0.04578133 0.05493439 0.08829314 0.1064438 0.07957605 0.05200696 0.08518004 0.1383438 0.1323784 0.1023652 0.1254729 0.1713604 0.2137587 0.1414948 0.1374169 0.1372757 0.1264819 0.1095426 0.1122548 0.1066059 0.08424188 0.08491962 0.0812371 0.07804988 0.08014 0.1199385 0.118108 0.1200882 0.1123451 0.1507535 
0.05178189 0.04773765 0.0532416 0.06023376 0.07324866 0.06577338 0.05216707 0.03356224 0.03709697 0.04747057 0.04408486 0.06138076 0.08899229 0.06079639 0.05078788 0.0657912 0.07601681 0.0782648 0.08347201 0.1053919 0.105839 0.1081983 0.1207472 0.09372238 0.09548546 0.06320336 0.07852466 0.08843113 0.0765972 0.09718608 0.05140793 0.04554076 0.07767753 0.07238086 0.09633191 0.1216677 0.1214031 0.1701781 0.1954466 0.2167193 0.1993062 0.2130279 0.1796908 0.1372817 0.1398496 0.1679671 0.1251035 0.08620986 0.08117682 0.0763176 0.07444993 0.0786756 0.08218363 0.08584896 0.08457799 0.1846356 
0.04991889 0.05711255 0.05437733 0.05617936 0.05721867 0.05078613 0.04287576 0.0411099 0.04186798 0.03884241 0.04831507 0.06888395 0.06404625 0.06173487 0.07534445 0.08558054 0.09880495 0.08866955 0.1052632 0.1750762 0.1289868 0.1272921 0.1298477 0.1066757 0.09210946 0.08009463 0.07184572 0.1285463 0.09379077 0.06826811 0.06143336 0.04860549 0.07545874 0.07015241 0.09803282 0.1330453 0.140513 0.1714016 0.2169382 0.2374841 0.2055669 0.1962146 0.196475 0.1161386 0.1186734 0.1375848 0.1357185 0.09622175 0.08776828 0.08300135 0.07933231 0.1121555 0.1190028 0.08825023 0.09608798 0.1902573 
0.04976358 0.06917238 0.06068881 0.05846997 0.05952263 0.04771963 0.03899147 0.04435517 0.05085427 0.0444341 0.05119229 0.06902466 0.05872457 0.05751005 0.0786486 0.1302864 0.1213918 0.09661469 0.07506146 0.1610235 0.1591208 0.1843332 0.1398778 0.104393 0.1104276 0.1090964 0.1221728 0.1097677 0.10185 0.06016532 0.05095287 0.05404824 0.07965287 0.08809172 0.09388644 0.1145535 0.1543998 0.163515 0.2050071 0.2332126 0.2865326 0.2254017 0.1938389 0.1195067 0.130794 0.1247921 0.1254956 0.1146952 0.1018501 0.09704625 0.09011772 0.08691009 0.100059 0.09149835 0.1050781 0.2065432 
0.03781362 0.04295273 0.04440155 0.05771062 0.06466082 0.04868165 0.03949793 0.04566839 0.04172254 0.04247252 0.05505493 0.08735309 0.08370369 0.08576088 0.08196614 0.08152124 0.1600682 0.1423672 0.1033232 0.149547 0.1850835 0.1765378 0.1732467 0.1157256 0.1160778 0.1173197 0.127869 0.1013391 0.09029631 0.06172416 0.06372932 0.06241572 0.079602 0.09783651 0.1069306 0.1176548 0.1451992 0.220883 0.228028 0.2348877 0.2164495 0.2266966 0.2009732 0.1477201 0.143424 0.1416741 0.2039566 0.1439679 0.139301 0.1202161 0.118119 0.1233691 0.09713965 0.09509902 0.1005295 0.2215525 
0.03896076 0.04833447 0.04138247 0.04581112 0.05121479 0.03587608 0.03105002 0.0400948 0.03930432 0.03881498 0.05302296 0.07556652 0.0729103 0.08631913 0.08756477 0.08598249 0.09338781 0.1009249 0.1156448 0.07585764 0.08559636 0.07231384 0.08300564 0.06961007 0.06250098 0.06416757 0.06755947 0.08168921 0.06966233 0.06336821 0.06805528 0.08102758 0.1025672 0.1201217 0.149887 0.1654062 0.1789059 0.2487474 0.2684542 0.2363978 0.2370587 0.221899 0.2148986 0.1823279 0.1802263 0.1713986 0.1933765 0.1993777 0.1778482 0.1771348 0.1698283 0.1239491 0.1240371 0.1386384 0.09688348 0.1646241 
0.05609844 0.05497177 0.05850246 0.04293448 0.05262973 0.03620476 0.03226344 0.03527641 0.04833405 0.04092583 0.05596434 0.06056211 0.08266533 0.08688062 0.09233422 0.09983547 0.09104237 0.07944323 0.09980382 0.07978255 0.09055892 0.07584818 0.08606377 0.07725894 0.07390037 0.07584967 0.07608362 0.09039991 0.07424991 0.07021915 0.07499609 0.0918837 0.1089161 0.1333948 0.166478 0.1832216 0.1941859 0.2298108 0.2605191 0.2303083 0.2246636 0.2217492 0.2109392 0.1800813 0.1826814 0.1884827 0.187232 0.2429035 0.2100921 0.195853 0.1614263 0.1159713 0.1159897 0.1239406 0.1251414 0.2090929 
0.07442088 0.06533692 0.07670207 0.06218801 0.06749981 0.05483151 0.03211821 0.03759757 0.04260672 0.05072653 0.05060946 0.06316594 0.05503277 0.07109743 0.1047106 0.0944747 0.1049419 0.1165692 0.09617336 0.08165417 0.06931205 0.06658014 0.07915372 0.07325312 0.08574802 0.07985099 0.08545629 0.1053802 0.09034657 0.08321718 0.08661884 0.1048081 0.1320797 0.1539604 0.1965608 0.2247874 0.2350962 0.2533433 0.2544141 0.2534945 0.2490596 0.2569919 0.242024 0.1972262 0.2073187 0.2112766 0.2122702 0.1986878 0.2012506 0.1786882 0.1620413 0.136012 0.1328521 0.1224119 0.1277736 0.2012106 
0.05742572 0.05204799 0.09755886 0.09123283 0.05734722 0.05124175 0.03074917 0.04655234 0.04616171 0.05555981 0.05757832 0.06208477 0.05489505 0.07790461 0.08105741 0.06776964 0.1075231 0.1136786 0.1079954 0.09022701 0.07886845 0.07062165 0.1138868 0.0970517 0.09651789 0.09655277 0.1040907 0.1257071 0.1038905 0.1009471 0.1047538 0.1247114 0.1393813 0.1793294 0.255478 0.2494705 0.2562416 0.276129 0.3041718 0.2825723 0.2777101 0.291016 0.2903947 0.2662705 0.2309518 0.229785 0.2019131 0.2045007 0.1836057 0.1774287 0.1851317 0.178932 0.1681948 0.138063 0.1317294 0.1618752 
0.05212303 0.05634728 0.06181309 0.04778084 0.04688165 0.04456853 0.03539052 0.06102959 0.0614123 0.06607396 0.05913173 0.05152547 0.0553722 0.09322133 0.08754974 0.06775597 0.07695632 0.08269878 0.08686165 0.06884816 0.07935376 0.07204802 0.08161657 0.1024778 0.1103968 0.1208615 0.127185 0.138086 0.1317885 0.1394227 0.1463067 0.1775246 0.1946228 0.2434911 0.3033681 0.3304555 0.3659097 0.3384607 0.3299183 0.3400522 0.3683011 0.361484 0.3458319 0.3051543 0.2778296 0.2694358 0.2584484 0.2774149 0.2343788 0.2151975 0.2332013 0.274235 0.2071993 0.189668 0.157305 0.1619311 
0.05083451 0.05148971 0.04352648 0.0460754 0.04491042 0.03790434 0.03784911 0.06234293 0.05919451 0.06548242 0.0668225 0.06110264 0.06039337 0.07570966 0.07103962 0.07796165 0.07440673 0.07660682 0.09248988 0.07996376 0.08092567 0.08129331 0.08910435 0.1138189 0.12737 0.1462808 0.1456512 0.1630159 0.1639797 0.1575278 0.1691532 0.2020343 0.2365282 0.2744965 0.307724 0.3754422 0.3606708 0.3589734 0.3534161 0.3535547 0.3542916 0.4032013 0.3841817 0.3132391 0.2697549 0.2361438 0.2332383 0.2294366 0.2261654 0.2366186 0.2565341 0.2487836 0.2080236 0.199729 0.1889612 0.1802199 
0.05417981 0.05493927 0.04456677 0.05763044 0.04328731 0.04331844 0.03742586 0.04953185 0.04440049 0.07313596 0.1035409 0.08447745 0.07595601 0.07272381 0.07780621 0.08682335 0.086987 0.09071859 0.09351797 0.09020814 0.08632819 0.0871665 0.1025239 0.128293 0.1438062 0.1520077 0.1596807 0.1791588 0.1794127 0.1679142 0.191687 0.2348471 0.2652572 0.2897382 0.333743 0.3767805 0.3910621 0.3909336 0.3854418 0.4053914 0.4009645 0.4081819 0.4293522 0.3695872 0.2772867 0.2357665 0.2469587 0.211742 0.251408 0.2450415 0.2642303 0.2527559 0.2300184 0.2593867 0.2278118 0.2204788 
0.05444477 0.05704182 0.04650995 0.04988565 0.03333437 0.04343596 0.03665093 0.04683173 0.0452253 0.06135643 0.09626777 0.0922806 0.1001932 0.09227788 0.1004017 0.09010688 0.0938892 0.09896038 0.1138652 0.1036211 0.1067546 0.1034365 0.1178396 0.1479909 0.1660231 0.1690839 0.1786127 0.1892458 0.1902689 0.1902255 0.2050635 0.2439512 0.2710906 0.3023535 0.3557228 0.3849276 0.4340613 0.4342652 0.4267096 0.4545008 0.4655026 0.4600387 0.4701069 0.4548403 0.3153598 0.2786901 0.2683506 0.2690331 0.261796 0.2691559 0.2939624 0.3129556 0.2851692 0.2567758 0.2634611 0.214093 
0.08470742 0.0838291 0.06350579 0.03735626 0.03477719 0.02952198 0.04669296 0.07281024 0.04812636 0.05558241 0.07601625 0.08896324 0.109081 0.1090434 0.1187246 0.09687506 0.09159347 0.1005815 0.1140786 0.1313756 0.1263817 0.1347559 0.1486969 0.1848088 0.2090546 0.2199635 0.2283187 0.2289769 0.2377747 0.2496917 0.2561687 0.2664456 0.2898966 0.3185943 0.3814096 0.4827621 0.5305551 0.5590445 0.5430158 0.5799095 0.5503579 0.5376833 0.5026284 0.4207444 0.3514605 0.3116089 0.3576093 0.2965419 0.2852007 0.2835984 0.2805884 0.2650103 0.2899976 0.2435706 0.2145099 0.2869163 
0.09055609 0.08014415 0.05603534 0.03148973 0.02806325 0.02920441 0.04229653 0.06414171 0.08636283 0.07185135 0.1148817 0.111769 0.1227465 0.1172779 0.1229086 0.1020174 0.1048708 0.1124803 0.1166531 0.1376193 0.155718 0.1675179 0.1764548 0.2122221 0.2283659 0.2405622 0.2494591 0.2564017 0.2533587 0.2622239 0.2698148 0.2736242 0.2886716 0.3301457 0.3977464 0.5302976 0.5822759 0.5863161 0.5741729 0.5371719 0.5489445 0.5091383 0.4936703 0.3799869 0.3427723 0.3132561 0.3513004 0.3408664 0.3140939 0.282917 0.2714927 0.2209535 0.2434263 0.2159882 0.2361676 0.2781642 
0.08204763 0.07036962 0.06545661 0.04887248 0.03677602 0.04661653 0.04174944 0.04902052 0.05817021 0.07159922 0.09971365 0.1161954 0.1188972 0.1343611 0.1457152 0.1326442 0.1322959 0.1297002 0.1408853 0.1579988 0.1628447 0.1650172 0.1839135 0.2288068 0.2593562 0.2645058 0.2796699 0.2716605 0.2706008 0.2639539 0.2758365 0.2894833 0.2872103 0.3299946 0.3934951 0.5403864 0.5943573 0.6002101 0.5956661 0.5456589 0.5136462 0.4907998 0.4562712 0.388778 0.3359846 0.3392147 0.3647424 0.3532204 0.3349586 0.3118715 0.3035689 0.2331296 0.2410197 0.2344752 0.3022676 0.2775155 
0.07090583 0.05801012 0.05948953 0.06188631 0.051253 0.05900835 0.04849941 0.04465992 0.05859374 0.06683853 0.08553701 0.1201792 0.1447428 0.1579551 0.1763664 0.1572239 0.1709217 0.1698296 0.1728434 0.193514 0.2028686 0.1903175 0.1929009 0.2537505 0.2808855 0.3014838 0.2817535 0.2800068 0.2764959 0.2651516 0.2708776 0.2900673 0.3021447 0.3368356 0.3799079 0.5172552 0.5669425 0.6118165 0.6124355 0.542107 0.5262229 0.5006565 0.468134 0.3651154 0.359147 0.4424731 0.4497081 0.4185455 0.3628918 0.3402709 0.3497016 0.2766053 0.2643119 0.2410616 0.2775745 0.2884326 
0.09811681 0.08839386 0.07703333 0.09958086 0.08886223 0.08437528 0.07607018 0.08054788 0.09454168 0.1002432 0.120724 0.1579769 0.1787859 0.204752 0.2671985 0.2421906 0.2674226 0.2419407 0.2392101 0.2330178 0.251601 0.2363333 0.2445332 0.2815475 0.2939469 0.3065487 0.3145863 0.2925223 0.2936214 0.2929707 0.2946546 0.2830834 0.2944655 0.3116379 0.3408846 0.4072499 0.4413927 0.479037 0.489343 0.5205917 0.4754382 0.4531084 0.4515419 0.3729762 0.3555058 0.3606484 0.4058738 0.4931477 0.472953 0.4616463 0.4979604 0.4568686 0.3772546 0.3122688 0.3358045 0.2933003 
0.09764011 0.09223271 0.07951549 0.1002288 0.08942207 0.09140622 0.08632638 0.09389955 0.1035065 0.1161102 0.1303678 0.1745984 0.1833849 0.2303905 0.2590246 0.2553374 0.2636097 0.2537335 0.2348428 0.2343572 0.2357277 0.25551 0.2579829 0.2907381 0.3136299 0.3253894 0.3169688 0.3038712 0.30229 0.2959822 0.2959452 0.2788893 0.2883965 0.2957969 0.3225576 0.3860951 0.4126835 0.4452164 0.4514195 0.4793827 0.4563904 0.4393479 0.4427581 0.3687033 0.3271162 0.3454469 0.4198098 0.4674805 0.4516495 0.4387527 0.5072645 0.4893008 0.425581 0.363299 0.3712276 0.2792645 
0.09953345 0.08834019 0.083446 0.1014358 0.09897786 0.09843861 0.1040165 0.1020262 0.1176456 0.1283925 0.1447352 0.1863441 0.2062729 0.2373623 0.2688817 0.2712318 0.274847 0.2887853 0.262235 0.2292869 0.2201082 0.2413267 0.24579 0.2772471 0.3132568 0.318991 0.3323364 0.3131329 0.30673 0.3124088 0.3052699 0.2929372 0.2824442 0.2861064 0.3122645 0.3741825 0.3890786 0.4166176 0.4368061 0.4941059 0.4655944 0.4421856 0.4406499 0.3337062 0.3106968 0.3322734 0.3709816 0.354793 0.4057014 0.4208208 0.5032867 0.5504946 0.4567374 0.4062509 0.4080707 0.3278175 
0.1139579 0.09169114 0.08936635 0.1216247 0.1183549 0.1325981 0.1195891 0.1265029 0.1317793 0.1508967 0.1686378 0.2106735 0.2277746 0.2532789 0.2955545 0.2849618 0.2749755 0.3019571 0.2313275 0.2085182 0.201414 0.2198321 0.2176431 0.254624 0.3054388 0.3059926 0.3178089 0.319159 0.3134902 0.3293305 0.3376561 0.3124157 0.3045094 0.3047192 0.3336771 0.3889003 0.3967378 0.4258941 0.451269 0.4999775 0.5026296 0.4618638 0.4551138 0.3445689 0.2977041 0.3136809 0.3294146 0.3395039 0.4146555 0.4293748 0.5306563 0.5998785 0.5520039 0.5342582 0.5186311 0.4027286 
0.1694703 0.1393835 0.1040174 0.1203018 0.1192531 0.1173894 0.1261275 0.1353669 0.130916 0.14473 0.1667206 0.2312621 0.2681125 0.2736924 0.3208327 0.4037433 0.3770699 0.346795 0.2406221 0.1860034 0.1691803 0.1603002 0.1716809 0.2463094 0.3349729 0.2907564 0.2936835 0.3110838 0.3282789 0.3232074 0.3366248 0.3309294 0.3453315 0.3629492 0.3887256 0.3947193 0.4114236 0.4229793 0.4378498 0.4554271 0.4273506 0.4122161 0.4028692 0.3066475 0.2670391 0.2745057 0.2858575 0.339065 0.3744473 0.4079733 0.4750249 0.5433328 0.4743477 0.4970409 0.5709467 0.4480129 
0.1456709 0.134555 0.1197639 0.1307232 0.1247561 0.1222788 0.129809 0.1407499 0.1383028 0.1457402 0.1725467 0.2131815 0.2459012 0.2491415 0.2763483 0.3427674 0.3238771 0.301871 0.2489298 0.1701982 0.1365101 0.1346166 0.1536754 0.2112698 0.2895329 0.2634791 0.3387766 0.3002618 0.3127617 0.319034 0.3293853 0.3359604 0.3509732 0.3760918 0.3935865 0.4148439 0.4463257 0.4328049 0.4330584 0.4574368 0.455935 0.4293764 0.3983532 0.3044306 0.2784051 0.2645092 0.3209577 0.3681329 0.3647782 0.3739906 0.4184732 0.5187736 0.4459526 0.5106692 0.4261265 0.4967681 
0.1371792 0.1373751 0.1141035 0.1338962 0.1205152 0.1289997 0.1424414 0.1481898 0.1461985 0.1624843 0.1773828 0.2103422 0.218436 0.224874 0.2454095 0.2900952 0.2897165 0.2814878 0.2493745 0.1650429 0.1233535 0.1322018 0.1521468 0.2266877 0.2290234 0.2509003 0.2760309 0.2915801 0.3040272 0.3197278 0.3342183 0.3573932 0.3581448 0.3669442 0.3904216 0.4102472 0.4328242 0.4407379 0.4402983 0.4668617 0.4467859 0.4104287 0.405333 0.3499655 0.2929381 0.2699983 0.2916107 0.3527168 0.3428832 0.3352741 0.3762008 0.5021377 0.4243414 0.375202 0.3732964 0.4133467 
0.1298571 0.1265377 0.109732 0.1411529 0.1371934 0.1526238 0.1311117 0.1636871 0.161473 0.1662706 0.1702452 0.220612 0.2173542 0.2252936 0.2586412 0.288239 0.2739976 0.2527721 0.2235652 0.1665442 0.1385675 0.1311901 0.1908543 0.2346278 0.2246698 0.2728996 0.2388096 0.2695439 0.2863899 0.3155393 0.344653 0.3386313 0.3421509 0.3575855 0.3794746 0.4165113 0.4160092 0.4307586 0.4544055 0.4632031 0.4339982 0.3934243 0.3784789 0.3408607 0.2899356 0.2784521 0.2771879 0.3506819 0.3469135 0.339244 0.3707781 0.442058 0.3098953 0.3337702 0.2974313 0.3236693 
0.1505396 0.1244394 0.1024746 0.1350013 0.1563802 0.1568457 0.1401065 0.1398654 0.1472585 0.1490768 0.1611188 0.1814962 0.1784175 0.1576152 0.1741912 0.2038465 0.1852617 0.1735606 0.1824868 0.2124421 0.1857112 0.194201 0.3018323 0.2294389 0.2241074 0.2348333 0.2456403 0.249658 0.2750162 0.2961634 0.3167195 0.2851915 0.304612 0.3239949 0.3620203 0.4215741 0.4407469 0.4563835 0.4809938 0.4891663 0.4360323 0.4015337 0.4030443 0.3245633 0.3051553 0.2830881 0.2901025 0.3005149 0.260626 0.2342905 0.2436851 0.2663428 0.2509558 0.2610725 0.363153 0.4052823 
0.1780911 0.135426 0.1271446 0.1449856 0.1577523 0.1642094 0.1470644 0.1517008 0.1540568 0.1635946 0.1657401 0.1658184 0.175585 0.1900858 0.1597524 0.1721414 0.1706671 0.1712514 0.1840788 0.2324631 0.1765952 0.2492053 0.2748921 0.2220106 0.2043116 0.2133075 0.2139817 0.2478577 0.2677004 0.2775619 0.2956192 0.2788705 0.2852714 0.3068985 0.3481859 0.4370315 0.440859 0.4601792 0.485292 0.4780927 0.4478104 0.4112978 0.4070896 0.3178484 0.3038003 0.2536865 0.2506868 0.245712 0.2427719 0.1890229 0.201731 0.2241024 0.2206282 0.2469372 0.3241407 0.4591533 
0.200626 0.1443997 0.152293 0.175584 0.1666089 0.1575845 0.1504131 0.1683334 0.1726833 0.1909646 0.197121 0.1716344 0.1793278 0.1962446 0.1800039 0.1921559 0.2028986 0.2376588 0.2142146 0.2096302 0.2123074 0.253316 0.2646213 0.2185454 0.1996039 0.2116656 0.2278894 0.251213 0.2565013 0.2654295 0.2750494 0.2590691 0.2656009 0.2853035 0.3308201 0.4131877 0.4283337 0.4472618 0.4809746 0.4693065 0.4343596 0.4288764 0.4201124 0.3131079 0.2819921 0.2415689 0.2173882 0.1951446 0.2045078 0.1846016 0.1824565 0.1886072 0.2351352 0.2378017 0.2836532 0.5266129 
0.1941712 0.1521035 0.1612097 0.1889883 0.1733018 0.1619226 0.1603869 0.1775648 0.192726 0.2055096 0.2119684 0.1936571 0.1945774 0.207495 0.237826 0.231474 0.2160496 0.2077999 0.2428943 0.2688779 0.2305166 0.2465207 0.2418902 0.2497899 0.2206487 0.2341648 0.2349356 0.2472996 0.2393171 0.2514492 0.250185 0.2385084 0.2448577 0.2637072 0.3074357 0.3617126 0.4175996 0.4192916 0.4364831 0.4583427 0.4431896 0.4185406 0.4015762 0.3176658 0.263352 0.2211958 0.2037638 0.1745495 0.1627076 0.1853658 0.2222469 0.2211292 0.2273641 0.234809 0.3013194 0.6252016 
0.1918054 0.1567258 0.1648958 0.1286584 0.1350667 0.1545097 0.1360222 0.1423958 0.1692335 0.1756393 0.2030693 0.1989593 0.187751 0.2226614 0.2750601 0.3296669 0.2465262 0.2392964 0.2346109 0.3022121 0.2542788 0.2647131 0.2221841 0.2075081 0.2532177 0.2508767 0.2199135 0.2642896 0.2487489 0.2516298 0.28346 0.2356986 0.2423798 0.2564681 0.2968588 0.3257026 0.4006955 0.3932407 0.4105277 0.4463938 0.4636542 0.4590238 0.4205258 0.3140171 0.2769742 0.2610267 0.2332608 0.2109245 0.1672976 0.1831818 0.2134337 0.2637097 0.2472177 0.2681048 0.3663709 0.4419355 
0.2010438 0.1627886 0.1369685 0.1264348 0.1370291 0.1422313 0.140606 0.1617847 0.1668072 0.1833019 0.2098005 0.1993958 0.1839323 0.2244344 0.2263195 0.2896173 0.2332624 0.2449469 0.2568043 0.2866887 0.2588129 0.2520003 0.2323209 0.1890392 0.240706 0.2563472 0.2234897 0.2071493 0.2085879 0.2202066 0.2770611 0.2475489 0.2240214 0.2543679 0.2874008 0.2870738 0.3168444 0.3529093 0.3800206 0.4262804 0.4622605 0.4540731 0.3752864 0.302869 0.2767411 0.2627844 0.2390789 0.192816 0.1916219 0.2210576 0.2184077 0.2773387 0.2505645 0.3204436 0.3409274 0.3309678 
0.1941886 0.1720341 0.1692772 0.1561686 0.171006 0.1536635 0.1391688 0.1892436 0.2094299 0.2179647 0.2123493 0.2054513 0.2008422 0.223381 0.2333878 0.3003042 0.2812032 0.2412946 0.2587241 0.279385 0.2476718 0.2450945 0.2167377 0.2011752 0.1993362 0.2277673 0.1878051 0.2055276 0.2252423 0.2818854 0.2613209 0.2296366 0.2526713 0.2470515 0.2841969 0.2946766 0.3018972 0.3395462 0.3547674 0.4040968 0.4364285 0.4046359 0.3655508 0.3141393 0.2902431 0.2626318 0.2564798 0.1770799 0.1847848 0.2253685 0.2295005 0.3617742 0.3018145 0.3525 0.3057661 0.2907257 
0.2162103 0.1778272 0.1691823 0.1685129 0.1222005 0.1782119 0.2120187 0.2449793 0.2586919 0.2749673 0.258765 0.2419697 0.2860318 0.2817172 0.2800835 0.3172197 0.336228 0.288814 0.2803536 0.2826684 0.2645772 0.2263489 0.2128383 0.210519 0.2132648 0.2329704 0.202785 0.2388677 0.3221532 0.2876644 0.2095747 0.2079542 0.2374628 0.2738964 0.2737004 0.2689787 0.2827516 0.3171337 0.3257248 0.3833491 0.3720991 0.3777182 0.3647415 0.3250925 0.2815066 0.2752673 0.2637243 0.2132136 0.2473126 0.2384319 0.2404207 0.3618549 0.3235081 0.3509274 0.3083871 0.3054436 
0.2528816 0.1857934 0.1601699 0.1809705 0.1368489 0.1664897 0.213224 0.2464808 0.2721954 0.2703001 0.263251 0.2886583 0.284599 0.2875524 0.2972703 0.3367299 0.3378449 0.2993016 0.2594953 0.256974 0.2371662 0.2245215 0.2321007 0.1878515 0.205373 0.206319 0.2035359 0.2317888 0.2736497 0.2783412 0.2260854 0.1985242 0.1990983 0.2204248 0.2226654 0.2543454 0.2783411 0.3067335 0.3218917 0.3542922 0.3459991 0.3370295 0.3565435 0.3543916 0.3157338 0.3150843 0.2986712 0.2327823 0.2588306 0.2454839 0.2694758 0.3190323 0.3191129 0.3012096 0.2718952 0.3233065 
0.204255 0.1863672 0.1400832 0.1778695 0.1969237 0.1623065 0.258363 0.2532255 0.2548059 0.2371306 0.3146487 0.2882082 0.252649 0.2669569 0.2938096 0.3034385 0.2716205 0.2627651 0.2458018 0.2356685 0.2343149 0.2296991 0.2352255 0.2074987 0.1909555 0.1829408 0.1728556 0.2456704 0.2895434 0.2459206 0.2128953 0.2175702 0.1890952 0.2045379 0.2253948 0.2520589 0.2695335 0.2793651 0.3005243 0.3162052 0.3378355 0.3311418 0.3156286 0.3164729 0.3031321 0.2947014 0.2762132 0.2129839 0.206129 0.2008064 0.1824597 0.2159677 0.2480242 0.2288307 0.2545564 0.2589516 
0.181178 0.1619204 0.1582805 0.2189584 0.1831369 0.1709053 0.3410787 0.2801782 0.2237695 0.1940659 0.205102 0.2450395 0.2652519 0.3131852 0.3408161 0.3110404 0.2750646 0.269572 0.2584321 0.2673992 0.2481793 0.2466933 0.2444692 0.2329627 0.2141398 0.2132746 0.2166176 0.304184 0.2484221 0.2582013 0.2342667 0.2138198 0.1930929 0.206291 0.2066921 0.2519746 0.2515913 0.2854733 0.2714275 0.2919447 0.3146073 0.3300089 0.306642 0.3266576 0.2951249 0.281533 0.2489213 0.17625 0.1752419 0.1595162 0.1706855 0.2431049 0.2899193 0.2546371 0.2615725 0.3035484 
0.178797 0.1614017 0.157473 0.2224176 0.2248448 0.2248699 0.2360357 0.2588764 0.2768798 0.2208434 0.1914651 0.2467019 0.2314789 0.2928116 0.3528151 0.3130511 0.2923503 0.276611 0.2709128 0.2862069 0.2590775 0.2430784 0.2345081 0.2605976 0.2794436 0.2810455 0.2573892 0.330466 0.3002318 0.2305357 0.2292676 0.2019179 0.2196894 0.227053 0.2245602 0.264734 0.2721184 0.2901856 0.2918102 0.2855068 0.2898275 0.2961131 0.2852446 0.3184029 0.2924327 0.2743629 0.2469739 0.1789113 0.159879 0.1568548 0.1570564 0.2816532 0.3366129 0.3007258 0.3221774 0.3435081 
0.1652371 0.1647776 0.1795801 0.2135378 0.2097589 0.2297323 0.2329286 0.1746529 0.2074334 0.2196699 0.1992042 0.2957624 0.2743387 0.2784018 0.3150855 0.3272704 0.2914493 0.285948 0.3176236 0.3089736 0.3110821 0.2540256 0.2504733 0.3017738 0.3716843 0.3463666 0.321091 0.2811237 0.281815 0.2494986 0.2354459 0.1994774 0.199732 0.2049015 0.2215488 0.2994677 0.3688062 0.3451035 0.2866634 0.2859346 0.2776102 0.3005913 0.3087054 0.2905878 0.2537091 0.2469674 0.2705972 0.1398387 0.1609677 0.1516935 0.1900806 0.2589113 0.3058064 0.3150807 0.3331452 0.3373789 
0.1609639 0.174643 0.1984434 0.2415324 0.2164366 0.2187398 0.2440054 0.2736187 0.2235493 0.2146553 0.206199 0.3045779 0.2873334 0.2866964 0.2713612 0.2978025 0.2836938 0.2853737 0.2991661 0.3269357 0.2945088 0.3081186 0.2588199 0.3398317 0.38224 0.3399556 0.3019516 0.2947076 0.2945058 0.2671862 0.2357884 0.2230651 0.2162567 0.2259517 0.240441 0.2826155 0.2841737 0.3182329 0.3574946 0.2763715 0.2216685 0.2238026 0.2880859 0.2678406 0.2432376 0.2319034 0.2712355 0.1960887 0.1653226 0.1405645 0.1354436 0.1868548 0.3012096 0.2925 0.3197984 0.3494758 
0.1619021 0.1834639 0.200648 0.2916698 0.2119693 0.2203545 0.2368903 0.2472408 0.2454598 0.2261662 0.2399517 0.3421122 0.3393168 0.3164679 0.2779817 0.2476336 0.2388788 0.2398336 0.2714052 0.2618188 0.2934102 0.3360999 0.2774548 0.3309417 0.3556031 0.3221234 0.299768 0.2754745 0.2807021 0.2758511 0.2703262 0.2619936 0.2295037 0.2530219 0.2492304 0.3022702 0.2736733 0.2903937 0.3317263 0.2943174 0.2034095 0.2000278 0.2310655 0.2473012 0.2245273 0.2124405 0.2155657 0.2150806 0.2283468 0.221371 0.1831451 0.2142339 0.2824596 0.320887 0.3302419 0.3470161 
