ncols         56
nrows         54
xllcorner     28.264
yllcorner     -5.7719999999999
cellsize      0.25
NODATA_value  -9999
0.02752015 0.0286929 0.02911365 0.0239751 0.02513325 0.02755648 0.02949472 0.03776455 0.0169935 0.007125457 0.003515084 0.002983117 0.009733311 0.008349072 0.01637083 0.01648133 0.01003778 0.003708633 0.0206659 0.01627144 0.01771544 0.01649716 0.02314557 0.02911391 0.04531927 0.06390373 0.05935141 0.04819011 0.0783582 0.1064282 0.1670438 0.1671648 0.1782277 0.1544406 0.1696402 0.1847505 0.1856869 0.1730876 0.1431784 0.1561478 0.1860075 0.1966545 0.1643194 0.180308 0.1560055 0.153153 0.1580101 0.197887 0.2034578 0.230945 0.183599 0.2273855 0.3173856 0.226087 0.1805011 0.213232 
0.03614951 0.03485025 0.03057141 0.02323809 0.03449883 0.02616392 0.04419361 0.07592787 0.0242824 0.007441629 0.005163576 0.004723071 0.02048404 0.01075773 0.0086929 0.01329008 0.00802779 0.005115429 0.0167862 0.02659974 0.023741 0.0182522 0.02205903 0.04016876 0.04776048 0.06118856 0.1036875 0.09656575 0.1509147 0.1613496 0.2521246 0.1948429 0.162434 0.1883893 0.1863724 0.2058478 0.2057111 0.233619 0.1959081 0.1590688 0.1728007 0.1941968 0.1999145 0.1557532 0.1258825 0.1721493 0.1723379 0.1896118 0.2364979 0.2317846 0.2096288 0.2422217 0.2527888 0.2010896 0.2177598 0.2334481 
0.05253144 0.04380045 0.03067822 0.01984401 0.02755633 0.01867229 0.03152901 0.02253889 0.0294819 0.005449573 0.005258919 0.006722159 0.01174014 0.007071486 0.01671979 0.02171611 0.02448101 0.03598993 0.02097458 0.01705254 0.02927258 0.03016832 0.03705609 0.05266112 0.062452 0.1101363 0.1311591 0.1881445 0.2022621 0.2095804 0.2255638 0.1722278 0.175925 0.2615352 0.291503 0.2447115 0.235329 0.3151005 0.282591 0.2139421 0.2406444 0.271391 0.2744064 0.1721417 0.1695715 0.1680782 0.1607536 0.1876885 0.2451736 0.2449507 0.2422088 0.3745734 0.2105532 0.1150526 0.1964453 0.1818538 
0.03295723 0.0363185 0.02443349 0.0280821 0.02322129 0.02163502 0.02065255 0.0157695 0.01160036 0.008236445 0.009603787 0.01524835 0.0260574 0.04494422 0.02577337 0.02392853 0.03404695 0.05437388 0.04345983 0.03177107 0.04184829 0.07092014 0.06271372 0.1058332 0.1181228 0.1494169 0.1829291 0.2539817 0.2829578 0.2868731 0.2081145 0.2564793 0.3015154 0.3499144 0.388492 0.2705165 0.2783153 0.3017163 0.2550567 0.2046314 0.2118649 0.2446525 0.2497016 0.2401832 0.2420157 0.2109175 0.1803177 0.2319917 0.2758483 0.2475768 0.2666396 0.3065845 0.2938935 0.1683854 0.258117 0.2379255 
0.03717399 0.04382496 0.01838419 0.03701179 0.03406169 0.03059331 0.02102105 0.01397492 0.01524184 0.02473084 0.0241679 0.01765216 0.0232517 0.03105858 0.0276206 0.02459821 0.04395954 0.05585822 0.04911301 0.04382848 0.05523815 0.05151805 0.07930635 0.1090983 0.1483613 0.1680182 0.1854618 0.2971441 0.2671649 0.2365394 0.2345847 0.2594821 0.3439675 0.3526524 0.3166018 0.2532772 0.2918706 0.2492682 0.1911681 0.1956961 0.2361113 0.2422134 0.2711872 0.2723981 0.2978627 0.2803375 0.3234384 0.3694361 0.2932192 0.2375335 0.2135519 0.2120184 0.2014264 0.1496968 0.2300348 0.3345796 
0.04645139 0.03849651 0.02814592 0.03324987 0.03492375 0.033002 0.01700708 0.01577347 0.01070372 0.01402965 0.0208385 0.01682122 0.02545707 0.03134289 0.02153201 0.04099244 0.0453739 0.0750674 0.06167533 0.03868992 0.03355786 0.03438264 0.05486504 0.07733697 0.1323951 0.1618036 0.2168075 0.2809038 0.3083392 0.2981738 0.2899148 0.2760548 0.3475009 0.2877321 0.2333376 0.2175022 0.2808432 0.2231485 0.1809705 0.23274 0.2935062 0.2383544 0.2492934 0.3147077 0.3452596 0.3037721 0.3522779 0.4055605 0.3051659 0.3610405 0.2211288 0.2032636 0.1751906 0.1814742 0.2036828 0.3868829 
0.05257632 0.05170722 0.04719612 0.0388028 0.03427932 0.03539504 0.02347796 0.02150894 0.01835099 0.0251265 0.01989287 0.01924114 0.02089177 0.02952473 0.02890462 0.05470477 0.05528956 0.05373386 0.06757756 0.03672731 0.0337735 0.04269669 0.05521328 0.08446809 0.140044 0.2252603 0.2807506 0.342543 0.3707441 0.3851491 0.3265703 0.3132005 0.3371582 0.2868204 0.2055726 0.2084919 0.2432095 0.1621109 0.1758044 0.2527772 0.2748233 0.2519675 0.2701383 0.3104462 0.3182685 0.3044538 0.3487979 0.3239405 0.290992 0.2570702 0.2142102 0.2122123 0.2655171 0.3176446 0.307486 0.4098238 
0.06571128 0.06585795 0.06325115 0.04187788 0.03835857 0.04273904 0.03475211 0.0237045 0.02536382 0.032749 0.0232452 0.02784568 0.02535746 0.03449916 0.03878386 0.06300193 0.06142879 0.06204899 0.06419334 0.03906194 0.03574733 0.04960118 0.06943258 0.06570448 0.1349165 0.2000034 0.2288454 0.3330989 0.4074773 0.3905315 0.3069657 0.2662067 0.3211651 0.3780959 0.2610835 0.2987941 0.2645054 0.1995452 0.2023931 0.3291561 0.2651166 0.2414991 0.3291683 0.3334334 0.3314953 0.3392213 0.3454572 0.3310655 0.2631303 0.2393501 0.2118676 0.2253498 0.2756034 0.3225485 0.4944834 0.5818259 
0.08203419 0.08952968 0.09411347 0.07907908 0.06856511 0.06116648 0.05037223 0.03661006 0.03442562 0.03466058 0.02360467 0.03270805 0.02640139 0.04502378 0.04991102 0.06675012 0.05372082 0.05425024 0.06398027 0.05619882 0.05805651 0.0692431 0.08531903 0.08160289 0.1113658 0.1681098 0.2377262 0.331454 0.2937178 0.3418974 0.3138588 0.3160629 0.2511459 0.3109041 0.3020555 0.3394083 0.3025312 0.240416 0.2951656 0.3243772 0.2659017 0.2402418 0.3020851 0.4261019 0.3848971 0.3469395 0.3726437 0.3609804 0.2942258 0.2566915 0.2760501 0.3821408 0.387566 0.4303145 0.4524661 0.6974663 
0.1166522 0.1058482 0.1055602 0.1281571 0.1114102 0.1030573 0.06702493 0.04205338 0.04357468 0.04336885 0.03149021 0.03794733 0.0347641 0.04297117 0.05284329 0.05740726 0.07917123 0.07304685 0.06598717 0.04510112 0.06122647 0.07898071 0.09851744 0.121874 0.122937 0.1396915 0.2164474 0.245807 0.2381122 0.2629081 0.2789988 0.2595375 0.2603521 0.246469 0.2999699 0.3201027 0.2897575 0.2709558 0.3491099 0.2823742 0.2797084 0.2360369 0.2576337 0.3599488 0.3731156 0.3333053 0.3365495 0.2903051 0.2447558 0.2705164 0.3036275 0.3711376 0.4926756 0.5522473 0.6024617 0.7085146 
0.10877 0.1108862 0.09764551 0.1213364 0.1242074 0.1145027 0.09796044 0.08535572 0.05999653 0.03554686 0.02993153 0.04575277 0.03842167 0.06377383 0.06397338 0.08775217 0.09347545 0.09408483 0.07406476 0.05105792 0.06500878 0.04854852 0.04134218 0.08555423 0.0973069 0.1210505 0.1652376 0.1023484 0.1222545 0.1356903 0.1614758 0.1670025 0.2697832 0.1965293 0.2692362 0.3284413 0.2267788 0.2577738 0.2873177 0.2606382 0.2866741 0.2534533 0.2520467 0.3089132 0.310778 0.3370384 0.325617 0.2944183 0.2765222 0.2790942 0.2745941 0.3659607 0.4681643 0.5827864 0.6153721 0.6792666 
0.1239994 0.1320206 0.1029983 0.110363 0.1429648 0.1603747 0.1125651 0.09173565 0.07108808 0.05898992 0.05165774 0.04771426 0.04053755 0.07393407 0.07570082 0.06768306 0.07258637 0.07697193 0.06727546 0.09445975 0.09353264 0.07315138 0.04526753 0.04357272 0.08168519 0.114297 0.1018688 0.07311088 0.0775374 0.1172423 0.1267206 0.1089018 0.153936 0.1797782 0.2081202 0.343244 0.3271268 0.3216137 0.332947 0.2545658 0.2224718 0.2392123 0.2345153 0.2847784 0.2738068 0.348881 0.3690445 0.3552564 0.2750425 0.291894 0.2975201 0.3292318 0.347529 0.3332071 0.3425269 0.4784208 
0.08619813 0.1338378 0.1089988 0.1024497 0.1339179 0.1116107 0.1079381 0.08038187 0.07615846 0.07913093 0.07886998 0.06985489 0.06258664 0.06969227 0.1216615 0.06505497 0.08239536 0.09011793 0.08316404 0.1102786 0.08282344 0.055865 0.05693781 0.06214568 0.08187874 0.1042272 0.07554116 0.04179282 0.064334 0.08103628 0.0809468 0.07338946 0.102869 0.1248623 0.1613932 0.2395647 0.2216917 0.3531907 0.3015292 0.2167929 0.1641872 0.2188748 0.2573207 0.3105033 0.2738614 0.3246134 0.3837235 0.3857323 0.316123 0.3214738 0.2818263 0.2488213 0.3178285 0.3114516 0.2523193 0.2378059 
0.120082 0.12624 0.1075177 0.08618311 0.09146208 0.08836525 0.09206309 0.07914564 0.07727148 0.09897045 0.09347632 0.09037955 0.08788556 0.07643305 0.09880048 0.08599368 0.09256642 0.1046714 0.06521656 0.1034541 0.1156751 0.1041799 0.09470367 0.09812254 0.1056369 0.08663148 0.05135413 0.02976093 0.04826419 0.09529741 0.09499445 0.1273753 0.1196424 0.09902772 0.122422 0.1722667 0.1998075 0.2199161 0.220615 0.2215524 0.2044195 0.2107896 0.2236923 0.2621931 0.2256558 0.2993103 0.3020124 0.2857956 0.2716856 0.2984733 0.2762874 0.265529 0.2158635 0.2477436 0.1972696 0.193974 
0.1208927 0.1296972 0.1164649 0.1143068 0.09167722 0.09395527 0.09960706 0.1059252 0.09413358 0.09540639 0.1173895 0.09883284 0.1176287 0.1188968 0.1034002 0.1321089 0.1396913 0.137589 0.1153061 0.1243765 0.1061467 0.08577214 0.09657377 0.1184524 0.1248049 0.1090832 0.04040153 0.03170336 0.05041128 0.1025741 0.1190669 0.1417272 0.1462803 0.1861148 0.1602965 0.1723348 0.1259049 0.134147 0.1636608 0.1859557 0.1955196 0.2134675 0.1900906 0.2299595 0.2087215 0.2820886 0.2915423 0.2698335 0.2316991 0.2589298 0.2693555 0.1946893 0.2437708 0.1907517 0.2219703 0.2037215 
0.1366692 0.1144353 0.1812479 0.1650716 0.1055046 0.1002057 0.1501568 0.1354305 0.09880709 0.09188835 0.1223839 0.1373062 0.1312787 0.1996251 0.2003446 0.2015907 0.1980685 0.2010451 0.1293365 0.1401714 0.08422174 0.09809095 0.07210454 0.1404834 0.1832624 0.1185531 0.0596838 0.04749346 0.06729759 0.1055469 0.1135333 0.1280068 0.1650182 0.1581549 0.1879042 0.1806332 0.1528281 0.1785918 0.1997647 0.2307128 0.1956697 0.1935957 0.1673814 0.2177873 0.2569799 0.3808607 0.3256916 0.2862282 0.2488784 0.2781577 0.2770265 0.1582545 0.2392042 0.2374686 0.277111 0.2329381 
0.1667773 0.1481676 0.1580545 0.168874 0.1264061 0.1262765 0.1310327 0.1235754 0.09975877 0.07706012 0.1475886 0.1589673 0.1682483 0.1629119 0.1429629 0.1143528 0.1373896 0.1339284 0.1454962 0.1874709 0.1370545 0.1727313 0.1149038 0.1351758 0.1572084 0.1371153 0.07324823 0.06579012 0.05753918 0.06476319 0.08926549 0.1297423 0.1498234 0.1129911 0.1187517 0.1165181 0.1457124 0.1366637 0.1732074 0.2195509 0.2702086 0.3020283 0.2070581 0.2440214 0.2429979 0.2747579 0.3000161 0.2735269 0.2569989 0.2229795 0.226029 0.1408479 0.1330177 0.2092134 0.3406324 0.2891197 
0.2553959 0.2257964 0.1872836 0.1994762 0.1599212 0.1335013 0.1303717 0.1353052 0.09289543 0.0879587 0.1793022 0.1588027 0.1896072 0.1830757 0.1675004 0.1409847 0.1728426 0.1585623 0.1655423 0.2315308 0.1981168 0.1949914 0.1758298 0.1362787 0.1612705 0.1016482 0.09180856 0.08224337 0.04690944 0.04605687 0.04508099 0.1311732 0.1507604 0.1196961 0.08532161 0.1102331 0.1325761 0.1888688 0.2456738 0.2691666 0.3351584 0.4220689 0.3106053 0.3829166 0.3072925 0.2593296 0.2130327 0.2385959 0.19213 0.2913037 0.2073677 0.2057035 0.2097211 0.2766005 0.1983935 0.1694168 
0.2747198 0.2415853 0.2318792 0.2577131 0.2157563 0.157044 0.1479483 0.1405103 0.09816679 0.091831 0.1204784 0.1268179 0.1866517 0.2414716 0.1959807 0.1904335 0.1664723 0.1816801 0.2074233 0.2791958 0.2090387 0.2166357 0.1875196 0.1735269 0.131159 0.1231096 0.1223164 0.1294777 0.06288159 0.06161841 0.05579278 0.1237684 0.1142723 0.1495295 0.1229386 0.1118248 0.1237539 0.1424421 0.2443521 0.2756933 0.2808179 0.2735238 0.3077331 0.4877119 0.5001818 0.3990599 0.2189172 0.1927878 0.2199815 0.2063055 0.2119491 0.1947245 0.2022864 0.2352021 0.2354908 0.2222651 
0.2536915 0.2122825 0.275539 0.3458243 0.3634757 0.2157901 0.1824086 0.1335723 0.0966998 0.1091083 0.1294699 0.1069236 0.1515877 0.1898402 0.1716614 0.1779728 0.1791001 0.1765983 0.1651755 0.2342291 0.1918893 0.1691275 0.1672444 0.1427536 0.09460166 0.08942913 0.05403797 0.04898872 0.04763612 0.05883651 0.05657975 0.1212381 0.1308608 0.1926095 0.2205311 0.2523694 0.257846 0.2594078 0.3093447 0.3473141 0.3809573 0.2933103 0.3103093 0.3003916 0.3884704 0.4112058 0.4914622 0.3273361 0.2711024 0.2706726 0.261739 0.1356288 0.1225816 0.2385278 0.2398417 0.2330866 
0.2691389 0.2509197 0.2731677 0.30453 0.4703197 0.2855521 0.2467692 0.2212704 0.1218936 0.1286875 0.1102649 0.09820006 0.1205268 0.1704805 0.184486 0.1489509 0.1718929 0.2088899 0.2073196 0.2390888 0.2227491 0.2193047 0.2058166 0.1593748 0.1203224 0.070516 0.06205255 0.06707552 0.06188497 0.06836744 0.133946 0.1651738 0.249025 0.2177213 0.2223166 0.2840258 0.2963811 0.2822117 0.3083697 0.3317574 0.3210717 0.3158562 0.2836087 0.2606566 0.4387485 0.3427816 0.3805384 0.4681735 0.3179918 0.3005713 0.2975422 0.1788328 0.199298 0.2706096 0.2596849 0.2673846 
0.3206834 0.2958959 0.2667255 0.2743592 0.3478884 0.2753762 0.2859513 0.2207945 0.140448 0.1324718 0.07397448 0.09933179 0.1360909 0.2205929 0.2514113 0.1971419 0.1689283 0.193046 0.1875476 0.2389865 0.2423826 0.2451417 0.2572759 0.2293308 0.1517484 0.1326824 0.1382443 0.1212732 0.1036372 0.1020074 0.1584107 0.1734973 0.2036639 0.2396196 0.2381161 0.3044796 0.2904148 0.3155459 0.3068322 0.3914566 0.2980228 0.291566 0.2364524 0.1776375 0.2387014 0.2500793 0.2773445 0.4515164 0.3975731 0.3892123 0.4591407 0.2787042 0.3618604 0.4358255 0.3936824 0.3583073 
0.4159964 0.3261292 0.2202153 0.2657853 0.2270048 0.253001 0.2559222 0.2647808 0.1733787 0.1378656 0.1255468 0.14727 0.1475993 0.2604116 0.2966965 0.2018545 0.1758182 0.153705 0.1799247 0.2534819 0.3542868 0.2706982 0.2502394 0.3081333 0.2424087 0.1590939 0.1265132 0.1722571 0.1174641 0.1431436 0.1372818 0.1834471 0.2340244 0.2682261 0.3270929 0.2735685 0.2714605 0.299304 0.3186354 0.3699225 0.342721 0.3069084 0.2301188 0.1817535 0.1923595 0.1682701 0.1818097 0.3383943 0.3605682 0.5343626 0.556715 0.4483066 0.502405 0.4161 0.3638511 0.3839064 
0.3533719 0.2428288 0.1852119 0.1955543 0.1671553 0.1885327 0.194181 0.2344529 0.2062822 0.1902212 0.2180667 0.1871324 0.1557626 0.2673495 0.2269998 0.2219563 0.2328652 0.2197693 0.2213533 0.2231818 0.2686266 0.2960673 0.2788222 0.3408663 0.2754712 0.1833751 0.1363245 0.2365362 0.2293785 0.1740128 0.1603895 0.2807863 0.2173755 0.266614 0.3705945 0.3701606 0.2902294 0.3349225 0.3637844 0.4044398 0.3495162 0.3028194 0.2253276 0.175757 0.1274847 0.113377 0.1600574 0.3076173 0.3404369 0.3686 0.529969 0.4800354 0.3835549 0.3439739 0.4512764 0.5212347 
0.3047771 0.2507282 0.1382541 0.1843686 0.1703689 0.1802207 0.1802797 0.1976219 0.2159476 0.2281851 0.272167 0.1923908 0.227145 0.2530747 0.2180898 0.2354837 0.3969998 0.2692507 0.2423406 0.1918891 0.2180541 0.284108 0.3060566 0.3268307 0.2399357 0.1404358 0.106002 0.1904991 0.2733466 0.2292768 0.1823534 0.2932928 0.2812752 0.2445627 0.2951709 0.4089434 0.3709978 0.3406243 0.3532517 0.4049792 0.3667643 0.3305934 0.3204035 0.2106959 0.1775913 0.1207942 0.1629594 0.3271245 0.308648 0.4298014 0.4672748 0.475925 0.4802939 0.3926764 0.541506 0.6454765 
0.257602 0.2259068 0.1607659 0.2214138 0.1752186 0.330592 0.2429641 0.1906882 0.2072428 0.2085622 0.195526 0.2020181 0.2152043 0.2453206 0.2742949 0.2294707 0.2641181 0.244244 0.2789802 0.3446982 0.375223 0.3064393 0.3498174 0.3469696 0.2775406 0.1575162 0.1240545 0.250086 0.3226317 0.2599409 0.2072481 0.4058621 0.3763189 0.3870813 0.4380094 0.5574413 0.4704219 0.4454633 0.337781 0.4278211 0.4219485 0.3826581 0.3864916 0.2018139 0.1870256 0.1367756 0.1669898 0.2458961 0.3973267 0.4486024 0.4959174 0.4539657 0.5626377 0.4930229 0.5757632 0.6171939 
0.2768443 0.2224175 0.1871473 0.2603905 0.2294201 0.2684306 0.198779 0.1903082 0.162838 0.1354652 0.1844503 0.2229982 0.2306834 0.275229 0.2666509 0.2381161 0.2115075 0.2301561 0.3071458 0.3498065 0.4141642 0.3951816 0.3127979 0.3610268 0.2990475 0.1716916 0.1702839 0.3233115 0.2755018 0.2358963 0.2462586 0.5459793 0.478351 0.393991 0.5008198 0.4371276 0.4277994 0.4222966 0.3704921 0.3831352 0.3929998 0.3543516 0.3581329 0.2015034 0.1651142 0.215205 0.2720132 0.3731098 0.3321747 0.4645046 0.5212051 0.5413723 0.6208596 0.4920892 0.4118219 0.4220725 
0.2840139 0.2391958 0.242563 0.2492076 0.2339354 0.2627575 0.2321655 0.1924709 0.1910971 0.1891008 0.3002099 0.280731 0.4012743 0.3351954 0.285228 0.2566848 0.1973197 0.2446591 0.3446251 0.3870488 0.4452136 0.4108219 0.3939438 0.4022115 0.4155867 0.3346438 0.2858833 0.2815319 0.3051917 0.3505171 0.2850223 0.3280755 0.3187778 0.2964951 0.3144958 0.3753468 0.4406084 0.4890106 0.4142638 0.4488809 0.4699797 0.4432259 0.3182038 0.1999493 0.1929627 0.2618795 0.3313196 0.3604436 0.3541983 0.3941421 0.4750782 0.3446833 0.3690247 0.3832027 0.3839824 0.3488629 
0.2805643 0.2672219 0.2652355 0.2239821 0.1805839 0.1949453 0.2006882 0.1939802 0.2250548 0.1529173 0.145913 0.2220244 0.3769744 0.2513735 0.3023018 0.2807809 0.1656869 0.2109487 0.2561775 0.2838878 0.2473622 0.2418281 0.3143619 0.4405265 0.5022065 0.4669192 0.3447021 0.3690086 0.3446237 0.3600564 0.2559855 0.2750443 0.3018308 0.2298988 0.2545197 0.3174353 0.3574924 0.4331904 0.416648 0.4644863 0.4347417 0.4336908 0.3127213 0.1955965 0.2553302 0.1989669 0.3209528 0.3246931 0.2729685 0.3388927 0.346286 0.3317547 0.3570092 0.3309715 0.3809985 0.2939091 
0.2979403 0.2817877 0.2281178 0.2105084 0.1423952 0.1139986 0.1518621 0.151808 0.1488875 0.1438829 0.08138206 0.1808554 0.1981526 0.1621864 0.1992126 0.2898648 0.1945092 0.1555704 0.2073136 0.2350169 0.2186087 0.2514205 0.3106984 0.4015588 0.5657514 0.5893024 0.4386265 0.3926423 0.3525462 0.3277277 0.2461729 0.2771969 0.3018137 0.3041481 0.2777953 0.2930951 0.329723 0.4293097 0.5064851 0.4821588 0.3965623 0.3465154 0.2878352 0.1671001 0.1573551 0.1617777 0.1983836 0.2139846 0.2859211 0.3616524 0.4225352 0.3301387 0.3657633 0.2429703 0.2730497 0.3785011 
0.3086146 0.2438677 0.218078 0.2044638 0.09227475 0.07696743 0.09571777 0.1048381 0.1175174 0.1094189 0.1048356 0.142253 0.2116685 0.2526273 0.2316714 0.2210219 0.2229043 0.2159678 0.2473895 0.3834771 0.2839548 0.2388841 0.3181258 0.5314258 0.563774 0.5132878 0.4073358 0.4136233 0.3859818 0.3209512 0.2566331 0.2543229 0.2566272 0.2625283 0.2860941 0.3560989 0.3775229 0.4196677 0.5315196 0.5141452 0.3355536 0.3028896 0.2612954 0.1630941 0.121326 0.1277621 0.1691766 0.2411325 0.3060889 0.3566563 0.5133462 0.4023103 0.3537211 0.4870043 0.3073814 0.3242339 
0.2820231 0.334542 0.3089988 0.2253271 0.102561 0.07420958 0.1169822 0.1626726 0.1476189 0.1612666 0.1535436 0.2253551 0.3247996 0.3926875 0.446235 0.3494663 0.3877633 0.475913 0.4433374 0.3996472 0.3748333 0.315019 0.3585829 0.4399377 0.4602166 0.3708844 0.34548 0.4780017 0.4509287 0.2986538 0.2193438 0.2999645 0.2626404 0.2768352 0.3010095 0.3437467 0.3873326 0.4553477 0.4344132 0.4873146 0.3702505 0.2314417 0.1523253 0.1294201 0.1049663 0.10635 0.1391208 0.1586546 0.1596203 0.2800745 0.3360578 0.4530548 0.3555002 0.3520171 0.3550837 0.3495592 
0.3347314 0.3381127 0.2240227 0.1434619 0.1122049 0.09340413 0.1482064 0.2960975 0.2306286 0.1944742 0.1419464 0.2756458 0.3284731 0.45489 0.4072709 0.3944145 0.4149016 0.489155 0.3861735 0.2664035 0.3703901 0.274743 0.3233028 0.3982773 0.3550298 0.3003542 0.4396201 0.591854 0.4425573 0.2661698 0.215585 0.2821388 0.3008682 0.2882457 0.2944292 0.3382859 0.3736348 0.3863201 0.4465846 0.4809732 0.2500505 0.2025134 0.1283186 0.09742163 0.09796377 0.1251344 0.1472115 0.1679842 0.2124063 0.3221236 0.3273394 0.3507645 0.3108532 0.2998182 0.2728973 0.2395312 
0.3660752 0.311023 0.1414414 0.08709044 0.1387826 0.1070942 0.1532844 0.2445743 0.3004843 0.2639683 0.1472987 0.26428 0.436109 0.413895 0.5757366 0.6080535 0.6484274 0.6068092 0.3995057 0.2855438 0.2876675 0.2486189 0.3512858 0.3248691 0.3591135 0.3745658 0.4062273 0.4361661 0.4424126 0.318512 0.2335694 0.262848 0.245591 0.3159704 0.3626089 0.3508461 0.3418173 0.3909271 0.3802912 0.3571927 0.2358483 0.1311019 0.11781 0.1031995 0.1022518 0.08988144 0.1263323 0.1439373 0.2129175 0.3239676 0.2860153 0.3050362 0.2653103 0.3347626 0.20045 0.08574831 
0.412973 0.2981553 0.1640693 0.1241734 0.1412298 0.1825253 0.1292344 0.1537721 0.1813393 0.230812 0.135754 0.2736114 0.3826523 0.4540253 0.5457761 0.5105365 0.5277354 0.609652 0.4553193 0.3503571 0.2514874 0.2657703 0.3071471 0.3003459 0.3248575 0.3567848 0.2962856 0.299594 0.3317353 0.3271703 0.2831904 0.2846244 0.2902329 0.3718386 0.3629936 0.3487732 0.3654001 0.3362128 0.3057251 0.3467257 0.1884953 0.1542144 0.1382711 0.09590506 0.09810585 0.0953277 0.1166249 0.1573307 0.2067494 0.2623334 0.2827637 0.3066876 0.2829719 0.3050435 0.1604396 0.06421041 
0.5439048 0.3844933 0.2652909 0.2939104 0.2224161 0.2721397 0.2534879 0.196969 0.2018251 0.2135294 0.1977445 0.3181566 0.4237328 0.5149418 0.527945 0.4251373 0.4593731 0.5375047 0.5402589 0.3839998 0.2933411 0.3859349 0.3152249 0.3190415 0.3559749 0.3584814 0.2670542 0.2893951 0.2034069 0.1975639 0.2911648 0.3701636 0.3403973 0.4186216 0.4327836 0.3381284 0.3350516 0.2889133 0.2433113 0.2440063 0.1899408 0.1778151 0.136325 0.1005295 0.06745896 0.05056379 0.07216107 0.1377983 0.2642733 0.2466729 0.2418103 0.2759113 0.2345795 0.2464421 0.1406684 0.06716819 
0.4006366 0.3482851 0.2089075 0.2821321 0.2719612 0.2328127 0.2624901 0.2803123 0.2973283 0.3093388 0.2814581 0.2790699 0.3975723 0.4279845 0.5081599 0.4215846 0.4871485 0.5365425 0.5160868 0.2656857 0.3231007 0.3690203 0.2966971 0.4523163 0.3809854 0.3918838 0.3183573 0.2594944 0.2150645 0.1852541 0.2414501 0.3319696 0.3311873 0.4414556 0.3518384 0.3332969 0.3071173 0.2621248 0.2830561 0.2526454 0.1723655 0.1776267 0.161411 0.1278912 0.08927827 0.09265929 0.1078303 0.1601651 0.1824675 0.1817971 0.1996394 0.1747721 0.1758623 0.1211893 0.1614646 0.09428685 
0.4447806 0.4124662 0.1674275 0.1609633 0.1889585 0.2636749 0.2791594 0.3740527 0.4436015 0.3224885 0.2812402 0.3059345 0.425039 0.5026143 0.5216565 0.4714526 0.4914291 0.4658459 0.4210851 0.2943371 0.3047174 0.329817 0.2891786 0.3848037 0.3554371 0.3594827 0.3302914 0.3183542 0.2078372 0.1601164 0.2159237 0.3560794 0.3153262 0.2966572 0.2353526 0.2585046 0.2650274 0.2462312 0.2430616 0.2011684 0.1916873 0.1859973 0.2084729 0.1538381 0.1387139 0.1325713 0.1038527 0.1623242 0.1884106 0.1913196 0.2135624 0.1974807 0.1482587 0.1388444 0.1657455 0.09774493 
0.4476581 0.3349549 0.1886244 0.2496796 0.1669387 0.1962053 0.253433 0.3660831 0.5497236 0.3324806 0.2561285 0.3619573 0.4055366 0.3708158 0.4308435 0.4385631 0.4423536 0.441422 0.3915946 0.2885996 0.2373673 0.2536143 0.3432548 0.3570045 0.3414503 0.2840765 0.2524087 0.2212654 0.1781688 0.1702441 0.3006041 0.2920305 0.2566309 0.2686875 0.222361 0.2424024 0.2439916 0.2224998 0.2102158 0.1571122 0.1613861 0.1849987 0.1780152 0.1364294 0.1451668 0.1153184 0.1972248 0.1730902 0.2237949 0.1991799 0.2634241 0.1902961 0.1485082 0.1433765 0.1648031 0.1448249 
0.5565757 0.3868835 0.2628427 0.3191717 0.1925987 0.2552712 0.3254947 0.3203573 0.399093 0.3794151 0.2801256 0.3131781 0.3477607 0.3117859 0.4136759 0.3419271 0.3545103 0.2998012 0.3525293 0.2359778 0.2389488 0.158933 0.2101699 0.2476608 0.2540793 0.2365289 0.2307184 0.2522717 0.2247118 0.2038421 0.2751165 0.230132 0.28039 0.2059509 0.1975176 0.2422636 0.2524734 0.183191 0.1480485 0.192431 0.1584333 0.1748624 0.2001187 0.1333899 0.1448018 0.1560221 0.1547826 0.1769997 0.2305402 0.2188715 0.2020163 0.1980443 0.2095341 0.1331029 0.1629794 0.126189 
0.4909207 0.2634369 0.199502 0.266597 0.2144069 0.276187 0.2665406 0.3377289 0.2651217 0.2389694 0.2591718 0.3755404 0.30962 0.2777515 0.3364509 0.3388866 0.2526195 0.1898487 0.1538155 0.1709168 0.1423383 0.142425 0.1792184 0.2469696 0.1799869 0.1736779 0.1959751 0.2389859 0.2135884 0.1878528 0.1680075 0.2493245 0.1961824 0.1857165 0.1890196 0.1997277 0.1762776 0.1564275 0.1057779 0.1506525 0.1458262 0.1870375 0.1807746 0.1308161 0.1200288 0.1847312 0.1794023 0.1884672 0.2038809 0.1824031 0.1396949 0.1335398 0.1175702 0.1335351 0.177445 0.1067113 
0.5642872 0.3473048 0.2972851 0.4135495 0.2972168 0.2683518 0.3233038 0.3573171 0.337166 0.2663552 0.1972649 0.2764099 0.3246423 0.2562816 0.3311725 0.3302252 0.3561128 0.2809564 0.2228377 0.1484145 0.1377918 0.1179357 0.1296532 0.1533139 0.1656773 0.1664983 0.2011014 0.2271106 0.1988268 0.1598595 0.1636211 0.2595597 0.1904707 0.1650913 0.1383253 0.1196369 0.1249515 0.1389575 0.2045375 0.2057986 0.174948 0.154276 0.1479981 0.1339094 0.1441565 0.1629176 0.1880243 0.1665319 0.1952989 0.2092224 0.1968325 0.1557387 0.1421697 0.1275609 0.1355594 0.09618574 
0.6087672 0.4365596 0.3747379 0.3422106 0.3044708 0.2663441 0.3272398 0.3805327 0.3339769 0.2902739 0.2634856 0.24997 0.3098607 0.3328372 0.3787323 0.3288872 0.421701 0.4010409 0.3336666 0.2315867 0.2406354 0.2381678 0.2080784 0.2126905 0.2746927 0.2303075 0.2223724 0.1391975 0.1706994 0.194725 0.211818 0.2418642 0.1711287 0.1173937 0.183675 0.1993303 0.255211 0.1539529 0.2254018 0.2436099 0.1496217 0.1122661 0.1424265 0.1873254 0.1572861 0.1846694 0.2398535 0.2324163 0.3100873 0.2846379 0.2384484 0.182594 0.1597999 0.1652524 0.1478661 0.08087751 
0.4482152 0.3748626 0.3540519 0.2542551 0.2347447 0.2350033 0.2481366 0.2947832 0.2353908 0.2173645 0.2719121 0.3182031 0.2779671 0.3601247 0.2436696 0.3121767 0.3243392 0.3253153 0.4046249 0.279711 0.2556314 0.2455637 0.1700173 0.1838152 0.20813 0.1679181 0.1345686 0.106649 0.1093404 0.1276964 0.1521225 0.1666117 0.1420362 0.1619234 0.1451356 0.1871458 0.3865193 0.1744731 0.1637061 0.2363465 0.1952527 0.1303041 0.1365435 0.1617655 0.1988443 0.2499716 0.2637596 0.2736332 0.3737138 0.3385586 0.2575563 0.2060982 0.1995864 0.1601861 0.1495686 0.098125 
0.499155 0.2735535 0.2216872 0.2233375 0.2019839 0.2030613 0.2392847 0.2117701 0.2278115 0.2552623 0.2479866 0.3497738 0.3000715 0.2617276 0.2656333 0.3089209 0.3942847 0.2970354 0.3452977 0.3136893 0.2363151 0.220682 0.1660259 0.1609282 0.1652579 0.1999582 0.1144758 0.0640772 0.08763904 0.09959618 0.1410946 0.2319133 0.1775558 0.1838888 0.1838928 0.1508543 0.1575363 0.173318 0.1948273 0.2203504 0.2245868 0.1338259 0.1202242 0.1963428 0.2696427 0.3274457 0.2877391 0.3960523 0.3113438 0.2257119 0.3411354 0.3075906 0.2673869 0.2005216 0.1766932 0.168875 
0.5037485 0.2929729 0.24813 0.1801681 0.2281461 0.2443036 0.2475187 0.2939889 0.3411689 0.3542399 0.2967784 0.3235134 0.2556137 0.2431968 0.2892956 0.316555 0.3625885 0.2706771 0.247099 0.2389985 0.2082105 0.2005014 0.1749613 0.1621 0.1527911 0.1617409 0.07364921 0.09136688 0.09577177 0.1438052 0.147884 0.1718312 0.1384517 0.1666547 0.1244595 0.1656847 0.1779991 0.1591194 0.1492555 0.1795858 0.1785213 0.1447022 0.1436804 0.2330908 0.3441726 0.3534484 0.3627885 0.4250917 0.4466514 0.2892308 0.286934 0.2774878 0.2179677 0.2193619 0.1648431 0.164125 
0.3999093 0.2948442 0.2629171 0.2503499 0.2016301 0.2974057 0.315373 0.4240424 0.3328773 0.322125 0.3092676 0.2817249 0.2402209 0.2318196 0.2575126 0.268443 0.2113702 0.2314701 0.2838765 0.2183905 0.2355129 0.2203936 0.2875764 0.2539804 0.1856267 0.1696431 0.1746463 0.1342384 0.1142312 0.1503268 0.1299435 0.1237103 0.1209082 0.1628617 0.1605472 0.1213043 0.1206809 0.1478015 0.157407 0.1409959 0.1687943 0.1282894 0.1751319 0.2266942 0.2839096 0.3888157 0.4704363 0.4979658 0.3342077 0.3338214 0.2999456 0.2891545 0.1925566 0.1825452 0.1866103 0.15525 
0.2552779 0.2349456 0.1633671 0.1667741 0.1855122 0.2080239 0.2559373 0.247543 0.200205 0.189174 0.2364892 0.243704 0.2024425 0.2043198 0.1867425 0.1797612 0.203579 0.2068713 0.2354055 0.2264428 0.2623427 0.2306306 0.2371066 0.3499938 0.3112372 0.2802651 0.2271044 0.1414506 0.09979789 0.1454588 0.1231524 0.1218374 0.1136138 0.1011384 0.1234806 0.1305448 0.1170898 0.1264414 0.149122 0.1382996 0.1622563 0.1048537 0.2572215 0.2832316 0.2958733 0.3991876 0.4809727 0.371352 0.3612203 0.357009 0.2967674 0.251375 0.1769583 0.1627917 0.1739583 0.1325 
0.1656873 0.1373065 0.1676623 0.2286342 0.2326941 0.1693216 0.2590567 0.2358516 0.2036999 0.1949937 0.216748 0.2102036 0.2255153 0.2439554 0.1829425 0.2151791 0.2374114 0.2316082 0.2022652 0.237297 0.2279868 0.2274383 0.2238094 0.2064532 0.2164535 0.1663245 0.1316869 0.1184842 0.1161229 0.1642198 0.1923573 0.08920482 0.06078092 0.09602202 0.06991402 0.09686144 0.1146374 0.09893215 0.1337154 0.2183731 0.1875101 0.1238856 0.2960729 0.3417878 0.3564294 0.4344455 0.4641246 0.3191764 0.3254181 0.3256414 0.2900264 0.2446667 0.2408333 0.228125 0.215125 0.1597917 
0.1931036 0.1365574 0.2235686 0.2218761 0.2599543 0.2233147 0.2346294 0.2260128 0.1919709 0.1457742 0.2318008 0.253895 0.2688932 0.2419496 0.1816994 0.2286955 0.2663652 0.2429279 0.2350142 0.2608177 0.2480107 0.2002349 0.2178964 0.2114225 0.1450949 0.14078 0.1411083 0.1456512 0.1373664 0.0964556 0.09459241 0.09816675 0.04264791 0.05279141 0.0663258 0.08629665 0.07084314 0.07689254 0.1065326 0.1624263 0.2307857 0.183522 0.3631319 0.3241924 0.3440044 0.3978459 0.4538995 0.279499 0.2987581 0.3192464 0.2843188 0.2215 0.1974583 0.2203333 0.2302084 0.2687916 
0.2401768 0.1838145 0.2297292 0.2164821 0.2045562 0.2180156 0.2089833 0.247219 0.1935451 0.151497 0.1683029 0.2320225 0.3069633 0.2903724 0.2119267 0.2701737 0.2702092 0.2668345 0.2386743 0.2758501 0.2583663 0.2119067 0.182286 0.181418 0.1152152 0.0964904 0.1557313 0.1858278 0.1836644 0.1543046 0.1317468 0.1416414 0.06446552 0.0859965 0.08251301 0.1129646 0.1201002 0.1027179 0.1192598 0.1566851 0.2139579 0.221884 0.2734782 0.2851765 0.2824779 0.3627924 0.2840074 0.3082277 0.3081148 0.3196212 0.3478291 0.251125 0.2081667 0.2001667 0.2570416 0.2678334 
0.3064194 0.2169112 0.2272291 0.2167628 0.1966446 0.1670672 0.1737047 0.2191676 0.2119182 0.1696102 0.1803762 0.1779614 0.1990377 0.2157155 0.2375158 0.2533135 0.2326971 0.2441306 0.2349467 0.3150899 0.3264433 0.2551177 0.192859 0.1452954 0.1050014 0.106577 0.1153299 0.1017802 0.1453796 0.1258693 0.1109472 0.1074511 0.08695456 0.09062444 0.08987305 0.1323569 0.1373403 0.1364594 0.19111 0.2738119 0.2454626 0.2458751 0.2435514 0.2616924 0.2925299 0.3952802 0.4397742 0.3694428 0.3519803 0.3132775 0.291067 0.246625 0.2113333 0.2136667 0.1943333 0.2281667 
0.36041 0.2055279 0.1579772 0.2157135 0.1907147 0.1948321 0.1703137 0.2388054 0.2891137 0.2357987 0.2161388 0.2110305 0.2624381 0.2651893 0.3368279 0.276857 0.2218897 0.2107774 0.259961 0.3075575 0.301131 0.3268945 0.2122974 0.1367747 0.1190313 0.1106978 0.1156962 0.0931908 0.133865 0.09910278 0.1056826 0.1151326 0.1083308 0.1113604 0.09456278 0.130691 0.1649731 0.2449858 0.2239744 0.2476021 0.2449933 0.2319557 0.2228947 0.2283707 0.293167 0.3611898 0.4291474 0.4965463 0.4087929 0.3790675 0.2820788 0.2262083 0.2270417 0.243125 0.156375 0.151875 
0.2613501 0.1493886 0.2068861 0.23865 0.1901783 0.2143358 0.1838373 0.2252153 0.2866125 0.2467077 0.2375223 0.2520377 0.2046911 0.2612657 0.3406638 0.3088492 0.2485437 0.2309009 0.2575906 0.3209533 0.2534286 0.2989149 0.2519572 0.1331424 0.09127456 0.08613096 0.1112257 0.08651546 0.1181291 0.08690843 0.09193975 0.09750721 0.0965482 0.09733539 0.1081818 0.1493253 0.2037853 0.2575376 0.2134753 0.2024021 0.2448847 0.2626979 0.2029391 0.2159092 0.2159152 0.3180999 0.3510689 0.3920656 0.3083763 0.3128577 0.2594099 0.2587083 0.2655833 0.2358333 0.174625 0.133875 
