ncols         56
nrows         54
xllcorner     28.264
yllcorner     -5.7719999999999
cellsize      0.25
NODATA_value  -9999
0.4353757 0.3693403 0.2852692 0.2065236 0.2324918 0.1816886 0.1574585 0.1295636 0.1017525 0.1147535 0.1438932 0.138477 0.1277272 0.07419574 0.09859325 0.2045496 0.2014965 0.1806147 0.1788225 0.256285 0.2448916 0.4839591 0.4004939 0.2083413 0.2010099 0.172061 0.1553391 0.2405598 0.3358053 0.2880781 0.2957259 0.3578087 0.3418725 0.4065907 0.3310905 0.3765446 0.3286586 0.3488163 0.328208 0.3147174 0.267124 0.2068734 0.2275781 0.2848772 0.3700539 0.3369451 0.2538006 0.2204703 0.1534444 0.1217539 0.08268458 0.030907 0.02389639 0.03360264 0.02324783 0.0147229 
0.3728885 0.3305345 0.3180252 0.2213303 0.2101898 0.2004631 0.1722254 0.1401395 0.1411975 0.1565394 0.1062805 0.1056858 0.09728441 0.09017432 0.09680643 0.1298116 0.1599779 0.1601449 0.133195 0.190761 0.23157 0.3396336 0.3747098 0.2554042 0.2702113 0.1514992 0.1432395 0.2212657 0.2594033 0.1799761 0.1956872 0.353537 0.3544777 0.3604164 0.3523582 0.3140766 0.2696936 0.2772755 0.2624955 0.2541323 0.2125242 0.1723298 0.2431705 0.2690651 0.2391602 0.2408944 0.1862508 0.1957955 0.144259 0.0756029 0.0491724 0.02979673 0.02472983 0.0243549 0.02228811 0.01803214 
0.2903439 0.3034225 0.2624073 0.2162648 0.218833 0.2227095 0.2147345 0.2050038 0.1829896 0.1599644 0.1180127 0.1127411 0.09378014 0.1084809 0.2220889 0.1558414 0.1815694 0.1625452 0.1121245 0.1796032 0.2656444 0.2880957 0.3845883 0.3701493 0.3101161 0.2987726 0.1500224 0.1894651 0.1946384 0.1679877 0.1354222 0.2515637 0.3109039 0.3174739 0.3024931 0.2780646 0.2659966 0.2378714 0.2386927 0.2166718 0.1986731 0.1988415 0.2223281 0.1847077 0.220241 0.1899642 0.1866696 0.1558161 0.08543319 0.05652203 0.04027627 0.0237229 0.02334703 0.01781884 0.01732686 0.01143464 
0.3143604 0.2743494 0.2728919 0.1969022 0.2137446 0.2184021 0.2085298 0.1703207 0.1541167 0.1189909 0.09490953 0.08710875 0.08979481 0.1249709 0.1302979 0.2470517 0.2000259 0.2347567 0.1904683 0.2412021 0.2773286 0.3064422 0.3303354 0.2706009 0.224399 0.2019292 0.1994724 0.2132521 0.1435974 0.1320762 0.139736 0.1765206 0.2462573 0.249557 0.2509179 0.2962763 0.2733689 0.2704619 0.2060449 0.1728913 0.1828131 0.2149493 0.2493879 0.2283221 0.2113533 0.1553243 0.1256031 0.07606146 0.04743348 0.03821128 0.03634391 0.02136413 0.01976951 0.01501753 0.01421347 0.01075901 
0.2695485 0.240822 0.3044848 0.222338 0.238977 0.1895668 0.160723 0.1036848 0.09986594 0.1069246 0.08390111 0.06764811 0.07053105 0.09657504 0.1215099 0.1914877 0.173808 0.2174059 0.2541007 0.2668673 0.3787056 0.418026 0.3705555 0.2631949 0.1786458 0.1427574 0.1637203 0.1984234 0.1663884 0.1302931 0.132511 0.2012293 0.2531231 0.2501777 0.3020047 0.2762495 0.2433667 0.205926 0.1614174 0.1684355 0.2418344 0.2259595 0.2688334 0.1551273 0.1209098 0.07598516 0.05331282 0.03851481 0.04272705 0.0428341 0.04222542 0.02802471 0.02286718 0.01590003 0.01377775 0.01126262 
0.3350334 0.2464173 0.2838855 0.2087928 0.1686658 0.1521825 0.1370559 0.0865988 0.1232831 0.1026282 0.06669881 0.1254114 0.07757403 0.09744915 0.1034043 0.1527591 0.205199 0.2922111 0.2302458 0.3033166 0.4046362 0.2982027 0.2340386 0.2154568 0.1601512 0.1307047 0.1833362 0.1519317 0.1589505 0.1551634 0.1322787 0.1889099 0.2473246 0.213443 0.2741726 0.2086641 0.2099227 0.1589337 0.1185531 0.1223452 0.1930953 0.1717168 0.1132533 0.08242944 0.05095294 0.05838829 0.04813091 0.03132753 0.0360942 0.04342013 0.03407708 0.02665995 0.0266399 0.02015206 0.01301324 0.01164156 
0.3064066 0.2407844 0.2144647 0.1992183 0.1437303 0.1020513 0.09435655 0.0574533 0.05997765 0.05662507 0.07622831 0.08522674 0.1225202 0.1582092 0.09173665 0.1352672 0.2018621 0.2019849 0.1766784 0.2387715 0.2820804 0.2723114 0.226073 0.2381339 0.1832548 0.1478411 0.09445185 0.1193508 0.134073 0.1176691 0.1139437 0.1500366 0.1438726 0.1650987 0.1208737 0.1525145 0.1622278 0.1321951 0.1032524 0.09980284 0.1249222 0.1137137 0.08135816 0.04979715 0.02931426 0.03240167 0.03257624 0.03219525 0.03322921 0.03139214 0.02551586 0.01526917 0.02787998 0.01372049 0.01498818 0.009354754 
0.1540138 0.1095784 0.1277445 0.1408597 0.108599 0.1150876 0.1481232 0.07300337 0.05204361 0.04833959 0.0491394 0.08461467 0.1101217 0.1170513 0.1135294 0.1428936 0.1220308 0.1617578 0.154904 0.1902147 0.2386726 0.1940584 0.211818 0.2867545 0.2480514 0.109199 0.06458648 0.07974473 0.08430815 0.07467379 0.0832323 0.1184578 0.1184966 0.134853 0.1437869 0.1073662 0.112632 0.07696757 0.08840584 0.06221854 0.07897018 0.05175242 0.02919677 0.02591256 0.01438747 0.01909483 0.02413803 0.0342771 0.03150607 0.02337487 0.01910674 0.01200011 0.02249435 0.01408465 0.005485693 0.007440663 
0.1475716 0.1168 0.09667904 0.09610492 0.1070844 0.1545284 0.1399825 0.1208183 0.08340634 0.05104427 0.0483835 0.06803243 0.0860044 0.1236044 0.1148101 0.1943082 0.1483834 0.1570391 0.104366 0.1693149 0.3111598 0.1980113 0.2365986 0.2804109 0.193667 0.1198559 0.06364518 0.05607335 0.05953902 0.0585898 0.0464677 0.07823973 0.09495371 0.100333 0.09012262 0.09545161 0.08912904 0.05752271 0.05594207 0.02731614 0.02701409 0.01822679 0.01213295 0.01218136 0.009683122 0.009106067 0.01757805 0.02554808 0.01898437 0.01998802 0.01551976 0.004428248 0.008171258 0.004786503 0.004854995 0.006513028 
0.1753429 0.1596438 0.1330361 0.1421886 0.2001094 0.2017612 0.1005234 0.07126765 0.04531118 0.06173675 0.06929994 0.07391819 0.1097221 0.09958892 0.109433 0.1154364 0.1112845 0.136295 0.09444126 0.1401785 0.1510344 0.2817839 0.2237435 0.2361665 0.1499714 0.1245506 0.05411537 0.03138489 0.02968575 0.0319619 0.02961099 0.04914389 0.05661416 0.06174507 0.06935041 0.0820993 0.0734182 0.04086418 0.02136973 0.01762039 0.01397355 0.01080453 0.01126829 0.00892223 0.009358565 0.008957288 0.01692857 0.013614 0.0106312 0.01157808 0.01263707 0.003684404 0.006471607 0.004119798 0.004206797 0.00631872 
0.1719023 0.2072814 0.2042445 0.1634842 0.2385784 0.1610777 0.1001817 0.1216963 0.1050023 0.08207348 0.1018288 0.0821102 0.07266799 0.06994899 0.1068075 0.09085033 0.07071342 0.1278144 0.1295184 0.1129939 0.1264082 0.1914226 0.2423318 0.2582164 0.1262661 0.07246002 0.02605423 0.018498 0.01652295 0.0170654 0.01783832 0.03063996 0.03137787 0.03058126 0.04022583 0.05041413 0.04777997 0.04008619 0.01613711 0.02168636 0.01284609 0.009969859 0.008439059 0.007761915 0.005274713 0.01050352 0.008303815 0.007795997 0.008478507 0.009300991 0.01031501 0.003987811 0.01006961 0.006036368 0.007071714 0.008900925 
0.1960072 0.1880166 0.179532 0.1698289 0.2403156 0.1767813 0.1449508 0.1328513 0.1849366 0.2024961 0.175992 0.08240101 0.06747505 0.07848874 0.1725432 0.1749191 0.09537291 0.1107212 0.1784191 0.1098245 0.133867 0.1163118 0.1255782 0.1262848 0.0710284 0.04440697 0.02729511 0.0169789 0.0146113 0.01184315 0.01671588 0.02142478 0.02170022 0.02932186 0.03153913 0.02093965 0.01798751 0.02190801 0.01350713 0.01329395 0.01250218 0.01221477 0.01193215 0.008997144 0.007209649 0.005766406 0.005751013 0.007287406 0.00765777 0.008196975 0.009390358 0.00804292 0.008770467 0.009692144 0.0107007 0.0124024 
0.2185541 0.1917445 0.1946671 0.1771704 0.2081485 0.1198249 0.16411 0.153736 0.186825 0.1741123 0.1084418 0.06294131 0.0572735 0.06731802 0.1112442 0.1904061 0.1070965 0.1250361 0.1574279 0.157281 0.1395079 0.1203164 0.08044872 0.05981484 0.0975857 0.04872043 0.04998287 0.01997715 0.01164864 0.00885937 0.01055887 0.01774379 0.01758173 0.0186146 0.01335409 0.009766944 0.008541342 0.01085352 0.01524324 0.01594602 0.01555559 0.0141286 0.01352764 0.01175651 0.01034761 0.009003003 0.01500602 0.01910932 0.009283683 0.009588444 0.01058015 0.01144782 0.01195331 0.01247008 0.01313844 0.01465232 
0.2368263 0.1989459 0.233836 0.2394624 0.1578773 0.1140157 0.208993 0.1750857 0.1346953 0.1602129 0.130107 0.0838715 0.06522342 0.0512525 0.09089975 0.1405666 0.1613676 0.134637 0.1032519 0.1358081 0.1298203 0.1117296 0.05900656 0.1085349 0.06182409 0.02574867 0.02143918 0.0106322 0.009465754 0.007280004 0.007098655 0.01220963 0.01196539 0.01097143 0.009898895 0.009706964 0.009870981 0.01645515 0.01929666 0.01912182 0.01913252 0.01800894 0.01737922 0.0146208 0.0133916 0.01204811 0.01512213 0.01807907 0.01095496 0.01104446 0.01164616 0.01373828 0.01381559 0.01376307 0.01432456 0.01553133 
0.1913886 0.2819434 0.2953202 0.2033425 0.1014623 0.1372546 0.1306359 0.1939778 0.1524309 0.1061825 0.1618446 0.1255435 0.07396129 0.07013512 0.08169761 0.1203767 0.1851299 0.1787843 0.1359831 0.1013621 0.09484522 0.08953822 0.05663095 0.05024642 0.02577483 0.02033281 0.0105096 0.00783779 0.00714852 0.007095182 0.006902507 0.01177746 0.01295773 0.01036221 0.009000116 0.00646326 0.01327007 0.01816798 0.02091952 0.0225329 0.02281432 0.02211112 0.02151945 0.01797902 0.01658115 0.01630933 0.01400204 0.01459248 0.01296946 0.01278582 0.01293198 0.015676 0.01536874 0.01497187 0.01513508 0.01617939 
0.2046635 0.2377097 0.1720213 0.1892015 0.1761261 0.1287833 0.1080471 0.1298666 0.1448842 0.1494587 0.1393337 0.1645812 0.1446568 0.09806739 0.09024605 0.1379745 0.1132445 0.1953127 0.1566696 0.1266403 0.1178926 0.09105814 0.07023755 0.04672822 0.03077757 0.01913394 0.01036589 0.02339315 0.02342926 0.02365435 0.02276484 0.02189546 0.02391662 0.02033873 0.01620771 0.006379965 0.01218417 0.01804299 0.02467344 0.0254042 0.02605278 0.02598919 0.02562372 0.02682683 0.02512428 0.02439421 0.0236144 0.02029332 0.02053784 0.01805936 0.0175704 0.01757866 0.01694443 0.01625118 0.0160779 0.01677759 
0.19386 0.2082247 0.172874 0.1871749 0.1784026 0.1411178 0.1143808 0.1103559 0.1324056 0.1166488 0.0891224 0.111947 0.106032 0.1011275 0.131214 0.1198228 0.13933 0.1117321 0.1496296 0.1911272 0.1232824 0.111791 0.07636666 0.06076423 0.04414291 0.01784083 0.01039978 0.02699089 0.02297701 0.02244446 0.02145709 0.02179397 0.01973383 0.01800084 0.01505857 0.005814331 0.01173434 0.01710046 0.02187504 0.024352 0.02555662 0.02589211 0.0258697 0.027229 0.02583036 0.02421482 0.0234313 0.0227334 0.02087286 0.01923347 0.01834589 0.01821844 0.01756621 0.01721175 0.01654276 0.0171712 
0.2103673 0.2245168 0.2076425 0.113917 0.1296632 0.1487908 0.1065751 0.1211157 0.1548664 0.1219409 0.1659332 0.1682458 0.09475549 0.08619817 0.09452999 0.1289183 0.09941191 0.1341694 0.2256622 0.145237 0.08271278 0.106344 0.1166504 0.08694075 0.03401701 0.02450631 0.01670617 0.02304816 0.0262355 0.02225819 0.02106441 0.02417795 0.02625695 0.01778027 0.01406203 0.00533968 0.01081221 0.01570641 0.02022519 0.02268263 0.0240772 0.02469291 0.02487085 0.02646631 0.02735359 0.02557603 0.02232108 0.02073612 0.01947751 0.01851719 0.01803026 0.01847055 0.01788326 0.01715793 0.01681437 0.01737838 
0.1893844 0.1672134 0.1133028 0.09481821 0.08910713 0.09741993 0.1263254 0.09151644 0.1475835 0.1260196 0.130419 0.147274 0.1075933 0.09426004 0.07938068 0.1092465 0.09019373 0.1275691 0.2364198 0.1866692 0.2049564 0.1412554 0.1331929 0.07993432 0.05243847 0.03717725 0.02572783 0.02738728 0.02336767 0.02249316 0.02103612 0.02007291 0.02251614 0.01658714 0.0132969 0.004936643 0.008753994 0.01340235 0.01787969 0.02040723 0.02205605 0.02295395 0.02337721 0.0254593 0.02457246 0.02353534 0.02204096 0.02054302 0.02190123 0.01847384 0.01794521 0.01836577 0.01770163 0.01701809 0.01703913 0.01736396 
0.2325508 0.1738127 0.1259503 0.138171 0.1424825 0.09855593 0.1326926 0.1271523 0.1245216 0.1125467 0.08753048 0.1034266 0.1009769 0.0990429 0.1032992 0.1586209 0.09551932 0.1162409 0.1476972 0.2007227 0.2208801 0.2005145 0.1426235 0.0782944 0.06821238 0.03114475 0.0345603 0.03304128 0.02732406 0.02460321 0.02268912 0.02517823 0.03177236 0.02006014 0.01590489 0.006652946 0.006666048 0.008963967 0.01197525 0.01415894 0.0152115 0.01604201 0.01656761 0.01802015 0.01740225 0.01675545 0.01576408 0.01463041 0.01378087 0.01311284 0.01269047 0.0171686 0.01952453 0.02035524 0.01584123 0.01899643 
0.1673157 0.1982659 0.108713 0.07944855 0.1129393 0.07601212 0.1158313 0.1355664 0.1090716 0.1072135 0.06638119 0.09378913 0.08520943 0.07922924 0.05777722 0.08891994 0.1429363 0.1467549 0.1545714 0.2111933 0.3249398 0.2600456 0.1357366 0.1427822 0.07639065 0.03161983 0.02094177 0.02975212 0.02772313 0.02541647 0.02269682 0.02690122 0.02065875 0.02824989 0.01490657 0.00599169 0.004024553 0.006164331 0.009239847 0.01171561 0.01313144 0.01426594 0.01505052 0.01631855 0.01594082 0.01555982 0.01463883 0.0136015 0.01282054 0.01207093 0.01168012 0.01589042 0.01540638 0.01617082 0.01934117 0.01906063 
0.1700257 0.1404924 0.06351349 0.08308943 0.09718952 0.06542733 0.07001003 0.07846833 0.09358111 0.0752034 0.06013398 0.04504995 0.03410508 0.06916135 0.08428691 0.09150434 0.1453876 0.1307692 0.1148471 0.1766973 0.2360475 0.2314289 0.1261966 0.1554588 0.1078379 0.04832985 0.02997065 0.0558143 0.04173785 0.02580214 0.02326395 0.02117222 0.01949416 0.0205113 0.02745473 0.00562764 0.003139975 0.002878058 0.006000885 0.008596711 0.0109492 0.01267275 0.01295084 0.01432796 0.01409993 0.0139476 0.01309083 0.01223154 0.01153837 0.01115421 0.01060046 0.01450417 0.01414443 0.01387653 0.0149612 0.01394326 
0.1353439 0.1241972 0.09372634 0.09296578 0.06963376 0.05520254 0.05544956 0.04895651 0.05456678 0.06077815 0.04513923 0.04358004 0.03599366 0.07464961 0.1114602 0.08244735 0.08224149 0.09558642 0.08234578 0.1336734 0.1444992 0.1741975 0.1624248 0.1494572 0.107642 0.07029106 0.04118938 0.05079624 0.03168588 0.02709618 0.02427424 0.02201467 0.02234705 0.03055522 0.02484224 0.005565525 0.002884094 0.001363493 0.003550515 0.006141091 0.008276579 0.01027893 0.01124167 0.01283582 0.01282026 0.01273196 0.0121137 0.01132031 0.01077259 0.01021788 0.0100072 0.01387044 0.01379082 0.01341299 0.01637351 0.0167841 
0.1128875 0.1388045 0.1415497 0.07916287 0.06463621 0.04428596 0.06402389 0.06518823 0.02672638 0.04114506 0.03835819 0.04267462 0.0465189 0.07877251 0.07491753 0.103414 0.05908225 0.04554551 0.08722757 0.1058304 0.07959353 0.1663102 0.2029364 0.1215692 0.121603 0.1083888 0.08319218 0.06980569 0.06122528 0.04626841 0.04230774 0.02226559 0.01330369 0.01453478 0.01095113 0.003269547 0.002304184 0.00113235 0.002613153 0.004471062 0.007670971 0.01002461 0.0112227 0.01146453 0.01171778 0.01181882 0.01134469 0.01108799 0.01165189 0.01208055 0.009714813 0.01361083 0.01352512 0.01488176 0.0183627 0.02013177 
0.08992351 0.1213188 0.1436689 0.09542779 0.1073982 0.0613129 0.080607 0.07290268 0.04895182 0.03445241 0.01764024 0.01813523 0.04809112 0.04943852 0.0574254 0.06281875 0.06326469 0.04921136 0.0649978 0.1228313 0.1280435 0.1059171 0.107056 0.1250598 0.1263381 0.09171189 0.07801659 0.072467 0.07224843 0.07113482 0.05195223 0.02090851 0.01205532 0.01197647 0.01043844 0.003136997 0.00215312 0.00147732 0.001827572 0.003336523 0.0058405 0.007769523 0.008378211 0.01001867 0.01043898 0.01067135 0.01032186 0.009873045 0.009608987 0.009294806 0.009252076 0.0130155 0.01305983 0.0165689 0.01681408 0.02463399 
0.1301383 0.100378 0.1172219 0.1308375 0.1415766 0.1015303 0.09108789 0.09811742 0.02820444 0.01562907 0.01362817 0.03016701 0.04173835 0.06466343 0.04849222 0.06184266 0.07500612 0.04173944 0.02799085 0.06897031 0.08298447 0.108072 0.110513 0.1274785 0.1183811 0.1105712 0.0837618 0.07650889 0.08846337 0.0931096 0.06757089 0.02103153 0.0149652 0.02283873 0.01177837 0.004728189 0.001490627 0.001594764 0.002378411 0.001271132 0.003142703 0.005076166 0.006836576 0.008754098 0.00942983 0.009768221 0.01026456 0.01118498 0.0091264 0.008938505 0.009025196 0.01253212 0.01267994 0.01290626 0.02043718 0.0241254 
0.103057 0.1104252 0.08695938 0.09311977 0.1102545 0.1340412 0.06789369 0.06752796 0.01765917 0.01471556 0.04398593 0.04603376 0.04017013 0.03635002 0.04390153 0.0668934 0.1170445 0.05350523 0.0677055 0.08261462 0.0881571 0.1063992 0.08683068 0.1054712 0.1294135 0.08959904 0.07662233 0.09119501 0.1130865 0.1039071 0.07558145 0.03203539 0.02537736 0.03876992 0.01115404 0.002180322 0.001026307 0.0004060454 0.0003661277 0.001061538 0.002761779 0.004703753 0.006577355 0.008472838 0.009307799 0.009735055 0.01019691 0.01035247 0.009275663 0.009206569 0.009451924 0.04111293 0.02644258 0.01388962 0.02476757 0.01729145 
0.07185601 0.1190089 0.104313 0.08235264 0.07569902 0.1063379 0.09618394 0.05837938 0.03760071 0.03659119 0.03217187 0.0409825 0.04383932 0.03581365 0.07444842 0.04899404 0.05094029 0.05357319 0.06858116 0.07819189 0.08999374 0.119087 0.09743004 0.08417787 0.1109667 0.100002 0.08430217 0.08120914 0.08304133 0.08530106 0.07247316 0.04756214 0.03995141 0.03212018 0.0225918 0.00871447 0.004461019 0.002127836 0.00191143 0.001697239 0.002931731 0.008222577 0.00789394 0.009055389 0.01152831 0.01211836 0.01109728 0.01002135 0.009949478 0.01044744 0.01060194 0.01592842 0.02584706 0.03232033 0.02259373 0.01824682 
0.07128321 0.05572863 0.0578749 0.05645014 0.08639013 0.07270367 0.07335524 0.05879944 0.03334895 0.02687214 0.02347431 0.03345557 0.03091652 0.04668564 0.05060847 0.03085022 0.03395882 0.03351329 0.04941672 0.05987088 0.04953686 0.07405648 0.08961324 0.07733833 0.1209297 0.1268293 0.1404195 0.08733783 0.0824955 0.06495105 0.07648302 0.06246898 0.03993123 0.03293299 0.02375694 0.01006915 0.004977055 0.002679949 0.002403815 0.002122152 0.002938932 0.004823253 0.006808585 0.009275173 0.01302735 0.01696579 0.01495724 0.01035587 0.01037264 0.01060998 0.011306 0.02053562 0.03302314 0.0282927 0.04912319 0.02381691 
0.05354872 0.06998509 0.06606137 0.05325546 0.04247364 0.03512909 0.03595564 0.03034499 0.02707083 0.0269847 0.02739143 0.03189756 0.02531181 0.03714417 0.02919378 0.02791698 0.02199831 0.02874107 0.04299706 0.03547487 0.03254952 0.04056726 0.03881637 0.0568917 0.1000841 0.1170208 0.1322653 0.1030004 0.089115 0.07936016 0.07897518 0.05515356 0.04723613 0.03513672 0.02746427 0.01418772 0.006057239 0.003541003 0.007156348 0.002794871 0.003036135 0.004860594 0.006909289 0.009474152 0.01066794 0.01207215 0.01361124 0.01094515 0.01116524 0.01162792 0.01258531 0.01497926 0.02834757 0.02788389 0.02270138 0.02198367 
0.05530889 0.08363007 0.07556782 0.0486143 0.03434043 0.02172575 0.01603915 0.01930095 0.02498 0.01727235 0.0172597 0.02445225 0.0242507 0.0369773 0.02770027 0.02705898 0.02145024 0.01666296 0.02735444 0.04310161 0.0458767 0.04295295 0.04254718 0.04743201 0.07125639 0.08056238 0.09272482 0.1046126 0.09039523 0.07500956 0.08139729 0.06885099 0.05990471 0.04615315 0.03896636 0.02469083 0.01925302 0.005386805 0.004628658 0.003698821 0.003491579 0.005284657 0.007312026 0.009930713 0.01110883 0.01217683 0.01295491 0.01280711 0.01271976 0.01354678 0.01487685 0.0157347 0.01655104 0.01873248 0.02311942 0.02121539 
0.06672404 0.07749931 0.06289859 0.05253524 0.0327953 0.01624737 0.01642622 0.01745404 0.02373057 0.02591967 0.02351482 0.02942145 0.02540455 0.02826643 0.02465999 0.03271351 0.02720989 0.02905703 0.03566067 0.04613093 0.04763938 0.05346176 0.04594001 0.05238021 0.05024124 0.08821895 0.05595923 0.07660637 0.08502401 0.06883929 0.05779168 0.06657272 0.05644695 0.05979729 0.04074738 0.03179391 0.04067931 0.01240466 0.009986112 0.005862617 0.005173311 0.006757054 0.008723338 0.009303473 0.0104271 0.01164067 0.01269131 0.01476846 0.01565081 0.01711777 0.02222442 0.02181287 0.01993485 0.02101375 0.02622043 0.02770307 
0.08002788 0.08125781 0.04419729 0.03413842 0.01916744 0.01717516 0.0212938 0.02137466 0.02503463 0.01827741 0.01858804 0.02934035 0.02680258 0.02830844 0.02499563 0.03459273 0.03525636 0.03858726 0.0347292 0.04712411 0.02575869 0.04635052 0.06217239 0.0455856 0.03665132 0.05092815 0.07507831 0.07892054 0.0966982 0.06136101 0.0670665 0.04892444 0.04965515 0.05488325 0.03771915 0.02805639 0.01786104 0.01386556 0.01191326 0.006957083 0.006185447 0.007533153 0.009478278 0.009816998 0.01095099 0.01247436 0.01400978 0.01615058 0.01823965 0.01983555 0.02303473 0.02309234 0.02544402 0.0348606 0.03283441 0.03687653 
0.1117469 0.05249312 0.02596382 0.02184227 0.01754906 0.01597282 0.01134191 0.01741034 0.0196932 0.01923516 0.01894447 0.03030668 0.03357733 0.03234113 0.02986476 0.03138335 0.04022294 0.05006097 0.03515257 0.03622379 0.02443495 0.03875674 0.03157078 0.04285588 0.04405937 0.05705209 0.09955771 0.07917336 0.05829471 0.05485778 0.05724417 0.0439197 0.04629318 0.0418341 0.03593934 0.02140284 0.01691539 0.0140769 0.01222679 0.007264359 0.006567158 0.008003186 0.01032008 0.01067942 0.01209323 0.01449386 0.01661979 0.02001617 0.02281863 0.02310883 0.02581853 0.02845586 0.03296596 0.03211328 0.03865544 0.03709898 
0.06758519 0.03767561 0.0228062 0.03560587 0.03279906 0.01548032 0.0156101 0.01358766 0.01878987 0.01566627 0.01879797 0.03029 0.03233576 0.02959303 0.03012971 0.03186608 0.03595409 0.03815963 0.02783416 0.01892358 0.02497599 0.02326138 0.03707443 0.03323521 0.04430941 0.06169979 0.06679242 0.07800139 0.05930496 0.0348222 0.03634106 0.03641854 0.04297533 0.02631383 0.02200012 0.01667606 0.01324128 0.01140053 0.01083429 0.00671996 0.006361835 0.008242002 0.01125389 0.01188403 0.01382651 0.01821244 0.02030646 0.0238663 0.02539473 0.0276643 0.03079717 0.03139526 0.03652903 0.04440052 0.04317634 0.05153245 
0.07352757 0.05091458 0.02437523 0.02591863 0.02929722 0.02067362 0.01790848 0.01664874 0.01607913 0.02058945 0.03264019 0.02866607 0.03024371 0.03172144 0.02910698 0.03491819 0.0263309 0.02559502 0.02847505 0.02961864 0.05669148 0.05622601 0.05679869 0.07143628 0.06921107 0.09660864 0.08458 0.08304746 0.07995211 0.04268254 0.02377401 0.01457339 0.0131227 0.01110502 0.007497159 0.006587383 0.005443588 0.004910809 0.004899326 0.003654207 0.003580942 0.006076955 0.009700257 0.0128153 0.01546376 0.01850411 0.02201425 0.03069403 0.03811674 0.03740252 0.03984686 0.04630817 0.05002801 0.07186204 0.07203926 0.09254602 
0.05952373 0.0375659 0.01480754 0.01854496 0.01461889 0.01379522 0.01690668 0.01447127 0.01538704 0.01974022 0.02225574 0.02646934 0.02820533 0.03566426 0.03426429 0.03536107 0.03174083 0.03792074 0.03823926 0.04767383 0.04376991 0.04165642 0.05123749 0.062808 0.0664059 0.08927292 0.07306252 0.08729012 0.08263004 0.05507583 0.009649807 0.007552788 0.009340587 0.008767793 0.00595913 0.004590338 0.004092643 0.003932699 0.004191418 0.005251737 0.003467997 0.006184429 0.01033017 0.01389922 0.01669088 0.01968794 0.02345785 0.03372067 0.04322848 0.04825803 0.05025238 0.06710228 0.07427958 0.0844013 0.07862972 0.146225 
0.05904195 0.02740658 0.01610318 0.01754616 0.01269293 0.01113447 0.01065821 0.0115027 0.01432037 0.01945236 0.01857626 0.02369764 0.02182321 0.02613424 0.03344456 0.03111555 0.03451425 0.0350522 0.03280762 0.04580364 0.03653923 0.03773708 0.0353836 0.03760331 0.05557872 0.04185887 0.06161353 0.07074342 0.05271142 0.05707494 0.03740613 0.01142923 0.003913192 0.002944424 0.003065797 0.003199551 0.002986236 0.003086868 0.003469019 0.002880099 0.003151554 0.005976434 0.01047761 0.01467373 0.01759866 0.02097606 0.02397261 0.03926852 0.05409279 0.05692806 0.05484933 0.08444133 0.076428 0.08986127 0.09870142 0.08416659 
0.05815301 0.03387341 0.01586364 0.02026532 0.01308177 0.01061646 0.01037423 0.01096258 0.01249765 0.01130186 0.01443502 0.01793244 0.01828561 0.0193151 0.02957831 0.02900402 0.02641373 0.02753563 0.02337053 0.02171926 0.02948427 0.02773283 0.02305286 0.03014437 0.03957591 0.04612569 0.0462257 0.06392123 0.04852013 0.04354167 0.01801458 0.009841532 0.004170738 0.006077899 0.002781818 0.00237625 0.002542971 0.002363353 0.002751562 0.002358288 0.002626636 0.005387659 0.0104793 0.01444337 0.01814961 0.02179519 0.02872409 0.04428785 0.05909138 0.06740248 0.05783288 0.07699303 0.08157792 0.09411564 0.07107639 0.1018644 
0.04358 0.02445695 0.01784757 0.02589789 0.0245721 0.01420185 0.01089809 0.01165458 0.01160683 0.01116049 0.01280833 0.009499878 0.01506142 0.01005075 0.01461836 0.01647755 0.01617102 0.0137559 0.01100505 0.02503651 0.02219623 0.01922939 0.02011731 0.01985955 0.03003303 0.04291301 0.03399948 0.03709739 0.03200161 0.02497382 0.01022698 0.003320457 0.001517056 0.003361203 0.001052346 0.0005449256 0.0005210171 0.0006121772 0.0007239069 0.001175945 0.001687555 0.003520025 0.007625373 0.01988562 0.02553079 0.03008373 0.03592135 0.06575635 0.06355635 0.0809724 0.07030506 0.08741499 0.1110686 0.08598673 0.08109189 0.07996214 
0.04632997 0.02565368 0.01790542 0.01662784 0.02642663 0.01461057 0.0106146 0.01148135 0.01848617 0.01024513 0.01100793 0.008382726 0.008628043 0.008919443 0.01902413 0.01858008 0.01059713 0.008598307 0.007716496 0.01426741 0.01106042 0.01962594 0.01238391 0.01137467 0.02540103 0.03953237 0.02304139 0.02949745 0.03459655 0.02412379 0.005600293 0.003462452 0.002848577 0.003444937 4.429009e-005 0.0002323413 0.000236622 0.0003089916 0.0004489972 0.001089724 0.001636666 0.003464283 0.007708149 0.02017019 0.02580127 0.03148162 0.03679774 0.06731846 0.07771589 0.07065256 0.06827115 0.08232484 0.07505013 0.08958071 0.08407177 0.07354283 
0.04695721 0.0348024 0.02720379 0.0153263 0.01310993 0.012164 0.00878314 0.009789055 0.01057212 0.009319558 0.009495947 0.006381245 0.006360551 0.006349091 0.007427112 0.008604432 0.007033414 0.007364055 0.01841316 0.0139034 0.01332759 0.008057482 0.007750794 0.008337124 0.03099143 0.02451238 0.01613018 0.02523269 0.02596911 0.01331694 0.01198437 0.003114266 0.001280831 0.002010678 1.162945e-005 8.393499e-005 0.0001080711 0.0002024218 0.002289203 0.001548785 0.0009386663 0.00382098 0.008196617 0.02073057 0.02662116 0.03224714 0.03745293 0.07352343 0.07081705 0.0635829 0.08817071 0.07652137 0.07047787 0.07933737 0.0864857 0.0726724 
0.04479827 0.03092764 0.0124203 0.0100673 0.01033418 0.01010073 0.008016735 0.007922392 0.01372323 0.008367746 0.008220999 0.005276978 0.005946596 0.004891387 0.009441108 0.00689545 0.006207492 0.003224446 0.01126624 0.006229284 0.00635624 0.004373376 0.008050496 0.01421124 0.02088437 0.01626672 0.008689793 0.009234529 0.007608381 0.01307125 0.02350572 0.001968759 0.004639249 0.001436233 1.355381e-005 0.003109071 0.1109554 0.0005737795 0.0004826626 0.001790848 0.001230049 0.004314282 0.008528492 0.02093442 0.02659343 0.03184619 0.04223682 0.06013883 0.07272884 0.1151259 0.1194557 0.08437099 0.06484046 0.07324949 0.07536255 0.06560501 
0.03590403 0.03528841 0.01849328 0.00809791 0.0140709 0.007161798 0.004157696 0.003129158 0.00384106 0.004004362 0.003139783 0.002806249 0.002738871 0.002682096 0.002697428 0.004404024 0.0008536972 0.0005855807 0.0006757817 0.008383713 0.006541924 0.001775451 0.00220296 0.00972098 0.005030804 0.01955306 0.01383374 0.003272353 0.006763386 0.01614145 0.006032197 0.0007902595 0.0003491675 5.622122e-006 7.188561e-005 0.003598923 0.1410859 0.001255079 0.001173522 0.001998131 0.002808732 0.006560648 0.01180678 0.02573921 0.03219524 0.04069923 0.05827861 0.06722531 0.07823762 0.1411319 0.07134411 0.07132651 0.05756391 0.0603735 0.07768467 0.08689516 
0.01776843 0.02221542 0.01521961 0.006954288 0.01127427 0.005905706 0.003508905 0.002942615 0.003408283 0.00361807 0.002499106 0.002120939 0.001885913 0.00173363 0.007048431 0.007674236 0.0003854958 0.001868911 0.002893338 0.0009163317 0.001068939 0.001282385 0.002818737 0.005624617 0.006455225 0.006507612 0.009213858 0.001892859 0.0008754758 0.0006117567 0.008114999 0.0007212689 1.161519e-005 0.0008353295 0.001041743 0.0002869111 0.0003960029 0.0008028828 0.001392352 0.002654293 0.003975315 0.007718036 0.01227826 0.02727651 0.03452824 0.04101446 0.04301909 0.05285469 0.07415824 0.07239899 0.05768661 0.08163233 0.07670099 0.08320266 0.07295022 0.07955645 
0.01552729 0.01411009 0.009160887 0.009675235 0.006378047 0.005376479 0.0038766 0.002362664 0.003615173 0.003435023 0.004751077 0.001624484 0.001787947 0.001239404 0.006024104 0.005998507 0.00149575 0.0001786404 0.0002580131 0.0006095039 0.0007439803 0.0009033066 0.001088205 0.001734092 0.002094123 0.001925769 0.0105609 0.0008196612 0.0005258675 0.0003444433 0.02906757 1.915588e-005 6.711698e-005 8.08461e-006 1.878288e-005 0.0004383657 0.0005030459 0.00113511 0.00183203 0.003535571 0.005858278 0.009128079 0.01359051 0.02557698 0.03134587 0.04481779 0.04158827 0.04518867 0.08874855 0.05581855 0.05176649 0.08448341 0.07828046 0.07468996 0.07358731 0.06245968 
0.009636468 0.006911324 0.005754368 0.005468221 0.004944331 0.002865466 0.002365732 0.002473339 0.002607313 0.002923568 0.002933202 0.001472238 0.001108299 0.0009703974 0.001383377 0.002468962 0.0002403546 0.00287795 0.0001877582 0.0004451329 0.0005451826 0.0006665675 0.000798946 0.001298162 0.00143991 0.00139152 0.002707882 0.001044752 0.0003820826 0.0002880306 0.0004524361 1.682003e-005 0.0009639812 0.0008593891 2.635412e-005 0.0004942691 0.0007345547 0.001290574 0.002808202 0.00536931 0.007785015 0.01100902 0.01545021 0.02815613 0.03278249 0.03672985 0.04188832 0.04464433 0.03539327 0.04743405 0.05565283 0.09175301 0.06017193 0.05895305 0.07021415 0.06169355 
0.01247648 0.009448563 0.003305695 0.003596159 0.004531788 0.005534206 0.003719135 0.003818974 0.003184611 0.003078808 0.002819045 0.00310165 0.002114071 0.0005623439 0.0007877684 0.005209157 4.961294e-005 0.00201204 0.000537214 0.0001550813 0.0001672982 0.0002036112 0.0002442736 3.993945e-005 0.02426227 0.0004584772 0.002073295 5.35445e-005 0.0003637391 2.483605e-005 2.15815e-005 0.001754788 0.001078676 0.001126183 0.0009233779 0.002584958 0.002540402 0.00524477 0.00520085 0.007363636 0.01166555 0.01312644 0.01621971 0.03444807 0.03657714 0.03453257 0.04272595 0.02863599 0.04644757 0.05539856 0.0539824 0.08806452 0.0957258 0.07161292 0.09258065 0.07306451 
0.003307276 0.007958075 0.005194753 0.004688361 0.002601576 0.003005002 0.002696296 0.002697364 0.002473113 0.002260799 0.001930942 0.0009793739 0.003488298 0.002007722 0.0007520362 0.000496314 2.606764e-005 1.488522e-005 0.000976523 5.332431e-005 6.534423e-005 7.769847e-005 8.964835e-005 0.001213497 1.578258e-005 4.932158e-005 1.223048e-005 1.91994e-005 1.328913e-005 1.130928e-005 1.327645e-005 5.217735e-005 0.00165747 0.003831822 0.0003768167 0.001536269 0.001475453 0.002651208 0.004118238 0.008803671 0.01104455 0.01376295 0.01749325 0.03568029 0.04529068 0.04268847 0.09587197 0.03463451 0.03699991 0.03930208 0.05106084 0.06088709 0.07592742 0.08717743 0.08959678 0.07983872 
0.003885865 0.00619869 0.01001176 0.003305723 0.002340295 0.002358115 0.002248312 0.002664599 0.001999315 0.001804992 0.001503793 0.0005150975 0.001617427 0.001017117 0.001625027 0.0005311204 1.445791e-005 3.818099e-006 4.711213e-006 0.001134526 0.0008145545 1.248712e-005 1.036134e-005 1.144571e-006 8.444377e-007 8.649326e-007 1.199538e-006 3.163739e-006 3.85165e-006 0.005398464 0.008047083 0.0001055622 0.0001415525 0.00484309 0.001590246 0.002222999 0.002757798 0.004041059 0.005226801 0.009658099 0.05197447 0.01647031 0.01780794 0.03201956 0.04567353 0.04442835 0.06562445 0.03516214 0.0333191 0.0366426 0.04495387 0.0419758 0.02169355 0.05475806 0.07504033 0.06637096 
0.001821646 0.003228853 0.0109175 0.01004803 0.004684663 0.002352755 0.002338998 0.003462553 0.001905484 0.001711248 0.001769426 0.002248822 0.0005266359 0.0002636038 0.001237423 0.001006639 0.0001192426 3.969943e-006 4.24581e-006 8.824082e-006 9.362346e-006 8.907963e-006 0.0004900034 8.175689e-007 6.054057e-007 9.388172e-007 1.826261e-006 5.57031e-006 7.33466e-006 0.001956489 0.006957225 0.0007263287 0.001576118 0.003484659 0.003675263 0.004314777 0.004963926 0.005683738 0.006651781 0.01287696 0.01292274 0.02074976 0.02866365 0.02683902 0.03139235 0.06179288 0.02730655 0.02523254 0.03046401 0.05424735 0.04054133 0.02903226 0.02709677 0.03104839 0.0407258 0.0558871 
0.001662654 0.005711167 0.00723194 0.009472502 0.002355623 0.002184984 0.009226376 0.002432212 0.002132811 0.001804532 0.001665788 0.001319678 0.0004069597 0.0002984757 0.0002398259 0.0001089058 4.494744e-005 1.238558e-005 1.140837e-005 2.578751e-005 0 0 0 3.933999e-005 0 0 0.0004301478 5.231013e-005 7.139813e-005 0.002593097 0.004043239 0.003044198 0.003987927 0.005405143 0.007238308 0.008325344 0.009175562 0.01025822 0.01157166 0.01615702 0.0190453 0.02097264 0.02198912 0.0326627 0.05566663 0.0909894 0.01876063 0.008555416 0.03178858 0.06094563 0.05433372 0.05104839 0.03012097 0.03181452 0.02725806 0.03270161 
0.002587612 0.002296343 0.004626737 0.00524756 0.002150425 0.004841523 0.00515579 0.004607475 0.00195078 0.001901542 0.001454027 0.0006928928 0.0003955292 0.0003668333 0.0002375644 0.0008834649 4.553634e-005 1.282706e-005 1.002524e-005 0 3.006148e-005 0 0 0 0 0.003273104 0 6.801297e-005 0.0006516281 0.003672531 0.004661966 0.0043757 0.005349056 0.007700613 0.009990266 0.01015258 0.01093164 0.01209151 0.01305916 0.03466983 0.01853045 0.03354906 0.03448696 0.03685466 0.04295399 0.09646465 0.02542184 0.009089023 0.04978235 0.1031663 0.09091595 0.03729839 0.03217742 0.04919354 0.02810484 0.04685484 
0.003091222 0.00216842 0.001414015 0.004171412 0.002081857 0.002094803 0.007207079 0.001950903 0.002685616 0.002285535 0.001372225 0.0005015748 0.0003848963 0.0002888201 0.002158046 0.001070509 0.0008087452 0.002152157 0.001604247 0 0.001656167 0 0 0 0 0.002336462 0.006239653 0.0007386853 0.001396004 0.002457394 0.003503585 0.005453627 0.006492098 0.00906275 0.01126033 0.01121535 0.0120488 0.01294355 0.01470538 0.03221427 0.01899914 0.0296879 0.02432664 0.04261812 0.06427146 0.09093314 0.03204411 0.03164674 0.04209791 0.07123839 0.0582412 0.03141129 0.04669354 0.05088709 0.02907258 0.009596773 
