ncols         56
nrows         54
xllcorner     28.264
yllcorner     -5.7719999999999
cellsize      0.25
NODATA_value  -9999
0.2051464 0.1552679 0.09532999 0.1616937 0.1762131 0.1909399 0.1448655 0.155786 0.1298999 0.1508525 0.1371394 0.1412372 0.2028345 0.1948383 0.188646 0.1210624 0.1992013 0.2715592 0.2631747 0.1400131 0.1436357 0.226816 0.2203939 0.1713456 0.2624609 0.286527 0.3373185 0.3608359 0.3511055 0.3054733 0.2403065 0.2805194 0.3264886 0.3288245 0.2647296 0.247659 0.236293 0.2526286 0.1945237 0.1748231 0.1272929 0.1192421 0.1596828 0.1821144 0.1565933 0.1583671 0.1280879 0.1368194 0.1505235 0.1778692 0.1851644 0.1595404 0.1310237 0.07707153 0.07871056 0.0996727 
0.1460896 0.1509403 0.1294476 0.1503178 0.1429322 0.1288382 0.140846 0.1227381 0.08030145 0.09460388 0.15719 0.1258232 0.1938546 0.1639745 0.1783704 0.1335708 0.2987839 0.2795513 0.1366431 0.1024088 0.1234325 0.1309115 0.151611 0.1853248 0.2260621 0.2822502 0.2828456 0.271517 0.2671342 0.2445437 0.2059119 0.2512096 0.2465277 0.2808262 0.2658839 0.2738336 0.2535543 0.2646455 0.1665968 0.1553381 0.1665628 0.1513211 0.1879269 0.1452362 0.1416575 0.1284838 0.09474716 0.1414838 0.1603641 0.1287817 0.107796 0.102257 0.09573377 0.06302369 0.06961857 0.09508099 
0.1439907 0.1602221 0.1153164 0.151578 0.157719 0.08597177 0.07436674 0.08723225 0.08345436 0.1205844 0.1215582 0.1236038 0.1287838 0.1407994 0.191358 0.1678225 0.2195143 0.2791846 0.1446803 0.123345 0.1387579 0.1610294 0.2341804 0.2726709 0.301435 0.2828549 0.2277123 0.242565 0.2515958 0.2472518 0.1616336 0.1944283 0.2178208 0.2442503 0.289048 0.2539537 0.209176 0.2167688 0.1756058 0.1857702 0.2365092 0.1922421 0.1559496 0.1403702 0.1474285 0.1137308 0.1052463 0.1129385 0.1367213 0.1120473 0.09307867 0.05866893 0.06081828 0.03493147 0.03858513 0.04600891 
0.1422311 0.1445323 0.1396697 0.1568572 0.1488281 0.1148698 0.09409144 0.08610513 0.1176012 0.1390226 0.1319831 0.1164677 0.07943945 0.1151703 0.155004 0.2991732 0.2858709 0.205123 0.1164857 0.0882145 0.09560182 0.1157376 0.1935499 0.2312554 0.2802279 0.2624618 0.2621018 0.2785755 0.2358696 0.2409456 0.152098 0.2151462 0.2371814 0.4039414 0.4179439 0.2747276 0.1546806 0.1317515 0.1305972 0.1763655 0.2106473 0.2086636 0.1440978 0.1833531 0.150046 0.1012055 0.08663171 0.09007738 0.1397771 0.1728637 0.1383592 0.1287998 0.1226081 0.05096271 0.04076594 0.05897115 
0.1444929 0.1615717 0.139307 0.1292437 0.1709594 0.1483111 0.0884337 0.07642795 0.07495316 0.0925785 0.1471153 0.1047949 0.08148198 0.09592333 0.09301191 0.1625218 0.3033495 0.2369887 0.1453761 0.06674695 0.0669872 0.1300933 0.1958864 0.2265261 0.1986467 0.1823833 0.1765987 0.2056519 0.2353916 0.2271857 0.1615326 0.1441314 0.176467 0.3875589 0.249812 0.1629759 0.09957723 0.09135959 0.08379054 0.1305545 0.1566808 0.1783739 0.1413494 0.09386884 0.1094522 0.09747213 0.1341952 0.1052295 0.1448125 0.1880397 0.1385865 0.1571045 0.1582694 0.06007623 0.08464665 0.03598403 
0.1493397 0.1539154 0.1189941 0.1400097 0.1495428 0.1261003 0.08567044 0.08211422 0.1318996 0.103835 0.1204636 0.08365866 0.1038738 0.1377914 0.1421512 0.2173881 0.2639991 0.1745706 0.156989 0.07147424 0.08703496 0.09686945 0.1282794 0.1668647 0.1678484 0.1694567 0.213101 0.1647879 0.1377255 0.1440225 0.1312995 0.08495877 0.1359078 0.2389544 0.1507221 0.1087155 0.1029357 0.06970057 0.07064575 0.1019001 0.1297421 0.1130753 0.09747884 0.1053082 0.0735995 0.1195626 0.1426315 0.1094076 0.09294491 0.0982674 0.08204113 0.09097146 0.1323989 0.09356759 0.04151674 0.01736895 
0.1706562 0.1860889 0.1616314 0.1823359 0.1639162 0.1171716 0.1092872 0.08459565 0.1015696 0.09222758 0.1000194 0.09022605 0.1304035 0.09747348 0.148773 0.2160756 0.1504335 0.2442176 0.2175135 0.1508259 0.1395088 0.1024037 0.1540073 0.1990131 0.1620127 0.2141841 0.1957405 0.1440411 0.121476 0.1169191 0.0964608 0.1017527 0.1001936 0.1167421 0.06805293 0.09300033 0.0905368 0.05992205 0.07031459 0.09706352 0.08862679 0.08958489 0.08597942 0.06681389 0.07788404 0.1074279 0.1300337 0.105256 0.07872875 0.05440339 0.04166474 0.06163058 0.1162082 0.07836648 0.04644382 0.02660326 
0.1840237 0.1719389 0.185395 0.1432774 0.1159979 0.09699716 0.09861263 0.06936365 0.06243289 0.06780133 0.08350741 0.1397986 0.1510241 0.07446993 0.1049949 0.1414408 0.1162965 0.09489676 0.1000713 0.1251622 0.1151953 0.08998893 0.1145109 0.1203095 0.1263022 0.1343663 0.1187332 0.0946474 0.0990341 0.09128433 0.09321522 0.0834095 0.09620923 0.09275854 0.07505094 0.09563608 0.09011587 0.05857681 0.06215441 0.05472296 0.03896662 0.03590624 0.04361321 0.04256466 0.03034151 0.02806003 0.02878604 0.03152118 0.0250065 0.04141723 0.05087812 0.04683039 0.05740516 0.05208193 0.04760687 0.05930803 
0.1587923 0.1581777 0.1591059 0.1621678 0.1341769 0.1383725 0.1012374 0.08104257 0.070512 0.1230259 0.08931351 0.155 0.2353017 0.1267427 0.1566165 0.1533051 0.1413915 0.07889904 0.1355945 0.1795835 0.1236526 0.08633055 0.08020242 0.1099242 0.09093607 0.08591747 0.08307707 0.05452392 0.05229427 0.05822345 0.05421312 0.0610763 0.06550657 0.05589521 0.05528937 0.07037722 0.04882425 0.04878654 0.05502999 0.03602519 0.02770588 0.02619212 0.02615627 0.02988908 0.02382299 0.02078305 0.02172936 0.03593257 0.03313834 0.03063597 0.04205586 0.04663767 0.04765074 0.06526702 0.02870707 0.04706724 
0.1463758 0.1264385 0.1163136 0.1625299 0.1834004 0.1274356 0.08210091 0.07172343 0.05887133 0.1307535 0.1071787 0.2590926 0.2806842 0.1490829 0.2008563 0.1825296 0.1617931 0.079953 0.09749851 0.138777 0.1192311 0.08573937 0.06092691 0.06900468 0.07168208 0.07125078 0.04037425 0.03792985 0.03851705 0.02883251 0.03192474 0.06083233 0.06308687 0.06974839 0.05667984 0.06020996 0.04776613 0.04160664 0.04241133 0.03640223 0.02681884 0.02523022 0.0285758 0.02752097 0.01852368 0.02254312 0.02042297 0.04228164 0.05074175 0.0721342 0.04747583 0.04661155 0.02434821 0.01311544 0.01181154 0.01043362 
0.1367044 0.1193801 0.125791 0.1385366 0.1733696 0.143772 0.09920872 0.09569184 0.07123882 0.1244141 0.176339 0.1836898 0.2446105 0.1625543 0.1828956 0.2195699 0.1942101 0.1573192 0.1422397 0.1313386 0.1315874 0.09861087 0.07780818 0.05563328 0.04160138 0.0260087 0.02255838 0.02463274 0.02010674 0.02203882 0.02719043 0.03745192 0.03143922 0.04732684 0.03551239 0.04021969 0.03025302 0.04248882 0.05257122 0.03546001 0.02705389 0.02552312 0.02608129 0.02209454 0.01885935 0.02092196 0.04414354 0.03206249 0.03307739 0.06952766 0.06094039 0.03387567 0.02076278 0.01675655 0.003734566 0.0041032 
0.1397089 0.09298736 0.1125753 0.1450311 0.1297796 0.1348552 0.05495336 0.07145997 0.05652843 0.120809 0.1436466 0.1990761 0.198558 0.1798655 0.2062956 0.3005754 0.2071375 0.1553629 0.1989354 0.1788432 0.1359905 0.1248216 0.07656354 0.06922948 0.04161913 0.02773897 0.02056762 0.01128445 0.01924442 0.01354599 0.007908758 0.0506961 0.0296713 0.02299109 0.02132916 0.03124497 0.02198321 0.02720933 0.05861784 0.03538647 0.02534536 0.01738704 0.01329845 0.01014742 0.008986269 0.02576956 0.04213766 0.03471505 0.0340308 0.0298917 0.03020477 0.05655663 0.03635126 0.003958545 0.004197969 0.009785131 
0.1706712 0.1532146 0.1250305 0.1258746 0.09842467 0.08195869 0.09024306 0.08062861 0.09610008 0.105088 0.1433396 0.1782889 0.1735497 0.1565422 0.1541757 0.2980705 0.2702031 0.2376119 0.2045055 0.1525828 0.1437943 0.134585 0.07481266 0.05550921 0.04937113 0.01850932 0.01027871 0.004107235 0.009181856 0.008393158 0.007500767 0.01704307 0.02290812 0.009539376 0.01196288 0.01712955 0.04200404 0.03576944 0.03204053 0.03134964 0.01292814 0.0164559 0.03330762 0.02759643 0.03196418 0.02941603 0.03690486 0.03737807 0.04075451 0.05658317 0.05529841 0.06855887 0.06034638 0.05820135 0.04269162 0.04770134 
0.1560365 0.1512517 0.1117699 0.08559794 0.1039227 0.08914004 0.07403357 0.09723876 0.09789053 0.121719 0.110412 0.2643514 0.219677 0.1450866 0.1627145 0.3185815 0.2676374 0.2230926 0.1572311 0.2259974 0.1809827 0.1307866 0.1085604 0.07311183 0.03088507 0.022415 0.01477599 0.003477541 0.003326513 0.002900614 0.00335638 0.005985898 0.006708744 0.01197883 0.01904469 0.02044375 0.02426877 0.02464243 0.02844678 0.0166228 0.03073153 0.07457779 0.06020181 0.05052753 0.04218672 0.00695082 0.006737718 0.009927243 0.01734501 0.02592641 0.02870544 0.02243398 0.05017473 0.03216771 0.01648196 0.01664915 
0.1792086 0.1398246 0.08808451 0.08632063 0.101841 0.1195021 0.09089901 0.1336361 0.1394572 0.1686458 0.1092359 0.2359729 0.1634233 0.1409849 0.1133147 0.2247356 0.2279565 0.2727165 0.1874528 0.1263059 0.1016687 0.1216892 0.06287596 0.04443153 0.01537838 0.00457073 0.003805343 0.004176799 0.003902576 0.003077521 0.003745845 0.007945909 0.009193447 0.01217303 0.008626305 0.01174309 0.01146123 0.01527006 0.01733223 0.02505101 0.0139422 0.02944146 0.05017535 0.07022311 0.02717579 0.007052511 0.004972068 0.005575636 0.00711972 0.00590738 0.007444652 0.01389058 0.00207372 0.0103422 0.00531439 0.006825367 
0.1629053 0.1480165 0.1029117 0.1418439 0.09609587 0.0875715 0.06867864 0.1011264 0.1263947 0.1502763 0.08906683 0.1001564 0.1513876 0.1647121 0.1016311 0.1287094 0.1994188 0.196634 0.09772582 0.06496389 0.07877654 0.08257069 0.05131235 0.03382167 0.01989958 0.004888179 0.004641495 0.006889218 0.00428832 0.003224422 0.003937482 0.003055319 0.003298246 0.003639439 0.009806919 0.006147684 0.007762216 0.007545729 0.005925459 0.025366 0.02702552 0.03919699 0.05716485 0.1064149 0.04807586 0.002076491 0.001740606 0.001816717 0.004932286 0.005264073 0.01263952 0.006461998 0.01200338 0.007160268 0.002779013 0.01664287 
0.1216092 0.09840915 0.08418675 0.08814573 0.1010533 0.08121903 0.07567122 0.09124558 0.09908438 0.1016572 0.05379462 0.08434907 0.1553416 0.1675488 0.09344222 0.1627122 0.2128573 0.158393 0.0960913 0.08639546 0.07161192 0.06738003 0.05621326 0.05093042 0.02342707 0.01339879 0.004926135 0.004888058 0.0042181 0.003271692 0.003795171 0.009287998 0.002898584 0.001714171 0.001678296 0.001596099 0.003870144 0.003236184 0.003416555 0.003757478 0.01831831 0.02330373 0.02571059 0.04564296 0.009358712 0.004291711 0.005248017 0.01051655 0.0322213 0.01241689 0.007232055 0.001060548 0.008355885 0.01183667 0.01302385 0.02594792 
0.1436221 0.1137718 0.1151285 0.09081098 0.07401732 0.07489188 0.0593619 0.06650326 0.0817449 0.07222734 0.07248827 0.09210815 0.1498367 0.13432 0.1668445 0.179854 0.2031854 0.1545946 0.1273705 0.1290182 0.1129423 0.06065518 0.03854455 0.04792167 0.03350253 0.01685947 0.00780142 0.00628854 0.005779419 0.004814104 0.003650934 0.02245812 0.01655187 0.001164322 0.00115719 0.0009995763 0.0009869003 0.0009805823 0.002513092 0.004561743 0.00538116 0.005139322 0.008411372 0.01044465 0.009833724 0.004521891 0.0030265 0.00170614 0.00391614 0.00183114 0.001863725 0.000987682 0.007344318 0.008183967 0.01166187 0.01810637 
0.1563816 0.1309691 0.1026369 0.1088754 0.06891517 0.07252888 0.06947315 0.07994603 0.09110866 0.09245704 0.08642648 0.09400693 0.1282144 0.1263158 0.1228903 0.1677562 0.216226 0.1713953 0.1259767 0.1744658 0.1092683 0.05655388 0.04259994 0.04324511 0.02566067 0.01578332 0.01195566 0.00860663 0.007610918 0.006491055 0.00494663 0.002999228 0.01387726 0.001641136 0.001463135 0.001116571 0.000952668 0.001680028 0.004410312 0.006638264 0.007590662 0.007447918 0.01069701 0.01507032 0.009878472 0.006924856 0.001860042 0.00173901 0.005156523 0.001863293 0.001891387 0.0009953125 0.006668206 0.01405893 0.01566174 0.01126028 
0.1515378 0.1200088 0.0860892 0.09999742 0.07625309 0.07262263 0.06896657 0.1188365 0.1141397 0.08015828 0.05738655 0.07527188 0.1468519 0.1720747 0.1765604 0.1925876 0.3005044 0.190336 0.1109429 0.1821591 0.1553149 0.1041717 0.0847852 0.09123396 0.05656675 0.01978775 0.01257251 0.01826843 0.01572445 0.0136578 0.01116362 0.004910476 0.02798037 0.005310113 0.002037853 0.001075414 0.0008001364 0.001056865 0.003295963 0.005781314 0.007688795 0.01003768 0.01277985 0.0256703 0.0116321 0.006822001 0.005668356 0.00540384 0.0051422 0.004960253 0.00469768 0.004800807 0.00744079 0.02929955 0.0405083 0.03522109 
0.121755 0.09730605 0.09147687 0.1190795 0.1283509 0.08101854 0.08217964 0.1002108 0.08828928 0.0614653 0.05052244 0.07842939 0.1826279 0.1934445 0.1877202 0.2073698 0.2842474 0.2020174 0.1616828 0.179902 0.1672392 0.109623 0.0765347 0.0625774 0.09649677 0.03873843 0.01641268 0.0214972 0.01819206 0.01566865 0.01319272 0.009392174 0.009697744 0.01057032 0.003894879 0.002062971 0.001702175 0.0005786883 0.002782934 0.005579758 0.007132971 0.008146638 0.008886156 0.009711517 0.009207274 0.007756025 0.006707418 0.006544011 0.006372665 0.005975207 0.006241859 0.00576689 0.00758367 0.01538961 0.03399869 0.07888035 
0.1418231 0.1373055 0.1078788 0.1254621 0.0962732 0.07395653 0.0621757 0.08197628 0.08619729 0.06330527 0.04641576 0.05143098 0.08072341 0.1330198 0.1428103 0.1597923 0.2089066 0.2066713 0.2269083 0.2391897 0.1956461 0.1461099 0.09801465 0.1029621 0.08886843 0.07387235 0.03140314 0.02919339 0.02593799 0.02254425 0.01899335 0.02583081 0.01790438 0.005937567 0.004827641 0.002444449 0.001628185 0.001196187 0.003342754 0.006863432 0.008531743 0.008916649 0.009392542 0.01110148 0.010329 0.008731829 0.007752823 0.007541662 0.006999873 0.006636245 0.006958815 0.003976782 0.00588736 0.01284259 0.05897576 0.0895803 
0.129172 0.1368538 0.1289776 0.1242345 0.1247001 0.06802666 0.07103711 0.07056078 0.09751014 0.05713213 0.02444741 0.02932915 0.04218275 0.1290172 0.1405244 0.1750229 0.1525785 0.2274319 0.2555352 0.2612835 0.2370362 0.1958234 0.1463358 0.1438807 0.09010163 0.07997187 0.07792316 0.04801376 0.03806645 0.03394006 0.02932851 0.01661328 0.01351487 0.02369927 0.01929954 0.004764512 0.003305869 0.002476442 0.004345178 0.008746952 0.01043023 0.0107325 0.01103132 0.0129195 0.0116605 0.009695235 0.008661374 0.01076785 0.008382604 0.007544284 0.007348787 0.004460819 0.005377998 0.0112546 0.03694911 0.04127226 
0.1307982 0.1485679 0.1516377 0.1489616 0.1424725 0.1024521 0.08256417 0.09202539 0.07037846 0.03797873 0.07041056 0.04009374 0.04577849 0.1074542 0.1562106 0.1728565 0.1471112 0.1681661 0.2428355 0.2057207 0.188666 0.2151724 0.1894684 0.1768874 0.1477249 0.124545 0.1021247 0.08187516 0.0776045 0.06871826 0.05969926 0.02922775 0.03680917 0.03786265 0.03372536 0.02285031 0.01130795 0.008589666 0.009812611 0.01327989 0.01476566 0.01472258 0.01454314 0.01351633 0.01193226 0.00966572 0.01070696 0.01283133 0.01562499 0.01500906 0.01558087 0.04183351 0.01424949 0.02231746 0.06485931 0.07941599 
0.1219699 0.1005712 0.1323191 0.1456969 0.1351112 0.1023076 0.08228204 0.06705514 0.02688203 0.02241167 0.03433194 0.03041179 0.054499 0.09755372 0.1165862 0.1294785 0.1326387 0.1541528 0.1547654 0.1450783 0.1376353 0.1641484 0.2077086 0.2507194 0.1903819 0.1505253 0.1184447 0.1130157 0.1084616 0.09301605 0.07575612 0.0349018 0.05283767 0.04200875 0.02044278 0.02626771 0.01468583 0.0112555 0.01253022 0.01621431 0.01764567 0.01732827 0.01672548 0.01510129 0.01316185 0.01063106 0.009506921 0.01346822 0.01926445 0.01543513 0.03005809 0.05950876 0.03450138 0.02897802 0.05106948 0.1002459 
0.1529009 0.1136768 0.1082326 0.1387626 0.110779 0.08624619 0.08183559 0.08306621 0.03030518 0.02403159 0.04098186 0.05826553 0.07283701 0.08827887 0.08715931 0.0857162 0.1453503 0.1287103 0.1110787 0.1242437 0.14945 0.1572339 0.1440053 0.2311786 0.2000037 0.1892567 0.1324179 0.1378375 0.1452774 0.1230588 0.08672437 0.04330817 0.05781979 0.07140975 0.04909858 0.0274923 0.01871208 0.01537649 0.01710277 0.02124752 0.02258379 0.02180337 0.02041224 0.01788566 0.01504661 0.01209889 0.04326925 0.02121786 0.01449701 0.01097887 0.0129285 0.009684907 0.01769474 0.0316117 0.07660977 0.1239205 
0.1343637 0.1447621 0.1188212 0.1219943 0.1094009 0.07558782 0.07529622 0.0629292 0.04963955 0.05270888 0.04132589 0.0828985 0.08693282 0.07885905 0.06889703 0.0789691 0.1240771 0.1135748 0.1359402 0.124291 0.1464398 0.1558392 0.1240351 0.23733 0.2215409 0.1775598 0.1571223 0.1861946 0.1774637 0.1131785 0.09657354 0.07008811 0.08056467 0.04992446 0.04882026 0.0272347 0.03122254 0.02102132 0.02350683 0.02821832 0.02935238 0.02797206 0.02544984 0.03080782 0.01741536 0.01389957 0.05575881 0.01588287 0.01613442 0.01736144 0.01395562 0.05572559 0.04058443 0.02742389 0.07848334 0.07026447 
0.1661054 0.1663714 0.1710071 0.1527002 0.1083321 0.09853546 0.06192406 0.0825022 0.09184154 0.07418995 0.08166055 0.1308329 0.1120576 0.07821448 0.09055617 0.1162661 0.1088091 0.1444079 0.1476201 0.1594972 0.141749 0.2519314 0.221067 0.2533501 0.239525 0.2364534 0.2047371 0.2249501 0.1863173 0.1354931 0.1352451 0.1061888 0.0903687 0.07253342 0.05947774 0.0664826 0.06160385 0.05854509 0.05807712 0.04580753 0.04622312 0.04599168 0.0390625 0.0261719 0.01991617 0.03756578 0.02639431 0.01474686 0.01651634 0.01410171 0.01408205 0.02284997 0.04683638 0.0839448 0.07337763 0.05195583 
0.2168854 0.1719692 0.2025512 0.1376091 0.1013108 0.06573998 0.09021923 0.09799072 0.1199126 0.09097324 0.09506651 0.1074334 0.1129448 0.101564 0.1318993 0.1089901 0.08196183 0.1039602 0.1133391 0.1194567 0.1448407 0.2584884 0.2491719 0.259732 0.2721548 0.2521618 0.1948831 0.2200712 0.1735647 0.1393955 0.1214005 0.1141814 0.08087438 0.06243708 0.0605597 0.07277291 0.07168421 0.07064153 0.07001928 0.05454372 0.0547751 0.05068547 0.04374826 0.02768186 0.04034179 0.04429332 0.05111802 0.02115929 0.01659817 0.01416237 0.01616811 0.03930849 0.06639159 0.0710303 0.04137591 0.03401517 
0.2484149 0.1837067 0.2044596 0.1245975 0.1139768 0.06709543 0.07243022 0.08036129 0.09643248 0.08241893 0.0699431 0.07760916 0.09875447 0.09436303 0.0790666 0.07535069 0.06128535 0.0768254 0.1042519 0.09498887 0.08129515 0.1248026 0.2301917 0.2947231 0.3497333 0.3290155 0.2489811 0.2618039 0.2094572 0.1594314 0.1230542 0.09597824 0.06655813 0.05996854 0.06803732 0.08932593 0.07872164 0.08518241 0.07627519 0.05760355 0.05789872 0.05345884 0.04583237 0.03037533 0.02312739 0.04018245 0.0292949 0.01694843 0.02003881 0.01595354 0.01704158 0.01605706 0.05202039 0.06191251 0.03878131 0.01831784 
0.2045078 0.1727497 0.1751113 0.1130315 0.07803559 0.05438114 0.05502316 0.05447942 0.07894746 0.05725604 0.05682698 0.09585803 0.08769888 0.08022497 0.06341039 0.05909532 0.0454784 0.05504299 0.07578672 0.1072826 0.08216666 0.06574188 0.1154726 0.2342922 0.3094978 0.2895789 0.2409313 0.2275332 0.2437846 0.1510121 0.1270547 0.1032464 0.07619132 0.061413 0.06859105 0.1286754 0.1143314 0.07255378 0.07198017 0.05613051 0.0565572 0.05245806 0.04525503 0.02867603 0.02275531 0.0192243 0.0178858 0.01935133 0.01999411 0.02313294 0.02236271 0.01976233 0.04475305 0.03254962 0.01918294 0.02339941 
0.1923875 0.1421103 0.09378915 0.0835503 0.04925444 0.02690642 0.04746164 0.0829786 0.108336 0.06360505 0.0520375 0.09935348 0.1493832 0.1085633 0.0782885 0.07471174 0.07160883 0.08247104 0.0909347 0.09315434 0.08337808 0.06954989 0.08603313 0.1887887 0.2297079 0.2086446 0.1781739 0.1980563 0.2219681 0.1390181 0.08989432 0.1005184 0.1115673 0.05988449 0.06044476 0.09799197 0.1625675 0.07561676 0.07345288 0.05273406 0.05342078 0.0506129 0.04338995 0.0276357 0.02221794 0.01847825 0.01782431 0.02080461 0.02339955 0.02287981 0.03210049 0.03647644 0.02441067 0.04291752 0.05922531 0.03059444 
0.1706508 0.09542991 0.043238 0.05275568 0.04020741 0.02202732 0.05243826 0.09003029 0.07740938 0.07663494 0.07959681 0.09401888 0.1294156 0.1123058 0.09208512 0.09180912 0.07638447 0.09739783 0.1120332 0.1345223 0.1241915 0.06807356 0.07074279 0.160525 0.2063447 0.1877403 0.2070601 0.247504 0.2386214 0.1899429 0.08130366 0.09253727 0.1024049 0.1021264 0.06490163 0.08095145 0.07792867 0.07578705 0.07317474 0.05201155 0.05288661 0.04962 0.04354213 0.02997382 0.02514577 0.02264915 0.01978265 0.02294926 0.02441541 0.02647118 0.05195549 0.06808252 0.06513523 0.07179864 0.0494166 0.03329706 
0.1480884 0.09122721 0.04912378 0.05948312 0.0611781 0.07873283 0.09768193 0.08084562 0.06947426 0.0764196 0.06473815 0.0922741 0.09731319 0.1011114 0.09696573 0.09823122 0.1271691 0.1094464 0.1197524 0.1299962 0.1107746 0.07195177 0.06395362 0.133965 0.2135655 0.2308106 0.2068527 0.2127259 0.2608612 0.2499798 0.1510953 0.07689299 0.07048406 0.09623639 0.06426004 0.0829232 0.0658837 0.06659546 0.06674588 0.0502508 0.05170436 0.049084 0.04398521 0.02991114 0.02618653 0.02313222 0.02336062 0.0281097 0.02846626 0.03716185 0.03541072 0.04550206 0.03430934 0.02982832 0.03326427 0.03745037 
0.118207 0.08084929 0.06714673 0.07198574 0.09789202 0.09901285 0.07192651 0.05896534 0.06780487 0.06425518 0.061032 0.1070312 0.1219699 0.1077946 0.1276308 0.1387104 0.1540969 0.09961291 0.09566684 0.07448014 0.05331203 0.0398647 0.05201199 0.1264142 0.1873543 0.2319469 0.18006 0.1513857 0.1095626 0.1251217 0.1123779 0.08258062 0.08993481 0.04841677 0.05960218 0.08052805 0.0685294 0.05894893 0.06023887 0.0499213 0.05261887 0.05103702 0.04539337 0.04842112 0.02947039 0.0296064 0.04801288 0.04595648 0.04033693 0.05037535 0.05777363 0.03904707 0.05096817 0.03664553 0.04558041 0.04827484 
0.1289887 0.119154 0.08912845 0.0932664 0.08482616 0.08830843 0.07517856 0.08502908 0.1004387 0.08166177 0.06181891 0.09611057 0.1162045 0.1315322 0.170213 0.2047048 0.1966708 0.106329 0.1154496 0.06039488 0.04375568 0.02751658 0.03450557 0.09776206 0.2078587 0.1700441 0.1223751 0.1174603 0.07429976 0.02573179 0.02856208 0.06121957 0.04360601 0.05039625 0.05968585 0.04468125 0.0300547 0.04042951 0.03512521 0.03947853 0.04497005 0.04350342 0.04270743 0.03595181 0.03406694 0.04811281 0.06669576 0.05782944 0.05144181 0.08510581 0.09764098 0.06783231 0.07546645 0.07088235 0.06668527 0.07216604 
0.1553286 0.1425675 0.07032923 0.0900618 0.06845552 0.06678396 0.07027866 0.06923674 0.08492834 0.07255496 0.05460128 0.07910758 0.1107809 0.1219268 0.1510679 0.2011916 0.2352806 0.1384251 0.08863876 0.03894622 0.02671962 0.02696679 0.03447054 0.08452883 0.1129548 0.1342537 0.114509 0.1027782 0.1374144 0.05895148 0.01586897 0.02817282 0.03078584 0.04130058 0.0280235 0.03024027 0.03493289 0.02872382 0.03862448 0.04680391 0.04923674 0.05204469 0.04631998 0.05223098 0.0808026 0.1110832 0.1091278 0.07167418 0.08609039 0.08468126 0.101233 0.06730761 0.08132003 0.1002017 0.06963922 0.09708904 
0.1298952 0.106895 0.06120287 0.0512947 0.03864288 0.05769104 0.05119634 0.05020818 0.07356745 0.07132138 0.06465905 0.0881006 0.1030904 0.1133376 0.153264 0.1841572 0.219123 0.1606116 0.08525931 0.05757096 0.04069087 0.04668086 0.05179617 0.1012997 0.09188654 0.1077615 0.08763202 0.06480367 0.07540099 0.0591962 0.02288668 0.01814554 0.02758375 0.04065205 0.02631949 0.01823575 0.02184835 0.02590777 0.03660914 0.05146111 0.0554903 0.05786649 0.07138099 0.1075501 0.08651205 0.1114161 0.1109804 0.1814298 0.1088971 0.1004537 0.0866176 0.09828908 0.08944234 0.08649632 0.09851801 0.06158408 
0.1947675 0.08529939 0.05941106 0.03927465 0.04149863 0.05786394 0.04797936 0.04598796 0.04978252 0.0585756 0.06592681 0.08289258 0.08623213 0.09770472 0.1471575 0.1608156 0.1280623 0.1188818 0.07166889 0.08116464 0.05379032 0.08015995 0.04610869 0.08555792 0.08586755 0.1163281 0.04684647 0.04172302 0.03704891 0.02455182 0.0100223 0.0137472 0.03697692 0.0211205 0.01174084 0.01739525 0.02173165 0.02402378 0.03080853 0.04465725 0.04703511 0.05778334 0.07497206 0.124179 0.1351021 0.1958339 0.1019512 0.09985914 0.09390429 0.09586041 0.1151769 0.09640667 0.1022467 0.103507 0.06356935 0.05926317 
0.1400078 0.07693312 0.05899604 0.04741017 0.04908226 0.05300387 0.04315185 0.04290795 0.05753419 0.0692775 0.08600257 0.04154306 0.04476504 0.06988377 0.1038652 0.1157127 0.09741883 0.06207324 0.05575813 0.05300375 0.05138403 0.05239674 0.02343466 0.0389632 0.03971894 0.05649508 0.03355862 0.01663548 0.02348057 0.01122417 0.008139843 0.01520072 0.02309615 0.01280959 0.01642298 0.02478663 0.01921019 0.02317296 0.03944571 0.04261448 0.04060182 0.05055473 0.06238598 0.0937705 0.1091927 0.1217456 0.08883059 0.09001313 0.09097188 0.1095752 0.09299805 0.09478714 0.1000995 0.06453312 0.08706003 0.05652845 
0.1586459 0.07060443 0.04256817 0.04887729 0.03541447 0.03688944 0.03286149 0.0429818 0.06454043 0.06848476 0.08344769 0.03881087 0.03353307 0.04831313 0.09763146 0.08646578 0.0775856 0.05443592 0.04768318 0.03466794 0.02838458 0.03049339 0.02266373 0.03285713 0.02249114 0.01903448 0.01489408 0.01523405 0.00510794 0.006544091 0.006611592 0.01188514 0.0144349 0.008090825 0.009351017 0.01118503 0.01883902 0.0340176 0.02935257 0.03055726 0.05230385 0.06627456 0.0756076 0.07955038 0.08139206 0.09062451 0.07954974 0.08924109 0.1184394 0.1112886 0.1062003 0.1175667 0.07027996 0.083479 0.1164803 0.03637893 
0.1821558 0.05323195 0.02263686 0.04693583 0.0343333 0.03177599 0.03225124 0.03718341 0.04546088 0.05646088 0.06051358 0.03281588 0.03147084 0.03263616 0.06066439 0.08899465 0.09167247 0.05599657 0.05971499 0.04280544 0.04739037 0.03068596 0.03090733 0.009082763 0.01775056 0.01785809 0.017794 0.01833889 0.01836577 0.003954256 0.01103798 0.01249898 0.01340999 0.007720784 0.008651312 0.01052746 0.01348744 0.02393259 0.02638324 0.03023993 0.0435516 0.0768653 0.0889791 0.1102633 0.1245781 0.1670852 0.1237593 0.1066622 0.1163144 0.1105101 0.1002793 0.06644692 0.07343396 0.08000904 0.0886905 0.0489767 
0.1426837 0.0326442 0.01557485 0.02804754 0.04073747 0.03859969 0.04392608 0.0359906 0.02846087 0.05576942 0.06667829 0.04697267 0.03480504 0.02887207 0.02508696 0.05729237 0.0601005 0.04735624 0.05265621 0.04007725 0.02655989 0.02589758 0.01828918 0.009219894 0.01308992 0.02005086 0.009036238 0.007973535 0.01183926 0.02719437 0.01277292 0.007586645 0.00684767 0.007243813 0.01043944 0.03706298 0.07563483 0.02610673 0.02702076 0.03730701 0.05190521 0.06997263 0.09939066 0.147619 0.2049338 0.1991933 0.1685344 0.1914493 0.1897269 0.1690578 0.1354307 0.07290313 0.06947361 0.06232974 0.06851416 0.06075665 
0.1131834 0.05429948 0.009971513 0.01436927 0.02516323 0.02734735 0.03543437 0.04225306 0.0359651 0.03562908 0.02001809 0.02441892 0.0362461 0.05184352 0.03411581 0.02780522 0.04791666 0.02807743 0.02342886 0.03664016 0.02096678 0.01737646 0.01364484 0.01233189 0.009356193 0.007595056 0.006939304 0.006489613 0.008298037 0.007777605 0.006087394 0.007384479 0.008319931 0.009092284 0.01014341 0.04634967 0.2706579 0.04797367 0.02945744 0.03385713 0.04801792 0.0777647 0.1209202 0.1738124 0.2121358 0.1935909 0.1925278 0.2424292 0.2742701 0.2090515 0.07482941 0.06083075 0.06219234 0.05732279 0.04511204 0.02525 
0.09576323 0.0596933 0.01292224 0.00800286 0.02038772 0.03636719 0.03397764 0.03019971 0.03080519 0.04587894 0.01917733 0.01592526 0.04431456 0.05341141 0.03240171 0.01560826 0.01431447 0.02311468 0.03319219 0.02562263 0.009233397 0.00810642 0.007455257 0.01218734 0.01401954 0.007641299 0.006877057 0.005600422 0.004736428 0.007126555 0.007988285 0.007160258 0.007123374 0.008520207 0.01122466 0.01967755 0.03774103 0.02419732 0.03379957 0.05670146 0.05767682 0.07584651 0.134901 0.2015165 0.2075454 0.2020618 0.2028354 0.2084426 0.2689443 0.1245982 0.09767441 0.07490065 0.064438 0.07257635 0.05003753 0.02829167 
0.1056716 0.03353865 0.01574419 0.01154585 0.009864408 0.02717391 0.041958 0.04112488 0.03774045 0.03913407 0.02641642 0.01694556 0.04830018 0.0587352 0.02167744 0.01197301 0.0126002 0.01082532 0.008594044 0.008618172 0.007159484 0.006919741 0.006646094 0.007775731 0.007473422 0.007035024 0.00767444 0.005691831 0.004352735 0.006901651 0.008988856 0.008361276 0.01040822 0.01089438 0.01402465 0.02255052 0.0265398 0.02985919 0.04016712 0.06089347 0.05037716 0.065596 0.1163474 0.1571448 0.1647696 0.1468279 0.1517006 0.119786 0.1339346 0.07317249 0.07497764 0.05846571 0.04799767 0.05577052 0.06235328 0.02633333 
0.08808127 0.02340457 0.01397807 0.01534296 0.02305973 0.02251609 0.02446765 0.0546145 0.04023666 0.009042021 0.02354996 0.01350236 0.0416875 0.05391612 0.02774282 0.01331632 0.007503263 0.007007899 0.006338699 0.006021596 0.006134529 0.007234015 0.00535528 0.006237302 0.006017473 0.01336078 0.01496835 0.004342425 0.003852527 0.01235291 0.00665176 0.01564066 0.02391224 0.01974611 0.02284211 0.03691486 0.0391039 0.03307585 0.03608873 0.05291648 0.05594842 0.09473505 0.1253674 0.1295536 0.1397748 0.1270218 0.1500983 0.1226975 0.08768532 0.06910204 0.06976211 0.0522478 0.05335329 0.06707735 0.05247526 0.02975 
0.03597694 0.02325309 0.01635536 0.01976153 0.02832849 0.02256408 0.02343934 0.02531001 0.0243676 0.01546711 0.01678702 0.00662129 0.03575523 0.01764614 0.02355718 0.00714508 0.005439273 0.004798246 0.004756423 0.005852804 0.006574701 0.006062051 0.005950131 0.008206804 0.01827542 0.008360156 0.006709981 0.002490808 0.002400519 0.002390415 0.005092248 0.004360227 0.01391666 0.01118296 0.01520789 0.02764965 0.03117015 0.03993785 0.05043596 0.06882685 0.09279732 0.1044668 0.07595763 0.09871324 0.1082869 0.119111 0.1202523 0.1136728 0.09085181 0.07349942 0.06579347 0.02175 0.05020833 0.02608333 0.03054167 0.04075 
0.02053267 0.02410341 0.02270498 0.02145416 0.01887437 0.01556086 0.01668501 0.02210525 0.01996996 0.01689143 0.01413742 0.004367503 0.006767246 0.006291283 0.003571838 0.004095196 0.002963726 0.002757048 0.00280096 0.00355261 0.003556482 0.003572954 0.003503947 0.01969361 0.006654921 0.005844198 0.001931952 0.001940045 0.002184298 0.002120927 0.002536115 0.006279822 0.008369697 0.01117782 0.01548328 0.02104365 0.02760625 0.04260616 0.04050636 0.06904317 0.08720143 0.105234 0.09331479 0.1194418 0.09704187 0.129551 0.1651444 0.09742219 0.07640547 0.07680605 0.06843697 0.01375 0.03825 0.04958333 0.02945833 0.03620834 
0.03579322 0.01508824 0.01123434 0.0174797 0.01508727 0.0148885 0.02399558 0.02753386 0.01713746 0.01438984 0.01190616 0.003182461 0.01173253 0.002517903 0.002064731 0.002161884 0.001691248 0.001510793 0.001596007 0.002073515 0.002205967 0.002207334 0.002536918 0.006697739 0.003991157 0.001815217 0.001251675 0.003524499 0.001909326 0.001890828 0.004618552 0.007505466 0.009825878 0.01416109 0.01488398 0.02160884 0.02772192 0.02937235 0.04572633 0.06013775 0.1009689 0.08827573 0.07391223 0.09450218 0.0866226 0.1201079 0.1249074 0.08328193 0.075992 0.07860468 0.07347907 0.01475 0.04520833 0.06754167 0.04616667 0.03158333 
0.03731297 0.01895992 0.01266262 0.01741181 0.01330475 0.0117673 0.01455259 0.01362096 0.01600971 0.01397293 0.01208879 0.008031601 0.007613459 0.005518055 0.002613851 0.002013997 0.001837552 0.00119989 0.001646529 0.001620138 0.001665654 0.001876072 0.002848706 0.001835288 0.003725077 0.002661544 0.00112697 0.002375113 0.01428979 0.02019762 0.01627618 0.01225962 0.02935344 0.02477062 0.02122505 0.02503955 0.02540576 0.04086903 0.04841292 0.05191748 0.06655391 0.08372427 0.07246623 0.07582259 0.08089245 0.1017775 0.0720695 0.08173013 0.07799034 0.07090622 0.06450001 0.01204167 0.032625 0.05166667 0.04025 0.0405 
0.03321875 0.02305068 0.02124884 0.01536923 0.01446041 0.01169259 0.02263479 0.01500129 0.02310666 0.01297846 0.01175576 0.006701872 0.003735268 0.006340445 0.008855868 0.002648238 0.001362109 0.002888716 0.000691871 0.002260628 0.001286042 0.0007611476 0.0008305934 0.001536406 0.001643099 0.002990551 0.005054499 0.002771076 0.009302439 0.02201479 0.02339308 0.0134044 0.02409139 0.02286316 0.01445671 0.02022134 0.02934058 0.0456886 0.03583061 0.05196378 0.06140067 0.07732191 0.08122697 0.07340528 0.06988633 0.1021221 0.05184289 0.04295187 0.03625617 0.03028898 0.02916373 0.006708333 0.01429167 0.022875 0.018875 0.05383333 
0.03915512 0.016894 0.0161315 0.04019597 0.02015526 0.01810987 0.0164691 0.01992525 0.01824054 0.01477134 0.01100957 0.003878349 0.00255343 0.006049337 0.004249824 0.0006977105 0.001183045 0.001143119 0.0002387794 0.0007535643 0.0005122441 0.0004497872 0.0005714765 0.0007639459 0.0008911898 0.005461587 0.00121101 0.003408462 0.004654779 0.01257389 0.01297176 0.01326403 0.01109597 0.01147427 0.01474206 0.02719583 0.05207746 0.0387246 0.04210805 0.07246311 0.07149772 0.07911347 0.06766129 0.05998429 0.06085743 0.09692227 0.04800831 0.03685012 0.04142927 0.02777684 0.026494 0.008166666 0.01229167 0.03433333 0.02495833 0.04441667 
0.02619169 0.04063806 0.01053219 0.02708922 0.02242261 0.01927875 0.02010932 0.02554603 0.01839355 0.01627126 0.0116922 0.008172187 0.00289739 0.001701771 0.001314257 0.002910183 0.002129225 0.003602022 0.001427267 0.0001998357 0.0002151818 0.0002982957 0.002083208 0.001278536 0.003466962 0.002257735 0.002201451 0.004107516 0.005845708 0.0121221 0.0088598 0.01290992 0.01376056 0.01187949 0.01504336 0.02750435 0.04380937 0.0390451 0.03453909 0.05888344 0.06904118 0.06544342 0.06831834 0.06398677 0.0606643 0.06871243 0.04822744 0.03030119 0.03289174 0.04517696 0.03247821 0.008083333 0.01233333 0.014 0.02133333 0.03958333 
