ncols         56
nrows         54
xllcorner     28.264
yllcorner     -5.7719999999999
cellsize      0.25
NODATA_value  -9999
0.05715451 0.05888738 0.06160685 0.06388745 0.05912142 0.06256783 0.1116692 0.1955491 0.1403456 0.108336 0.06078326 0.03749431 0.02935083 0.03739755 0.04187063 0.04869716 0.07117206 0.1117635 0.2093793 0.1564097 0.2008295 0.1773353 0.1689869 0.1731665 0.2100507 0.261556 0.2729162 0.2435678 0.2466756 0.197318 0.1380211 0.07716927 0.09228963 0.1175304 0.1711964 0.1143974 0.06050724 0.04541083 0.02907305 0.01517092 0.01339182 0.02326638 0.06406678 0.002421402 0.0102592 0.01367658 0.001841134 0.002149007 0.005722985 0.01013849 0.01988192 0.008699768 0.01774154 0.02697087 0.02851866 0.01935243 
0.05925102 0.06209184 0.06251328 0.06257658 0.05802111 0.08284438 0.1200683 0.2752271 0.2147126 0.06988452 0.02796439 0.01424764 0.1007778 0.02713598 0.05802347 0.1245637 0.1423483 0.1767074 0.214528 0.2102262 0.1859721 0.1742462 0.1705234 0.186351 0.254308 0.2879468 0.1884837 0.2104639 0.2297738 0.140243 0.115118 0.1198887 0.08303923 0.09288957 0.1158849 0.06871942 0.08531966 0.07778136 0.05043843 0.02600896 0.03311495 0.0343485 0.009099206 0.003406704 0.007017401 0.01341524 0.001238889 0.00212667 0.009861859 0.01669169 0.03919267 0.006284077 0.005261527 0.02381803 0.02230346 0.04280876 
0.06353455 0.06288346 0.06031213 0.07573035 0.07871374 0.1791568 0.1677509 0.14679 0.1770179 0.101189 0.04840891 0.05859871 0.1505131 0.1072332 0.1098758 0.2144529 0.2290238 0.2406854 0.2856599 0.1923291 0.1974123 0.1789673 0.2053024 0.3216254 0.3770396 0.2847874 0.1784533 0.1644978 0.1978707 0.1758698 0.1129333 0.1244055 0.1390683 0.1225519 0.07968716 0.05666218 0.05011974 0.04436793 0.03209876 0.02355661 0.08232123 0.04219183 0.01939737 0.01312455 0.02522687 0.01701259 0.04865297 0.008795355 0.007139582 0.01367294 0.01042674 0.01863847 0.01710708 0.02539161 0.01517769 0.01606742 
0.07503022 0.06997114 0.06348336 0.08707285 0.111326 0.2062909 0.1639124 0.08741765 0.08103704 0.1571881 0.06852965 0.1105484 0.2154233 0.2427171 0.1873099 0.2125704 0.2126398 0.1981417 0.225051 0.1979885 0.1902612 0.186642 0.2336618 0.2780713 0.3289275 0.2412435 0.2456756 0.3500846 0.3165245 0.2006543 0.1600986 0.154164 0.1777228 0.1964703 0.1134399 0.0915889 0.04505004 0.05714825 0.06107388 0.1089939 0.06696327 0.08135208 0.06563317 0.03368794 0.03176109 0.06962021 0.100136 0.04596629 0.03262508 0.01664418 2.11568e-005 0.0001695474 0.01010209 0.03121866 0.03431777 0.03856536 
0.0878484 0.06588788 0.07856692 0.09673581 0.1849919 0.1903878 0.1109234 0.07111919 0.06900194 0.1356213 0.08526236 0.04330521 0.1187013 0.266593 0.1976248 0.1738334 0.1878689 0.1731544 0.184977 0.1463162 0.1664179 0.2026224 0.2000374 0.2268582 0.2126078 0.2602065 0.3032895 0.3533781 0.3017364 0.2076011 0.205852 0.2212933 0.1787938 0.2234477 0.2095047 0.2209487 0.09845897 0.08701403 0.0616188 0.07297818 0.08159344 0.1108348 0.08371756 0.07285222 0.0949786 0.1098351 0.1146641 0.06919133 0.04664436 0.0506598 0.02546282 0.01081244 0.005394997 0.01761196 0.04023051 0.02656182 
0.1019895 0.0720611 0.1078401 0.1933766 0.2819279 0.1185883 0.08189495 0.1101696 0.05775674 0.03657432 0.06006471 0.03695976 0.05845931 0.09952772 0.1235035 0.1323037 0.170557 0.1279639 0.2198199 0.2055991 0.2339199 0.2949993 0.2103395 0.238535 0.2474805 0.2107717 0.2619397 0.297283 0.203898 0.2559777 0.2365124 0.295524 0.2305457 0.1902604 0.2271971 0.262225 0.1558168 0.1069035 0.05870932 0.05869917 0.08886515 0.07722525 0.05598019 0.09979748 0.1278887 0.1312977 0.1143977 0.06196107 0.0512154 0.05401991 0.03358485 0.006783051 0.005109722 0.01914349 0.01421202 0.005263168 
0.1896734 0.1387944 0.2434319 0.4454549 0.2497241 0.1084475 0.07965711 0.07596225 0.04265082 0.04500442 0.05360156 0.05104331 0.05228994 0.04428393 0.104694 0.1155239 0.0898999 0.132862 0.1453721 0.1361227 0.2085068 0.2333839 0.209882 0.146935 0.2613042 0.2055544 0.2590159 0.2952083 0.2712361 0.2529597 0.2856849 0.3646183 0.2474474 0.2898843 0.2292583 0.226282 0.2053878 0.1971433 0.1321635 0.09289352 0.09128816 0.06286766 0.0494049 0.0621235 0.113097 0.1064905 0.08453804 0.06501731 0.04304652 0.06153861 0.03353314 0.006496714 0.01158137 0.02539706 0.02971536 0.01753084 
0.2330783 0.1426467 0.09521454 0.1960979 0.1746365 0.09160162 0.05833157 0.07352982 0.06739122 0.0922235 0.06815202 0.04408462 0.03722888 0.05652586 0.08922998 0.1238243 0.09317911 0.08558279 0.09484832 0.1888988 0.2056371 0.1805817 0.1297199 0.1618356 0.2286835 0.3064471 0.2473804 0.2715884 0.2326647 0.2438498 0.3133363 0.4533063 0.2867642 0.2582446 0.2652987 0.2243667 0.2179138 0.2411629 0.1425546 0.1246348 0.1190157 0.1053129 0.1015224 0.112206 0.1087152 0.123102 0.09338683 0.0735774 0.05655019 0.07408925 0.07762969 0.01968885 0.0400272 0.03786784 0.02726692 0.04248545 
0.1416001 0.1163251 0.08579862 0.09659086 0.09308994 0.0792662 0.05005216 0.05745631 0.0514114 0.06860509 0.05489186 0.04417745 0.02869527 0.03980759 0.0631292 0.1186204 0.1103774 0.1355809 0.1964534 0.197567 0.1943224 0.1267266 0.1050462 0.1207521 0.1916004 0.2180351 0.3347633 0.3046689 0.2711701 0.2459335 0.3147092 0.3872131 0.3220348 0.3683045 0.3439492 0.2375431 0.163419 0.1430806 0.1478836 0.1683231 0.1641795 0.1431251 0.09683318 0.1430412 0.1298175 0.08529178 0.05663263 0.05608998 0.05029781 0.0477489 0.06468167 0.04497945 0.08020638 0.1154466 0.08991303 0.04328143 
0.1700803 0.1991097 0.1851505 0.1132139 0.1032271 0.1470615 0.06139232 0.07032724 0.05822871 0.03296538 0.03252059 0.02805171 0.04623062 0.03471581 0.08866194 0.168271 0.1143085 0.1238414 0.1825388 0.2048932 0.1915616 0.128628 0.1129106 0.1303765 0.1521436 0.2028277 0.327345 0.292309 0.2962665 0.3184218 0.2695211 0.2920578 0.3399684 0.3106878 0.2192423 0.2448218 0.1776853 0.1178226 0.1133516 0.1389526 0.202266 0.1610732 0.09524626 0.120384 0.07790064 0.02914433 0.0455294 0.04071098 0.03878069 0.05069296 0.06706942 0.07821084 0.0839845 0.1466488 0.1188837 0.0424243 
0.217352 0.3092645 0.1811883 0.1131539 0.1202909 0.1166422 0.1413217 0.1236459 0.09515569 0.09957719 0.09170102 0.1302934 0.1252393 0.1098346 0.1272076 0.1542704 0.1429698 0.123103 0.1612497 0.158859 0.1274821 0.1938154 0.1796731 0.1803822 0.1717281 0.2935737 0.3738332 0.2727398 0.2711951 0.2335321 0.2140489 0.2402525 0.2797828 0.3169053 0.2406595 0.2660965 0.1821517 0.1534024 0.1031246 0.08099712 0.0955339 0.1103308 0.0931136 0.1307489 0.08550725 0.0384807 0.04610277 0.05775059 0.04969979 0.0457379 0.05603379 0.08910697 0.08596721 0.07026949 0.07648804 0.04079723 
0.3203743 0.2832151 0.2470922 0.1766447 0.1687496 0.142657 0.1328139 0.2333274 0.2358838 0.2308943 0.2024781 0.1520076 0.1134824 0.09547121 0.1362879 0.171204 0.1361668 0.2068073 0.1265711 0.226804 0.2523918 0.386513 0.3127804 0.1929413 0.2530544 0.2752073 0.3215196 0.3065353 0.2496701 0.2294445 0.1780018 0.28329 0.3720998 0.3111822 0.2421803 0.2240408 0.1649935 0.1193238 0.05832693 0.07506579 0.07280222 0.07420065 0.06617961 0.1147124 0.08707564 0.07167695 0.07880408 0.1393501 0.1110376 0.08499824 0.0940984 0.101965 0.09695706 0.09331256 0.126286 0.07750893 
0.327788 0.2806192 0.2638518 0.2642064 0.2473191 0.1664204 0.1162565 0.1698985 0.267904 0.2958006 0.2321405 0.1742737 0.1978429 0.1879648 0.1317992 0.1660282 0.1712104 0.1257859 0.1125846 0.1578258 0.2161671 0.2496471 0.1911149 0.1703856 0.2657498 0.307472 0.2994344 0.2318869 0.2442315 0.1856064 0.1606868 0.2175619 0.26548 0.2382514 0.2202293 0.2039247 0.1691352 0.09109401 0.07247895 0.08630119 0.08078691 0.08511966 0.06882628 0.09262197 0.1075616 0.08596578 0.1217509 0.1494778 0.1453259 0.09086119 0.07249358 0.06581356 0.1073857 0.08793331 0.06216227 0.1040866 
0.3098099 0.2654379 0.2000141 0.1798792 0.2347951 0.1638057 0.1112393 0.1326033 0.3664547 0.3832839 0.2260648 0.2111376 0.2298489 0.3021266 0.1750043 0.1837571 0.1949765 0.1606925 0.136729 0.1945885 0.200132 0.1845033 0.17465 0.1967087 0.3041136 0.2606266 0.2249377 0.2062148 0.1807285 0.2121453 0.1990286 0.2308369 0.2946677 0.3065651 0.2333948 0.2628618 0.1543453 0.1145346 0.08925351 0.09224404 0.09735645 0.1191123 0.114367 0.1133826 0.1384069 0.1286357 0.1199968 0.1279273 0.1386997 0.1136884 0.09394056 0.0901967 0.09683722 0.09098064 0.1009852 0.07087434 
0.3825755 0.3770863 0.3277096 0.3088118 0.2972019 0.1901349 0.2145012 0.3629604 0.3504637 0.2927357 0.2226212 0.2288046 0.1527002 0.2229013 0.1416311 0.1997369 0.1719508 0.2580125 0.1974548 0.2325633 0.264068 0.2472159 0.2049218 0.2652788 0.3033329 0.2602648 0.1939825 0.2317881 0.2520786 0.2399296 0.2601563 0.2727943 0.2950675 0.3385894 0.2195961 0.1026299 0.07152787 0.08852408 0.1587097 0.1050208 0.1218157 0.1615157 0.155862 0.1280013 0.146 0.1304216 0.1309444 0.1531932 0.127408 0.1261419 0.07694077 0.102154 0.1072669 0.09489442 0.1029883 0.07537207 
0.4922227 0.4480602 0.4717381 0.4383017 0.4084308 0.2680461 0.3498565 0.4051679 0.3221333 0.2725655 0.2446196 0.2606806 0.2481378 0.1930712 0.2240502 0.1885843 0.2305852 0.2608474 0.1799176 0.2303968 0.2919939 0.2153623 0.2017546 0.3254907 0.3018212 0.2394605 0.1680059 0.2027013 0.2264676 0.2066189 0.2026503 0.2687527 0.2624057 0.2126923 0.1474615 0.08780611 0.197748 0.1944566 0.1840378 0.1618425 0.2250649 0.22549 0.2019079 0.1486129 0.1428267 0.13557 0.1439746 0.2056873 0.2008429 0.1789749 0.1573922 0.1193522 0.1213739 0.1529823 0.09339627 0.1292783 
0.4627391 0.4296729 0.3615524 0.3827207 0.306248 0.2825035 0.3520764 0.3783559 0.3236525 0.2867287 0.2190844 0.1953401 0.1853542 0.2141784 0.2426939 0.2445256 0.2299932 0.3605385 0.2816046 0.2383427 0.2547956 0.261422 0.1912158 0.302201 0.3529498 0.3319474 0.1649484 0.1659473 0.1551585 0.1665564 0.145475 0.2101409 0.1510074 0.1290839 0.1244897 0.08249353 0.09280521 0.1299124 0.1469692 0.1569739 0.2727202 0.2467739 0.2001083 0.1888611 0.1629138 0.1362394 0.1711171 0.192288 0.2267228 0.1846422 0.174882 0.194262 0.1582931 0.1949824 0.1282502 0.07962611 
0.3524236 0.2783758 0.2447333 0.2906695 0.3610837 0.3623126 0.3425659 0.2876682 0.2527888 0.1882072 0.2050986 0.2875198 0.2599027 0.2384827 0.2614537 0.2504933 0.3273646 0.3449842 0.282831 0.291914 0.2128848 0.1859885 0.2146702 0.2825497 0.3278897 0.2908035 0.1940589 0.1696663 0.1879295 0.1566868 0.1354506 0.1525872 0.1452448 0.1011418 0.08334854 0.07838318 0.1047161 0.1292132 0.1450437 0.1501389 0.1447942 0.1786314 0.2309882 0.2351465 0.1682162 0.1852423 0.2025525 0.2158358 0.2514411 0.2367141 0.2228978 0.1941095 0.185301 0.2197245 0.1897241 0.1620223 
0.3486532 0.2432646 0.1636614 0.2903964 0.311201 0.3241959 0.2701123 0.2806735 0.27498 0.2448488 0.4020292 0.3549209 0.3515109 0.380617 0.370065 0.2932437 0.2837965 0.2216984 0.1823801 0.1850771 0.1348389 0.1189507 0.159535 0.2301049 0.2346534 0.2721065 0.2139869 0.1874072 0.2366274 0.1911165 0.1320747 0.1018694 0.1615928 0.1479938 0.09327885 0.05789407 0.08259579 0.07962523 0.1286722 0.1379605 0.1755091 0.1965689 0.2042053 0.2881069 0.2202009 0.204827 0.2144366 0.2809586 0.2447623 0.2805795 0.2607797 0.2075672 0.211971 0.2311078 0.2588985 0.2696822 
0.2970917 0.2588339 0.2557578 0.3009001 0.3563848 0.3130598 0.2942237 0.2976134 0.2653216 0.3155732 0.3534379 0.298259 0.4837507 0.5201892 0.4998265 0.4211521 0.2705448 0.2543611 0.3223577 0.1751708 0.1516979 0.1785151 0.1714966 0.2064467 0.2005687 0.1752536 0.2306643 0.1946725 0.2417409 0.2161878 0.1605519 0.1129638 0.123875 0.1283956 0.1285013 0.1192896 0.09898283 0.1183084 0.1240906 0.1581717 0.1973004 0.2052368 0.2251759 0.1981074 0.2074757 0.1613852 0.1633715 0.1657944 0.206363 0.1874062 0.2056256 0.2116866 0.2379486 0.1965594 0.2457003 0.3054308 
0.3990366 0.3043378 0.2760824 0.276651 0.267883 0.3512903 0.2605809 0.2099703 0.2404344 0.2258426 0.2800222 0.2497516 0.420919 0.6245603 0.4086336 0.3965005 0.3561364 0.3269788 0.4084382 0.294886 0.2530891 0.2220492 0.1747874 0.1793492 0.1486788 0.1438918 0.2175419 0.249721 0.2205257 0.1586267 0.1557413 0.1406652 0.1315951 0.1049912 0.1707247 0.1317718 0.119409 0.1368338 0.1408996 0.1652663 0.2186943 0.2073997 0.2419666 0.2396168 0.2013524 0.2084855 0.1553586 0.148095 0.2018545 0.1737395 0.1761916 0.2297532 0.2928213 0.2529328 0.2892569 0.3142429 
0.3749989 0.3320017 0.439768 0.4800804 0.2679674 0.3369993 0.2738081 0.2694825 0.2881631 0.2471284 0.303093 0.3041073 0.3992156 0.6361307 0.576692 0.5373132 0.2589156 0.2745301 0.282411 0.3499407 0.3513758 0.3135292 0.2230134 0.2131365 0.1974003 0.1902561 0.2140131 0.2951347 0.2437934 0.1876747 0.144129 0.1285862 0.1513349 0.1353641 0.1422526 0.1205804 0.1294655 0.1392182 0.1482209 0.13039 0.1598089 0.1879742 0.1934544 0.1981858 0.1477607 0.1830391 0.1869374 0.1731091 0.1908877 0.1901368 0.1801408 0.2613259 0.3049674 0.367423 0.3616281 0.4996167 
0.4853791 0.4031166 0.4943179 0.5494776 0.3759384 0.3639166 0.3687645 0.4043304 0.3196623 0.3255815 0.3216438 0.3611821 0.3955642 0.6107482 0.5908204 0.367979 0.288571 0.2683883 0.312266 0.4761826 0.4745015 0.398969 0.37518 0.3078339 0.2286299 0.2129911 0.2314597 0.316052 0.2550525 0.2728843 0.1843487 0.1340817 0.1481439 0.1430496 0.1989983 0.1386694 0.1142827 0.137683 0.1736249 0.136944 0.1819088 0.1456628 0.1597822 0.1533443 0.1531244 0.1301216 0.1583563 0.1989452 0.1976521 0.1934965 0.2145667 0.2743928 0.3449807 0.4073971 0.5097502 0.5814939 
0.4994453 0.4570772 0.4081882 0.4632089 0.4013531 0.3148431 0.2578941 0.31737 0.3085734 0.3983792 0.41966 0.3930171 0.4400734 0.5242882 0.5881741 0.3500656 0.3667539 0.3941638 0.3473992 0.3351095 0.3538155 0.2801716 0.3180843 0.3641174 0.3132869 0.2711728 0.2580338 0.3669848 0.3047441 0.3588781 0.2150673 0.2673897 0.1823378 0.1587949 0.1881115 0.1901449 0.1521479 0.1654072 0.2050792 0.1159664 0.1744749 0.1306159 0.1580308 0.1266343 0.1388626 0.1463121 0.1754574 0.1933601 0.2439696 0.2419642 0.2410983 0.3057517 0.3615757 0.5219518 0.5718037 0.4940202 
0.4917487 0.4250123 0.364067 0.3365922 0.4088194 0.3323521 0.2616256 0.3097085 0.3253987 0.4663897 0.2410025 0.2275249 0.335012 0.3964402 0.4234618 0.3769423 0.3376795 0.3746076 0.3822407 0.3039058 0.3534623 0.3876271 0.2839463 0.3220907 0.3255792 0.3325943 0.2846826 0.3224631 0.324793 0.2964635 0.2271319 0.2597435 0.1751487 0.1669758 0.1829947 0.2513561 0.2317173 0.2033123 0.1652416 0.151043 0.1945165 0.1726328 0.1747938 0.1625843 0.1630574 0.1607165 0.1801808 0.2356043 0.2721646 0.3174842 0.3476893 0.5034958 0.4465487 0.5178943 0.5040128 0.521148 
0.489778 0.3859987 0.3085006 0.3709417 0.3324134 0.2904851 0.1694391 0.2726975 0.3279812 0.3337506 0.240366 0.293958 0.3447522 0.3525789 0.4021346 0.3577067 0.3803673 0.4308349 0.4403089 0.3865638 0.3668084 0.3806575 0.2785639 0.2881963 0.3677812 0.3503753 0.2751307 0.3265862 0.3292291 0.3307075 0.2468442 0.1723112 0.1810638 0.2093288 0.1905382 0.3372585 0.3727444 0.2250002 0.2041647 0.1956257 0.2316208 0.2331462 0.2931469 0.1706523 0.1806601 0.1713028 0.2197681 0.2313026 0.2810614 0.364463 0.3836153 0.4694122 0.4661166 0.4822253 0.4781208 0.5656922 
0.461255 0.4054136 0.3590309 0.4083395 0.2947785 0.2852105 0.2346482 0.2148805 0.2651093 0.2721899 0.4130303 0.3705312 0.3781585 0.322287 0.3809349 0.3615615 0.4297309 0.5356746 0.5310766 0.4415949 0.4626073 0.4362046 0.4459665 0.368088 0.3413012 0.2990812 0.2631636 0.3443561 0.3416226 0.3335562 0.310862 0.2323314 0.2042573 0.1651946 0.1652244 0.2941706 0.309326 0.337531 0.3286322 0.3737244 0.3230546 0.299805 0.2485665 0.2132195 0.222605 0.2608483 0.2528808 0.2869611 0.2974185 0.3475941 0.3556483 0.4274464 0.4237026 0.4966358 0.5730317 0.5459117 
0.4814722 0.4387018 0.4052621 0.3623525 0.2953052 0.2929017 0.197593 0.2733985 0.3328032 0.3997265 0.5326356 0.4855125 0.4378312 0.4381505 0.425146 0.4013762 0.5019079 0.5945975 0.5919852 0.5919482 0.576434 0.4629426 0.4574056 0.5053988 0.4181991 0.3394951 0.3005454 0.335567 0.3424236 0.3465443 0.3165188 0.2957791 0.2772705 0.2453521 0.3066144 0.3657805 0.4001552 0.4052344 0.465407 0.4097385 0.4544018 0.3801434 0.301452 0.2136094 0.2635792 0.4182501 0.3009718 0.2831474 0.291226 0.3172609 0.3503461 0.4715036 0.3715945 0.4138451 0.5170495 0.6168524 
0.5569786 0.4289443 0.330693 0.2999701 0.2426261 0.2043389 0.1347324 0.2430607 0.314729 0.3060699 0.3752819 0.4480778 0.4391036 0.4888119 0.479682 0.4204465 0.5235556 0.5984674 0.6150475 0.6297351 0.6149163 0.5961218 0.6228562 0.5568994 0.4890523 0.4365786 0.3539398 0.3657866 0.3926872 0.3809596 0.2919864 0.2771023 0.3015966 0.3009844 0.324686 0.4216113 0.4725437 0.470514 0.5073655 0.4996791 0.5449874 0.5218056 0.375957 0.267601 0.2771975 0.5129111 0.418361 0.29051 0.3548152 0.3646171 0.4045566 0.5085008 0.4604015 0.4174266 0.3757096 0.4278581 
0.3857123 0.4018867 0.3155261 0.2672518 0.2345716 0.1953706 0.1908479 0.264129 0.220661 0.2822044 0.3179848 0.3841789 0.466019 0.4339569 0.559383 0.5855123 0.5836265 0.597048 0.6720752 0.6884863 0.6485493 0.6066124 0.5834646 0.5703883 0.5725497 0.5696291 0.4694202 0.434662 0.4509572 0.4171914 0.3051856 0.3126787 0.3433093 0.3231382 0.3332069 0.4724849 0.5508352 0.6123747 0.6502136 0.5471269 0.491403 0.4490784 0.4298827 0.3140479 0.3537631 0.3495288 0.3470828 0.3117085 0.3097913 0.3443292 0.3736796 0.4737404 0.4743198 0.408017 0.3600983 0.39012 
0.4878734 0.4085801 0.3452628 0.2598285 0.1577178 0.1272773 0.1673896 0.2387506 0.2246407 0.2651188 0.2941534 0.4202476 0.4212098 0.467906 0.5967278 0.5997989 0.6210609 0.6596043 0.795015 0.6551545 0.6324459 0.6199129 0.639826 0.5812772 0.6457618 0.6140698 0.5306786 0.4791861 0.4190557 0.4030221 0.3207203 0.3184865 0.3418415 0.3649659 0.3865561 0.4604559 0.5606384 0.6482046 0.6882112 0.6353453 0.4961303 0.5038309 0.4879574 0.3721845 0.5216833 0.4161651 0.4328176 0.3707708 0.340056 0.3495063 0.5276219 0.4375849 0.4238586 0.3632748 0.3233418 0.3620932 
0.5541157 0.4895671 0.3897882 0.2519717 0.1125138 0.1027108 0.1298786 0.2409743 0.2255524 0.2242762 0.3122146 0.4121653 0.4372586 0.5129302 0.5945967 0.5997608 0.6985698 0.845661 0.8779281 0.699598 0.6198401 0.6234435 0.6079972 0.5938322 0.6192559 0.5602924 0.4689246 0.5099429 0.4700998 0.4018881 0.3085067 0.3396644 0.3395226 0.3690078 0.4080645 0.541865 0.5927336 0.6297244 0.6337944 0.5687289 0.5886804 0.6088039 0.5949226 0.3901626 0.4037267 0.4414254 0.5014369 0.5209569 0.3851341 0.3415578 0.3583073 0.4052949 0.3641162 0.2941631 0.252642 0.2535922 
0.452931 0.3842243 0.2240193 0.1399617 0.09009385 0.1064049 0.1459804 0.2820593 0.3008222 0.2286647 0.3411947 0.3724945 0.4681469 0.511609 0.6084531 0.6934136 0.7787893 0.8615776 0.794311 0.6797052 0.6108814 0.6141318 0.5789564 0.5888766 0.527207 0.4556317 0.4134679 0.5246485 0.4788715 0.357771 0.3156778 0.3345563 0.3283826 0.3761334 0.464783 0.5527691 0.5983459 0.6347384 0.6421399 0.5686978 0.5077091 0.5133969 0.5164465 0.3772386 0.4011958 0.4451085 0.4329224 0.3963613 0.3844253 0.3601034 0.3752312 0.4308889 0.3079023 0.2055133 0.207989 0.2025225 
0.3826358 0.2965608 0.1698189 0.1363628 0.1103374 0.1010922 0.1633762 0.2290833 0.2956676 0.287607 0.3078772 0.3636148 0.4267301 0.5196933 0.610289 0.6272542 0.7120735 0.6828064 0.7016312 0.6052582 0.5502856 0.5569868 0.4364745 0.4582225 0.4719891 0.4265527 0.5166738 0.483732 0.3979501 0.3239563 0.2890301 0.3643408 0.3642993 0.4055757 0.4534737 0.5495213 0.5971177 0.6074602 0.6118419 0.5177878 0.5251508 0.52157 0.4751421 0.362589 0.4069408 0.3806727 0.3504192 0.3387622 0.3383798 0.3297432 0.3044584 0.3242445 0.2855621 0.1857254 0.1862414 0.1540704 
0.4258478 0.3500102 0.1908839 0.20017 0.2009294 0.1653781 0.1815123 0.2185722 0.235013 0.2946571 0.3348781 0.3546047 0.4717834 0.4875067 0.6050096 0.5987742 0.6768749 0.6658333 0.6489176 0.5908847 0.5260905 0.5090759 0.3820294 0.3852622 0.4818402 0.476924 0.5107745 0.4994989 0.4426152 0.3749906 0.3608521 0.3673299 0.3560132 0.3721061 0.428258 0.4818391 0.4963757 0.5540175 0.5742433 0.5481282 0.5238696 0.5162016 0.4619051 0.2852053 0.2709484 0.28929 0.3225928 0.3904758 0.3587982 0.3061884 0.2883873 0.3212634 0.2919748 0.1976637 0.1590254 0.09839237 
0.538276 0.4188884 0.2586737 0.2998376 0.2538102 0.2669542 0.2198501 0.2593385 0.2908424 0.2969401 0.3243636 0.3220173 0.4297732 0.5211142 0.5748476 0.5960918 0.6193138 0.5892626 0.5860456 0.5786576 0.5051937 0.4835878 0.4103754 0.4301719 0.4924384 0.5477695 0.5440281 0.4882717 0.3824707 0.3111178 0.2874832 0.3372647 0.3122795 0.3192235 0.3450682 0.3608722 0.3945397 0.4240908 0.5114768 0.4675043 0.4762236 0.5274778 0.4265017 0.2310449 0.2005925 0.2343731 0.2581022 0.2532821 0.2518351 0.2649158 0.2707629 0.2438983 0.1999959 0.1640784 0.1252259 0.1529634 
0.4169898 0.4022031 0.2909846 0.2888859 0.2050715 0.2606747 0.2360679 0.2772178 0.2651377 0.3013699 0.3030428 0.3100969 0.383234 0.4981088 0.5617848 0.5914903 0.5857171 0.5669776 0.5286331 0.4798158 0.4402623 0.4455257 0.4003077 0.4935456 0.495537 0.4563734 0.4792625 0.3780133 0.3385756 0.288004 0.2297296 0.2706931 0.3186726 0.3225462 0.3325338 0.372303 0.3764514 0.3808778 0.5279612 0.5438472 0.5531576 0.4543096 0.4145926 0.2083 0.1737359 0.1558428 0.1777337 0.2057907 0.2430104 0.279733 0.3421641 0.250807 0.2198811 0.1576627 0.1141249 0.1431201 
0.4507453 0.3494196 0.2851848 0.1773692 0.1795568 0.2341698 0.2412015 0.2472368 0.2484034 0.2371997 0.2289596 0.2791916 0.3326069 0.4439287 0.5739523 0.6201582 0.6477948 0.5791079 0.4771333 0.3873622 0.3835365 0.4213935 0.4730957 0.5750865 0.5687428 0.4174631 0.3666142 0.3619114 0.3828133 0.39248 0.3345042 0.2848991 0.2081651 0.2360364 0.2661686 0.3164055 0.4123245 0.4566562 0.4728611 0.4444542 0.3639492 0.2944006 0.2977101 0.1882981 0.1604585 0.1682109 0.2055531 0.203666 0.2239525 0.2610853 0.2718035 0.2226972 0.1872773 0.1241594 0.1105151 0.08235772 
0.44355 0.3379818 0.2358525 0.1921342 0.1729612 0.2487958 0.2337036 0.2363346 0.2221149 0.1912912 0.215072 0.2966813 0.3415831 0.4314237 0.5901581 0.6086088 0.6178051 0.5670985 0.4392982 0.331088 0.3627731 0.330409 0.4449046 0.5313152 0.5267746 0.4735617 0.4026559 0.325391 0.3188674 0.3493768 0.3487067 0.2690525 0.2236269 0.2094247 0.2402202 0.3221801 0.3676879 0.3694532 0.3663123 0.3477882 0.3312762 0.3716708 0.2964842 0.2025866 0.1782258 0.1800994 0.1666245 0.1942735 0.194887 0.1743473 0.1691431 0.1683218 0.1115583 0.09948435 0.08059642 0.07196724 
0.4264387 0.2596291 0.1858963 0.2139694 0.2054767 0.2224035 0.2532588 0.2308418 0.2417762 0.2169122 0.2456035 0.2983608 0.3573792 0.5161101 0.6418971 0.7074454 0.6011173 0.494301 0.3973164 0.3135534 0.324635 0.3967296 0.4858899 0.5782765 0.5576774 0.4815847 0.3349995 0.3082737 0.2320549 0.3100363 0.3042914 0.207224 0.213765 0.2291745 0.2600725 0.2543608 0.28263 0.2909334 0.2907563 0.3777079 0.3648232 0.3779285 0.2968167 0.237394 0.2474818 0.2131842 0.1868436 0.2023659 0.2347682 0.2108266 0.1333066 0.1256241 0.1222009 0.09299949 0.07726095 0.09249779 
0.3492974 0.230298 0.1488238 0.1835918 0.2150984 0.2396788 0.2593715 0.2682765 0.2626116 0.2714577 0.2547611 0.2596048 0.2967937 0.3413368 0.5536684 0.5922723 0.5110908 0.5304789 0.4462885 0.453191 0.4076088 0.3657469 0.3680303 0.6167933 0.5550881 0.4086681 0.3633552 0.3478252 0.2584911 0.2547626 0.2037047 0.1813066 0.2031966 0.2608123 0.2566765 0.2388276 0.2638413 0.2470748 0.3170349 0.4022295 0.3515642 0.357128 0.3290276 0.2618873 0.2410569 0.2457463 0.2013604 0.1803813 0.1886238 0.2132903 0.1683685 0.1105752 0.09412752 0.1019937 0.08504108 0.06888504 
0.3892286 0.299862 0.1637947 0.2640078 0.2951065 0.3306588 0.2588344 0.2980665 0.2932606 0.2606741 0.2183903 0.266385 0.3216003 0.273044 0.2983389 0.4408844 0.4661586 0.3770713 0.3846598 0.4070337 0.3656803 0.3638831 0.3670022 0.4371682 0.4680261 0.4176807 0.298154 0.2692908 0.2597802 0.2592086 0.2313793 0.2330587 0.2044136 0.2101169 0.2012131 0.1654114 0.1715974 0.2084108 0.4010606 0.350926 0.2920167 0.3301857 0.3648319 0.3173757 0.1950966 0.2824818 0.2360567 0.1745736 0.1580311 0.2143497 0.1785744 0.115806 0.08080316 0.09710957 0.0985966 0.05191611 
0.3982467 0.3123174 0.2432873 0.2705103 0.3433276 0.3227742 0.2956495 0.2876712 0.3015374 0.2894714 0.2707596 0.4151109 0.4436537 0.3247158 0.2856971 0.3603879 0.4213929 0.4202978 0.3378238 0.3261448 0.3139203 0.3453132 0.3235756 0.4458497 0.4402255 0.3567492 0.2381138 0.1799662 0.2141523 0.2733044 0.2460411 0.2341525 0.2312246 0.1987157 0.1758856 0.2264755 0.2582712 0.2196924 0.2938931 0.2849337 0.2807387 0.3133804 0.2469206 0.2307086 0.2522848 0.2782733 0.2066674 0.141768 0.1538558 0.1519327 0.1790597 0.1391302 0.08770256 0.0861515 0.1006516 0.06817652 
0.3081394 0.2440339 0.2334785 0.2186355 0.2667908 0.2738439 0.3572754 0.3295703 0.3087944 0.3907249 0.2898625 0.2662303 0.3097098 0.2516789 0.286605 0.327235 0.4339035 0.3874424 0.3289774 0.3178793 0.3440354 0.3070371 0.3391453 0.40698 0.3871705 0.313809 0.1843085 0.1969046 0.2502044 0.2623814 0.2603139 0.2033608 0.2076299 0.2526108 0.274692 0.3567927 0.4450935 0.3158582 0.2180701 0.253529 0.2808626 0.3341385 0.2829161 0.2905153 0.2932624 0.2532001 0.2521281 0.171417 0.1809062 0.1890018 0.1279284 0.1231512 0.1253428 0.1133088 0.1014725 0.05629167 
0.2724449 0.2335818 0.1926179 0.2327337 0.1465904 0.2387683 0.3512346 0.3903416 0.411575 0.3738358 0.3264641 0.3054343 0.2536576 0.2727753 0.2747187 0.3322809 0.3889407 0.4440025 0.3591551 0.4045004 0.3892856 0.4030485 0.3361785 0.3355862 0.3744364 0.2698686 0.1540547 0.1805384 0.2052913 0.178587 0.2230055 0.248328 0.2344808 0.2718668 0.333966 0.2455459 0.232901 0.2915096 0.2740636 0.2611325 0.3451476 0.406944 0.4055882 0.3478022 0.4196111 0.3586914 0.2748474 0.258336 0.2297562 0.1805214 0.1558651 0.1488537 0.1589099 0.1926055 0.1969336 0.1619167 
0.3531139 0.2568961 0.2049809 0.2360064 0.1925821 0.2150212 0.2794904 0.3487552 0.380107 0.370648 0.4069026 0.3876596 0.3330483 0.2872341 0.319518 0.2868024 0.3625768 0.4565459 0.3412659 0.4772909 0.4717239 0.3848383 0.2690455 0.2739714 0.3185931 0.2692713 0.2360331 0.2160959 0.2450396 0.2776979 0.2127713 0.2385536 0.1888178 0.1566826 0.1929476 0.1706826 0.1992732 0.296763 0.2495623 0.328927 0.393443 0.4547429 0.4422013 0.3652682 0.3789681 0.3697532 0.3217494 0.2787653 0.3174554 0.1962409 0.191618 0.151726 0.1224865 0.1533042 0.1749978 0.137875 
0.360638 0.277501 0.2781407 0.2752714 0.2114147 0.2893763 0.2795946 0.327748 0.3982019 0.4883169 0.5389606 0.4298295 0.4416265 0.346612 0.3878654 0.3309707 0.3318301 0.3848442 0.3857927 0.4635774 0.5209224 0.4689476 0.2928339 0.3397775 0.2822174 0.2701454 0.2215506 0.2661586 0.3631683 0.3630058 0.2475685 0.2112441 0.1984822 0.1883688 0.1897369 0.1743078 0.2319432 0.2533043 0.3382736 0.37804 0.4150439 0.4928068 0.3932709 0.3655308 0.3719625 0.3665458 0.3910274 0.2944794 0.1835969 0.2082167 0.2162444 0.1706551 0.1850488 0.1299745 0.1431933 0.1000417 
0.3368976 0.2629297 0.3004366 0.2876072 0.2524397 0.2899979 0.3356159 0.259846 0.2921564 0.3530754 0.4698157 0.4182566 0.4707415 0.3459563 0.3391993 0.3198938 0.3416185 0.3852139 0.4574364 0.483071 0.56369 0.4474287 0.3348382 0.3711231 0.3071004 0.2758763 0.2316096 0.3058697 0.3383299 0.3972763 0.3266492 0.2441995 0.3644661 0.2833788 0.2561398 0.235756 0.2700512 0.2645354 0.3683066 0.4202226 0.4758164 0.528655 0.5242262 0.4961377 0.4080353 0.3841844 0.3562532 0.2301115 0.179597 0.1893604 0.1955579 0.1720833 0.146125 0.1315 0.1342083 0.1265833 
0.3484591 0.243931 0.416132 0.3614186 0.3360747 0.3218882 0.3555106 0.3405301 0.3356238 0.4273814 0.446268 0.4095236 0.4437839 0.3952602 0.3980378 0.3848186 0.3818557 0.4364823 0.4741018 0.4755024 0.5660886 0.3791231 0.3542441 0.3787161 0.2846675 0.3213787 0.1978785 0.2324392 0.2931582 0.279061 0.2768163 0.2678934 0.3078578 0.3203129 0.3200203 0.2984559 0.288483 0.341792 0.401703 0.4466513 0.4991962 0.5428958 0.5640478 0.5158706 0.3772607 0.361323 0.3176802 0.1842438 0.1699822 0.1861423 0.211 0.1774583 0.1684583 0.1237917 0.125625 0.08729167 
0.3377413 0.2749881 0.3651316 0.4366874 0.4206509 0.3876379 0.3961037 0.3646885 0.3450196 0.4123771 0.4137993 0.4053504 0.4381526 0.350385 0.3837037 0.3798607 0.4038459 0.4569747 0.4571824 0.4275093 0.38349 0.3340392 0.3118803 0.3152006 0.2972513 0.2350174 0.2011461 0.2616171 0.2585237 0.2879451 0.2180529 0.3061713 0.2541296 0.2323247 0.2290022 0.2290481 0.2875933 0.2994869 0.343769 0.3858808 0.457275 0.5280716 0.5954794 0.4888281 0.4658822 0.3711449 0.3588438 0.2228445 0.2118381 0.2092307 0.2101493 0.1287083 0.1384167 0.1638333 0.1492917 0.1233333 
0.5320963 0.4479107 0.4491308 0.5056506 0.5447214 0.4016666 0.3508656 0.4154762 0.3906504 0.3634984 0.3139919 0.3674204 0.4216435 0.4250016 0.350465 0.3520565 0.4345433 0.5094681 0.4565082 0.3783552 0.3218082 0.3074056 0.2298236 0.2396168 0.2018287 0.1345636 0.1648348 0.214917 0.2217364 0.2699429 0.1553535 0.1541546 0.1567688 0.2005845 0.2060722 0.2589357 0.2576823 0.2861029 0.2655586 0.3313615 0.4152497 0.493121 0.5022522 0.4396163 0.4593985 0.4184729 0.2038225 0.2080779 0.2125859 0.2344442 0.2279018 0.1176667 0.1387917 0.1595833 0.1441667 0.1263333 
0.4567271 0.5504349 0.5784598 0.493758 0.5246785 0.4094889 0.3325643 0.414944 0.3845239 0.3085222 0.319537 0.3760221 0.4102581 0.3907952 0.3671033 0.3613358 0.3796991 0.367042 0.366449 0.3537502 0.324991 0.2803959 0.2428688 0.2458849 0.2278241 0.1769245 0.1233264 0.122266 0.1326373 0.1385421 0.1303117 0.1417517 0.1916089 0.2177165 0.207926 0.2435626 0.2354089 0.2207777 0.2679066 0.3052647 0.4168383 0.4997994 0.4708181 0.382661 0.4074856 0.3043406 0.200772 0.1472767 0.1757499 0.1863627 0.1488522 0.1005833 0.13225 0.1612083 0.156 0.1446667 
0.4103533 0.5045616 0.5462381 0.4194299 0.4071741 0.3373545 0.2827829 0.381772 0.324333 0.344518 0.3966137 0.4240926 0.3980631 0.3824614 0.4320675 0.3398202 0.3283343 0.3318895 0.3437905 0.3302508 0.3056562 0.2655597 0.2323549 0.2226734 0.213201 0.1624087 0.1062266 0.1066981 0.1014337 0.09885564 0.1087988 0.1214612 0.170812 0.2145038 0.176363 0.2970326 0.2534635 0.1797389 0.2392908 0.3135887 0.3489026 0.4005045 0.3521188 0.3352087 0.3421778 0.2737404 0.1988981 0.1453725 0.1722405 0.1759388 0.140945 0.1139167 0.1200833 0.1312917 0.132375 0.1276667 
0.4016491 0.3437735 0.4016425 0.4527698 0.432245 0.3212613 0.3090863 0.3339258 0.3206475 0.3530284 0.3890924 0.3900959 0.3816417 0.3381826 0.2972587 0.2998705 0.2813067 0.3232536 0.3015156 0.2875742 0.2501106 0.2344785 0.2149764 0.1846667 0.1401894 0.1083039 0.09633806 0.137793 0.1274435 0.1236251 0.1003375 0.1286754 0.1219157 0.1737013 0.2144881 0.2404467 0.3196914 0.2862851 0.2483472 0.3395792 0.4342566 0.4143637 0.3401746 0.3039371 0.3294682 0.3389411 0.232407 0.1645475 0.1714462 0.1747059 0.1436147 0.1156667 0.1456667 0.1333334 0.161 0.18125 
