ncols         56
nrows         54
xllcorner     28.264
yllcorner     -5.7719999999999
cellsize      0.25
NODATA_value  -9999
0 0 0 0 0 0.006657004 0 0 0 7.602468e-005 0 0.002894294 0.003730091 0.005493712 0.003715932 0.001327266 0.00498403 0.0009073709 0.01248922 0.01682022 0.02372635 0.02440784 0.02702017 0.03929348 0.05433253 0.1010652 0.1623475 0.1496185 0.1356157 0.1388482 0.1135006 0.07718601 0.06851892 0.06237033 0.07983916 0.08540655 0.07357713 0.06691243 0.04544433 0.02988316 0.009258511 0.02449241 0.08030668 0.05901567 0.06976276 0.1056472 0.03643759 0.06316462 0.06277474 0.09008917 0.1341317 0.0906691 0.1486623 0.2436897 0.1168819 0.09859494 
0.001237642 0.0004280912 0 0 0 0 0 0 0 0.001026368 0.0003751386 0.001485493 0 0 0.002272616 2.059395e-007 0.001705193 0.003731335 0.03202853 0.03131072 0.03168717 0.02451619 0.02474741 0.04311369 0.04961303 0.07148678 0.1352183 0.1619925 0.1340028 0.1015522 0.1023123 0.0941921 0.07092613 0.07776842 0.1129557 0.112969 0.1302329 0.1134976 0.0576031 0.03284982 0.03409327 0.02510911 0.01629601 0.02321925 0.0243532 0.02500537 0.02168206 0.02342186 0.04317856 0.04039004 0.0970986 0.1544223 0.221478 0.1916316 0.1086176 0.09346717 
0 0.001236706 0 0 0.00211822 0.005200736 4.76673e-005 0.004159321 0.004701319 0 0.003716232 0.001357059 0 0 0 0.001158441 0.002864596 0.006174694 0.03328031 0.03490667 0.02942373 0.02292436 0.02561753 0.05456242 0.06967252 0.0932195 0.1656012 0.2104302 0.2111445 0.1267771 0.09318738 0.1249824 0.1264865 0.1454581 0.1322563 0.1845422 0.201272 0.2113976 0.09549759 0.08031578 0.1041645 0.02839602 0.02680906 0.02390644 0.04284311 0.01863759 0.04819964 0.04513767 0.09312778 0.07761198 0.07058356 0.1486495 0.1245925 0.1301168 0.1323505 0.08724635 
0.001998096 0.01290365 0.01922864 5.515946e-005 0.0001646179 0.0001063069 0 0.002708288 0 0.002507682 4.38378e-005 0.0002475496 1.22809e-005 6.184739e-005 5.901014e-005 0.0002169118 0.0004311419 0.005106219 0.01943853 0.01471132 0.02038141 0.02117244 0.02401764 0.04367073 0.08133961 0.1428699 0.19459 0.2818677 0.2281734 0.1714017 0.134713 0.1500494 0.2261413 0.3186446 0.2452127 0.2559153 0.2366128 0.1775308 0.1391236 0.09124681 0.08414847 0.09573163 0.08987512 0.06565204 0.03503284 0.0391651 0.07238728 0.07094528 0.14269 0.07520518 0.04944973 0.09484348 0.08524903 0.08844893 0.1500984 0.108261 
0 0.005399232 0 0.00143798 0 0 0 0.003286521 5.326924e-005 0 0 1.219787e-005 1.706372e-005 0.0001821862 0.0002494292 0.001885853 0.000393791 0.004393069 0.00942557 0.006445193 0.009898262 0.01496979 0.02759953 0.04520185 0.07909825 0.1312532 0.1811802 0.2469024 0.2517141 0.2601283 0.2207777 0.2089134 0.2883734 0.3149256 0.2219233 0.2469122 0.200136 0.140606 0.113141 0.0843571 0.1003811 0.1092934 0.08684269 0.04754923 0.04455942 0.05813444 0.04159305 0.06594869 0.1439588 0.06503674 0.05616042 0.07339567 0.07593474 0.06367922 0.08541084 0.04833407 
0.00258721 0 0.0008052142 0.002869089 0.00319592 0 0.004169797 0.0001663793 0 0 0 0.0005358873 0.0007867297 0.0001079186 0.002895625 0.004323696 0.003403845 0.009513445 0.01368482 0.01242178 0.01420304 0.01738816 0.048464 0.07421211 0.1321475 0.1484466 0.1457586 0.1958098 0.2233553 0.2497676 0.225112 0.2554596 0.2588347 0.2363738 0.1640888 0.2161395 0.1652289 0.1346086 0.1162801 0.07546017 0.07982123 0.05481799 0.03936864 0.02647207 0.03030507 0.03657166 0.03847204 0.0691667 0.07872939 0.04110209 0.0283613 0.03640667 0.05365334 0.05678099 0.05204525 0.04264221 
0.002014246 0 0.004013173 0.004464982 0.004694937 0.001920831 0.004151146 0.003676387 0 5.259506e-005 0 0.0001090171 0.0008135898 0.002299926 0.007440845 0.004010881 0.006971487 0.01039434 0.02162451 0.02676927 0.02375675 0.02317679 0.0494649 0.1128856 0.1791837 0.2480958 0.2626018 0.2791549 0.2532621 0.1919428 0.1894057 0.266401 0.2456263 0.2794605 0.1744855 0.1506879 0.1448523 0.1525265 0.07717248 0.05832191 0.04560573 0.03959738 0.03232465 0.01196116 0.02780888 0.0448653 0.03675112 0.02875036 0.02792409 0.03893204 0.05375989 0.04642507 0.03036086 0.04842586 0.04736702 0.03152084 
0.003681588 0.002265928 0.002286989 0.00347096 4.286728e-007 7.101278e-007 1.244718e-006 2.413155e-006 3.137567e-006 1.235555e-005 0.005511329 0.0002464439 0.002011812 0.002745133 0.0127717 0.01306891 0.01248694 0.02076621 0.02173445 0.03100333 0.03211639 0.03372061 0.02642743 0.07184814 0.1279476 0.126798 0.2725222 0.2487067 0.203487 0.174355 0.1663036 0.1744214 0.1789514 0.2242553 0.2046182 0.1480458 0.08537582 0.06960277 0.05954963 0.03736154 0.04760091 0.04745058 0.04469286 0.03153499 0.0317518 0.0509437 0.06977397 0.02856952 0.02946271 0.01810835 0.0500298 0.1286109 0.03735951 0.02175743 0.04017121 0.03672001 
1.359434e-006 0.001153818 0.002877632 5.636008e-007 6.015357e-007 9.964572e-007 1.742324e-006 3.377366e-006 4.380376e-006 1.696881e-005 0.003402133 0.002507763 0.003558873 0.007144101 0.0148593 0.01345266 0.00894574 0.03112347 0.0315368 0.03667813 0.04298313 0.04412872 0.0363062 0.04338933 0.0639031 0.08283821 0.06842797 0.09473802 0.1159892 0.1163438 0.1357011 0.1894123 0.2493888 0.2085282 0.1998095 0.1621958 0.08448905 0.05901242 0.06501888 0.04080912 0.03979528 0.03425575 0.04803842 0.04410838 0.03694044 0.05308288 0.07173524 0.03046047 0.0360826 0.02247757 0.02796268 0.06685953 0.05676411 0.04447761 0.03833739 0.05563915 
4.296257e-006 6.827771e-006 1.074666e-005 4.49516e-006 5.699709e-006 8.666095e-006 7.236093e-005 0.0008463182 0.001660492 0.0007280457 0.001848537 0.009474065 0.01044501 0.006038337 0.0174188 0.02173789 0.02599392 0.02650945 0.02939369 0.06843173 0.0545698 0.05470987 0.03961416 0.07619815 0.1034618 0.0835574 0.07919897 0.07522992 0.1408255 0.1313749 0.1878049 0.1718621 0.266413 0.1697726 0.2671102 0.2052454 0.1189029 0.04928135 0.03858363 0.0373427 0.06487785 0.06103654 0.06806096 0.04406737 0.03398009 0.0525595 0.05696316 0.03153703 0.05614464 0.04945412 0.05360826 0.07402646 0.05197598 0.05737593 0.0122903 0.02387726 
9.790661e-006 1.686901e-005 0.001972542 1.216569e-005 1.567599e-005 0.007569062 0.007797765 0.001813363 0.003252252 0.003724973 0.006234238 0.01377887 0.01082595 0.01251913 0.02264312 0.02896964 0.04204269 0.05112486 0.05332966 0.07784156 0.06230171 0.05205863 0.049288 0.06257903 0.08610248 0.03827799 0.0594791 0.125853 0.1400393 0.15308 0.1847821 0.1976732 0.1806069 0.1746008 0.1786702 0.2263869 0.1126536 0.05619298 0.02220702 0.03470201 0.0396242 0.02717346 0.03411648 0.05546834 0.04331761 0.03689509 0.05344272 0.04847866 0.05697688 0.07552204 0.1073178 0.103867 0.02314735 0.03021608 0.0407627 0.01949332 
1.737362e-005 0.005265078 0.01552653 0.005706266 0.03468659 0.07322148 0.05496838 0.005961528 0.01198887 0.005922892 0.01078069 0.009827347 0.02527622 0.0301885 0.02352397 0.0201708 0.03684989 0.04250571 0.04276776 0.1455388 0.1030144 0.04951339 0.03065622 0.05070475 0.04806109 0.05576762 0.07205049 0.1168644 0.07865852 0.09995133 0.1504994 0.2388736 0.1606379 0.1139036 0.063241 0.08484951 0.0752781 0.09076768 0.04915297 0.05483305 0.02490072 0.02917608 0.03748848 0.07518095 0.08852646 0.06382231 0.08540589 0.1027396 0.07239254 0.06966784 0.05704854 0.04933744 0.04347194 0.09423589 0.1218127 0.03398477 
0.009388082 0.01636387 0.06961535 0.0953151 0.02052376 0.03016347 0.02129404 0.01918149 0.01951501 0.02135002 0.01576461 0.01890154 0.04702767 0.03118502 0.03955952 0.03251217 0.03634249 0.04041869 0.05292692 0.08534867 0.07661385 0.03763624 0.02877017 0.04386324 0.05365377 0.08886591 0.1037295 0.1367289 0.08128116 0.1059066 0.105819 0.3208376 0.2259474 0.120942 0.05793572 0.1410802 0.08978479 0.07185763 0.05100691 0.04772204 0.0483571 0.06018725 0.06038691 0.07927459 0.04485921 0.05684705 0.06734372 0.1096484 0.07293412 0.06482457 0.1020802 0.05226507 0.06549949 0.07992993 0.1051276 0.02254347 
0.0283525 0.03939972 0.0618802 0.173507 0.0543878 0.02273852 0.06940416 0.02722448 0.02329583 0.02808717 0.03940769 0.06041285 0.1174951 0.1113347 0.07066273 0.06334731 0.05756961 0.05796967 0.06646393 0.07241399 0.05774833 0.05097579 0.04024433 0.04978052 0.07893291 0.07111882 0.1017016 0.174645 0.1046413 0.07922299 0.09069005 0.1170616 0.149608 0.1046875 0.07409088 0.1435693 0.2094064 0.1194696 0.08268988 0.05041813 0.06212862 0.06601039 0.0565054 0.0862479 0.1088203 0.08814985 0.05365142 0.04682891 0.07725651 0.08213273 0.08345614 0.07550246 0.03483814 0.04705561 0.03533781 0.02170256 
0.05161645 0.04772574 0.07037002 0.07913518 0.06036864 0.04331278 0.05693788 0.03896245 0.02906697 0.04707757 0.1325426 0.1527551 0.1861787 0.1465695 0.08938837 0.06932666 0.04594647 0.05278044 0.07679989 0.06450429 0.05821061 0.06596779 0.04461028 0.04671167 0.0657891 0.06867713 0.06524981 0.1311412 0.1024045 0.09227964 0.07461129 0.08136053 0.07646941 0.07281863 0.05254705 0.06535286 0.1612267 0.1093174 0.1452742 0.1157597 0.0419221 0.08117165 0.121775 0.1335654 0.08904196 0.09324149 0.05050084 0.05861616 0.07590975 0.1389697 0.1272165 0.1264059 0.1229629 0.06510816 0.03393078 0.03248021 
0.03706641 0.083033 0.03407638 0.03480745 0.0290463 0.02883942 0.06701255 0.0703008 0.07249529 0.1006769 0.1260065 0.1462461 0.1066068 0.1072021 0.0936493 0.0678952 0.05044213 0.07593129 0.06492615 0.06826784 0.04945843 0.06361648 0.06702217 0.1008017 0.07204773 0.1078931 0.0698623 0.1134038 0.1368695 0.09987364 0.06351838 0.07376631 0.09665488 0.09675196 0.1230436 0.1101079 0.07779215 0.06097553 0.1251205 0.1334694 0.04110488 0.04930248 0.06774151 0.08541273 0.0733292 0.04605995 0.05499256 0.1282391 0.2257269 0.2083724 0.2835455 0.224184 0.179984 0.09742488 0.05824101 0.07894828 
0.03717683 0.02685916 0.02514126 0.0218816 0.02243865 0.05962531 0.1461732 0.1894972 0.1729552 0.1385923 0.07531495 0.06234577 0.06174957 0.06297588 0.06431325 0.05404007 0.07438841 0.07083555 0.04727821 0.04541901 0.05420145 0.06292014 0.06781092 0.07401506 0.1184388 0.06770971 0.07663561 0.04413955 0.04192749 0.06454144 0.06653241 0.08643433 0.1111077 0.09530973 0.0906983 0.07651583 0.09880235 0.07509524 0.1204909 0.08184075 0.04177065 0.04606397 0.05032125 0.04716211 0.07392768 0.07489981 0.1328702 0.1681882 0.2077357 0.231036 0.2826656 0.2200156 0.2124827 0.1398832 0.06097681 0.1387494 
0.01172186 0.005054441 0.005461213 0.03357819 0.05832279 0.07732686 0.1907307 0.1484914 0.1024178 0.06421338 0.06979044 0.0611962 0.07488073 0.0574644 0.06078575 0.05462731 0.07033826 0.07788913 0.05782437 0.03599013 0.03679338 0.04533665 0.06776325 0.08796518 0.13617 0.06144494 0.05267188 0.05735058 0.05048621 0.06316712 0.09578739 0.1104604 0.1330586 0.1090048 0.0959776 0.04017402 0.0894459 0.129572 0.1304489 0.08368063 0.05636086 0.05590143 0.06661699 0.0897249 0.1167578 0.1283757 0.1403969 0.1316351 0.1600741 0.208018 0.2614667 0.3182989 0.3238284 0.2442436 0.1392639 0.09616321 
0.01235915 0.009969933 0.01844469 0.1723465 0.1692272 0.08955866 0.2081235 0.1111972 0.07004733 0.04062694 0.04029329 0.05681293 0.08682457 0.1100823 0.1160906 0.09621123 0.1222524 0.08403957 0.06441728 0.04055502 0.03826044 0.0448724 0.04412087 0.06151097 0.08139604 0.06090665 0.05474267 0.04292855 0.04178652 0.03678148 0.03979022 0.07519066 0.1016943 0.1568721 0.115818 0.0606106 0.06765629 0.1492992 0.1092116 0.07061966 0.08746371 0.09017049 0.0877247 0.1070463 0.1898157 0.15377 0.1760122 0.1797058 0.1490699 0.1501294 0.2156741 0.3469474 0.459249 0.3619017 0.2222305 0.1087449 
0.1203374 0.03254024 0.02927238 0.1490718 0.2376228 0.2455026 0.1322437 0.08084061 0.046551 0.03725612 0.04171854 0.07706065 0.101484 0.1196599 0.1451073 0.1368456 0.1687755 0.1197164 0.1201907 0.06553967 0.06912226 0.05594361 0.06010148 0.05563997 0.0493708 0.05625281 0.08419196 0.08822366 0.05509543 0.0468065 0.05013272 0.06637123 0.09160188 0.1239923 0.1250413 0.1035856 0.1136295 0.1190386 0.1273825 0.1521835 0.1455245 0.1214937 0.1072396 0.148248 0.16523 0.1476028 0.1515292 0.1720348 0.1733404 0.2014418 0.2560732 0.3579022 0.3689367 0.287817 0.1650044 0.1319904 
0.04112617 0.05415645 0.03924412 0.2154818 0.3061918 0.2062487 0.1235599 0.126813 0.07351445 0.08190417 0.07331644 0.08753367 0.1070675 0.1124386 0.1831797 0.1340701 0.132166 0.1317885 0.173093 0.1337659 0.1015063 0.08761255 0.06711441 0.05635266 0.08178027 0.07496758 0.08829938 0.08342892 0.05768213 0.03919925 0.04612111 0.06848571 0.08670403 0.1100256 0.1435861 0.1282454 0.1779834 0.1204129 0.1276662 0.1481167 0.1582714 0.1367524 0.1407043 0.1456676 0.1178794 0.1740731 0.1717408 0.2463738 0.2167708 0.2456518 0.2754764 0.3193505 0.2609315 0.1802134 0.09308881 0.1212125 
0.0860039 0.0694937 0.0346361 0.1158243 0.2888651 0.1429151 0.131135 0.1308463 0.1137155 0.1267197 0.1071082 0.1896408 0.1549058 0.1133025 0.1824087 0.1445338 0.1340839 0.1743602 0.175628 0.1755874 0.07856659 0.08735468 0.08091298 0.0766507 0.09076206 0.082892 0.1137919 0.1465449 0.06206792 0.06705129 0.05787172 0.06684642 0.06908381 0.09304617 0.1368229 0.1402298 0.1426796 0.1761038 0.1536215 0.1536687 0.1316314 0.1221067 0.09361175 0.09970859 0.1140734 0.1319279 0.1879981 0.3553793 0.327816 0.2733317 0.2415552 0.2702222 0.2115978 0.1865017 0.1358799 0.09368487 
0.0935487 0.0362629 0.02638034 0.1383038 0.2187751 0.3042004 0.2126445 0.1273625 0.1353603 0.1208009 0.1547348 0.2797724 0.1924363 0.09958685 0.1074909 0.1374995 0.1451283 0.1501982 0.2056348 0.1934953 0.1655713 0.1499883 0.1295364 0.1675132 0.1713246 0.06832031 0.09623227 0.12121 0.08534279 0.08003719 0.1208684 0.114678 0.0669411 0.08868022 0.1322058 0.1787397 0.1538184 0.1583468 0.1739043 0.1476096 0.1058791 0.0944385 0.08231211 0.09489275 0.09227342 0.1049508 0.1460088 0.2623958 0.2817763 0.2144519 0.2365889 0.3166843 0.2596079 0.1463875 0.114376 0.1396952 
0.1083854 0.08360309 0.07739574 0.1102597 0.139053 0.2119728 0.2065883 0.2204365 0.2062574 0.1159507 0.3452536 0.3046017 0.2132487 0.1706787 0.1546932 0.1806403 0.2034011 0.1420786 0.2183114 0.1682403 0.1563034 0.1317439 0.1366159 0.1594024 0.1345651 0.09544285 0.1004715 0.07923294 0.1058026 0.08029695 0.171885 0.1770702 0.08234182 0.09414303 0.1228434 0.1822461 0.1775418 0.1717339 0.1923669 0.1524326 0.1203257 0.1157091 0.08480448 0.06824042 0.06498899 0.06130237 0.08209632 0.07905307 0.1332881 0.1259781 0.148093 0.2625018 0.2599487 0.1131467 0.1375984 0.1206446 
0.1864808 0.2500578 0.1140516 0.1356205 0.215002 0.2047247 0.2659419 0.2318184 0.2178348 0.1447806 0.2333704 0.2276914 0.1275938 0.1414747 0.09354009 0.09100673 0.1178409 0.1215291 0.1541677 0.1256115 0.1243469 0.1274991 0.1004862 0.1106341 0.1256254 0.1038631 0.09174914 0.1049876 0.1139807 0.1162076 0.1221476 0.1120437 0.08779962 0.1019933 0.1307148 0.1950593 0.2046658 0.2002361 0.1718456 0.154838 0.1230252 0.1244552 0.09973872 0.06990914 0.06533469 0.05734306 0.0614019 0.07473488 0.09009772 0.1314191 0.151675 0.2363654 0.1789815 0.1122776 0.1371123 0.1131029 
0.1726466 0.2086797 0.1200344 0.1878397 0.1516888 0.09571721 0.1825527 0.1902791 0.1717325 0.0840788 0.06994223 0.08576151 0.09281853 0.1083305 0.1326089 0.1338207 0.1656774 0.2061084 0.1809396 0.1100122 0.1114205 0.2457497 0.1118975 0.1164857 0.1266193 0.1086346 0.09223335 0.1486166 0.1493041 0.1468025 0.131173 0.1552786 0.148551 0.1379532 0.112106 0.1635303 0.2075751 0.2110427 0.1551898 0.1521131 0.1325885 0.1073364 0.08946034 0.07275263 0.04547773 0.05299778 0.0816934 0.07918085 0.09458964 0.1161354 0.1007851 0.1745981 0.1225742 0.1549522 0.1416527 0.06393132 
0.1087669 0.08706131 0.09154937 0.1084783 0.07547354 0.06071348 0.1183441 0.09104273 0.06951049 0.08175449 0.153265 0.1742665 0.1404115 0.09900927 0.1575285 0.194443 0.2913719 0.2695492 0.1582775 0.1294031 0.1742776 0.1416056 0.1347014 0.1543056 0.1498273 0.1180757 0.1067083 0.1282443 0.1321083 0.1480652 0.1220945 0.1544239 0.162498 0.1441358 0.1453625 0.1592074 0.2196185 0.2158262 0.1607712 0.1407285 0.127161 0.1130336 0.1098121 0.08034728 0.05176569 0.03545529 0.06204735 0.04549495 0.0908516 0.0851195 0.06668489 0.205722 0.1673279 0.1153687 0.07940207 0.04786906 
0.1823459 0.1359969 0.1284607 0.2150131 0.09734734 0.07641816 0.081321 0.0959881 0.1677299 0.1110606 0.1767895 0.1952181 0.132813 0.1028169 0.1789529 0.159888 0.2725154 0.3337258 0.22494 0.1595868 0.228012 0.3174915 0.1862548 0.2283838 0.2062276 0.1884202 0.1684856 0.145099 0.1450988 0.1306408 0.1437756 0.1502622 0.160229 0.1904634 0.2098605 0.2399867 0.2680142 0.2758402 0.2671328 0.1883206 0.1642519 0.1582087 0.1432826 0.08520093 0.08130328 0.1059512 0.1127156 0.0589417 0.07367998 0.06488924 0.07225791 0.1468921 0.116835 0.06904095 0.031697 0.04253985 
0.2586489 0.2023403 0.2034137 0.1767356 0.1316504 0.09802204 0.1315432 0.2603949 0.222909 0.1981016 0.2279009 0.1729852 0.1728062 0.1701109 0.1712811 0.1647798 0.1911338 0.2505061 0.2592608 0.2283162 0.2149926 0.3000047 0.2788448 0.2977212 0.3125062 0.2449536 0.1915373 0.1636508 0.1713646 0.1759709 0.1634242 0.176523 0.1736692 0.1816238 0.2223221 0.2728758 0.2807116 0.2892516 0.2785804 0.2144957 0.1788608 0.1654191 0.1430403 0.1183623 0.1022382 0.1152209 0.1246737 0.09195197 0.1050428 0.1094279 0.07847264 0.08307996 0.06012993 0.03724894 0.04475871 0.04539571 
0.5384132 0.2745052 0.1961394 0.1408197 0.1256513 0.1279773 0.1870726 0.2297521 0.1698889 0.1812261 0.2045288 0.1974921 0.1725822 0.214367 0.2518772 0.2785497 0.3321123 0.3142421 0.3507946 0.2642764 0.23972 0.2619593 0.2709 0.4143535 0.4016313 0.3004888 0.2551834 0.1752854 0.1899892 0.2266264 0.186812 0.1766916 0.1952637 0.2083656 0.2267495 0.283664 0.2967851 0.3170268 0.3121813 0.2520262 0.2210245 0.1936109 0.1620422 0.1094376 0.08249556 0.07791255 0.1314627 0.1385369 0.1160922 0.1507359 0.1004492 0.07740981 0.07814104 0.08047725 0.0991602 0.09554973 
0.4316379 0.3400819 0.2123038 0.142581 0.1199295 0.1219283 0.2366526 0.1521779 0.1296819 0.1454726 0.138065 0.1901346 0.2158277 0.2752369 0.2869476 0.2742788 0.2827423 0.364562 0.3804392 0.4037543 0.454068 0.3765458 0.2627817 0.3221304 0.3993209 0.3904712 0.2974182 0.2147339 0.1830889 0.1923936 0.1865018 0.2036902 0.2108659 0.2271676 0.2508789 0.2903945 0.3282467 0.3240436 0.3472104 0.2884336 0.2249218 0.2050215 0.1918891 0.1311461 0.072459 0.07523755 0.11784 0.1247999 0.1277436 0.09363186 0.07331046 0.1103959 0.1119779 0.1174806 0.1062675 0.06287865 
0.6154493 0.3700455 0.2865267 0.2241775 0.1672265 0.08008575 0.1028073 0.1478786 0.1645711 0.1784422 0.1902142 0.2145981 0.3172865 0.3175617 0.2803764 0.2973282 0.3300709 0.3583772 0.4621947 0.4962925 0.4982501 0.3949887 0.3412823 0.3761656 0.362507 0.3194094 0.2668988 0.2515216 0.2039958 0.2066027 0.2166226 0.1886289 0.2024887 0.2142936 0.2491459 0.3197309 0.3713638 0.3775891 0.3492947 0.2864827 0.2237867 0.1815973 0.1564023 0.1408164 0.1708459 0.1001099 0.09971054 0.1823497 0.2139968 0.1613695 0.1415199 0.1054769 0.1577462 0.1006625 0.1001596 0.05991118 
0.6657913 0.3681123 0.2018727 0.2078107 0.1762289 0.08959725 0.1131881 0.1885214 0.1981552 0.2135424 0.1917644 0.2258586 0.290859 0.2877137 0.3318323 0.3711487 0.4005699 0.3588553 0.4031784 0.4668673 0.4954952 0.3855917 0.3706959 0.3943476 0.4030729 0.3766972 0.3435641 0.3507808 0.2788999 0.246418 0.2446891 0.246916 0.2419566 0.2509018 0.2805978 0.3721016 0.3857587 0.3296606 0.3204075 0.247695 0.2348937 0.2092564 0.1619788 0.1358036 0.1605532 0.1413047 0.1294784 0.1701274 0.2122232 0.1294494 0.2247094 0.1916885 0.08957367 0.1390184 0.08749014 0.06015134 
0.5762028 0.3467542 0.1802786 0.2513258 0.1537347 0.1695425 0.1236558 0.2041238 0.2723714 0.2310979 0.2739145 0.2951775 0.3204618 0.2913448 0.3568214 0.4252308 0.4354467 0.4132745 0.356234 0.3813166 0.4057129 0.329165 0.3022507 0.3317777 0.3556539 0.3900591 0.3944086 0.4025725 0.3216615 0.2959833 0.2739264 0.2533286 0.2379724 0.2962919 0.3043955 0.3677998 0.3787581 0.3187888 0.3073308 0.2575707 0.2249132 0.2045603 0.1912252 0.1565249 0.1556794 0.1868393 0.1682439 0.1640839 0.1793204 0.2000724 0.1968447 0.3162491 0.2439411 0.09855706 0.1425768 0.04051946 
0.4242867 0.2746306 0.195674 0.238838 0.2059756 0.2012945 0.1590183 0.2106739 0.2543836 0.3191484 0.296731 0.3160264 0.3965723 0.3724377 0.48551 0.4793686 0.467009 0.4280198 0.348572 0.3122962 0.3061788 0.3126027 0.3224997 0.2934948 0.3614433 0.4489569 0.4244802 0.3758604 0.3202125 0.2847691 0.2979198 0.2951084 0.2881368 0.3331931 0.3212665 0.3726175 0.3535024 0.33267 0.3161508 0.2726832 0.2655683 0.2059192 0.2045464 0.1733433 0.1439022 0.1709794 0.2085883 0.1762058 0.1946275 0.1763815 0.1781757 0.351058 0.2604932 0.1207246 0.04346244 0.01857789 
0.4736625 0.2991652 0.2133342 0.3468553 0.2111372 0.1927647 0.1849794 0.1760942 0.1974502 0.1909807 0.2365291 0.2763095 0.3454639 0.4074833 0.4782463 0.5363744 0.5127499 0.4530171 0.3841764 0.3087656 0.2877775 0.347607 0.3095212 0.2680572 0.3451036 0.4224883 0.3910281 0.4019535 0.3698835 0.2679071 0.2940439 0.3431844 0.3372855 0.3519184 0.3086189 0.3090084 0.3361661 0.312776 0.2395022 0.2419857 0.2731876 0.2564247 0.2215335 0.2291497 0.1324146 0.17905 0.2604257 0.2333459 0.2079242 0.1951513 0.1648555 0.2659551 0.1819146 0.08569372 0.04509646 0.01578184 
0.5221201 0.3035492 0.2089667 0.3323655 0.2162838 0.1975941 0.1683941 0.1806609 0.1788145 0.203242 0.2240223 0.2743917 0.3350049 0.4217306 0.5801418 0.5335357 0.5522927 0.476538 0.4204911 0.3037822 0.258477 0.2596611 0.2721509 0.2725833 0.3583896 0.3620017 0.335414 0.4413913 0.3768727 0.3076001 0.3754795 0.3442107 0.3602678 0.3819459 0.3842239 0.3326388 0.3592145 0.3744617 0.328757 0.2488008 0.2445802 0.2689255 0.2337242 0.1945405 0.1642412 0.1817839 0.2535741 0.1979198 0.2130204 0.2158001 0.2139982 0.1513617 0.1885271 0.07558033 0.04195229 0.0152821 
0.3981389 0.3128733 0.1844933 0.1844852 0.1899908 0.2633442 0.2451946 0.2434019 0.194888 0.1993927 0.2142731 0.2843705 0.3436334 0.3861854 0.482511 0.5032044 0.5060804 0.5164967 0.4202655 0.3205148 0.2977749 0.2750725 0.3024704 0.3527845 0.2755394 0.294623 0.3054296 0.3946458 0.3728406 0.342394 0.3080454 0.3911398 0.3222892 0.3265295 0.3446954 0.3575709 0.405471 0.332225 0.3270775 0.2657192 0.2728987 0.2631273 0.2635719 0.2326718 0.1866087 0.1824293 0.185773 0.1756135 0.2091767 0.1980036 0.2316207 0.1603769 0.1076521 0.05868457 0.0429296 0.01928586 
0.4674416 0.2839253 0.1661054 0.2085902 0.2088323 0.310995 0.2380427 0.2562825 0.2572431 0.2479322 0.2378169 0.2783823 0.2951352 0.3085801 0.4545916 0.4798996 0.4761807 0.4706267 0.4371508 0.4274727 0.3358477 0.2726035 0.2635007 0.3281135 0.3167528 0.2841268 0.2497823 0.3489097 0.3756311 0.3304399 0.3265383 0.332645 0.376019 0.3778743 0.3650338 0.3810202 0.4200056 0.3420869 0.3142619 0.2735333 0.2586462 0.2622012 0.2684006 0.2331932 0.1691147 0.1614132 0.1684883 0.177502 0.1471716 0.1928678 0.2187821 0.1624827 0.06887152 0.05410684 0.05303594 0.02930686 
0.4436639 0.2890134 0.2024271 0.2152748 0.2102454 0.2409747 0.2541157 0.2117523 0.2687455 0.313166 0.3119794 0.3949472 0.299015 0.3230104 0.3612223 0.4422948 0.5189161 0.5688273 0.5813783 0.4420936 0.3403954 0.3610773 0.2982337 0.2899613 0.3000297 0.2253712 0.2543293 0.3012376 0.3404229 0.3867815 0.3615654 0.2214009 0.2775694 0.3433543 0.4263174 0.410224 0.39322 0.3762861 0.3037668 0.3527165 0.3332703 0.3451796 0.3065678 0.2382982 0.1598026 0.1518308 0.2010061 0.2798551 0.2994965 0.2933962 0.1226648 0.08359451 0.05260658 0.04624889 0.04735095 0.02003133 
0.3350359 0.2189452 0.2118426 0.205031 0.2166287 0.2593872 0.2779423 0.2594526 0.303916 0.3752835 0.4147362 0.4213471 0.334368 0.3733024 0.3853649 0.4232314 0.4428191 0.5097939 0.4162746 0.3891265 0.3672008 0.3372757 0.293621 0.2779099 0.2541733 0.2699761 0.3093717 0.3639832 0.3454359 0.3624407 0.2668206 0.2216883 0.2686029 0.3312959 0.4582956 0.4707899 0.3819595 0.3617164 0.3399092 0.3166738 0.3618703 0.3961928 0.378404 0.3080935 0.1851216 0.1428139 0.1983034 0.2079927 0.3215805 0.1839309 0.07941292 0.06890132 0.05289685 0.04798168 0.04470709 0.01544303 
0.3869328 0.2834961 0.2721738 0.3583771 0.2935127 0.229279 0.2393386 0.281232 0.2862814 0.3562431 0.403565 0.4378624 0.4634964 0.3971263 0.3568746 0.3637541 0.3740612 0.3870502 0.3408367 0.3704131 0.3208793 0.3013988 0.2685153 0.2304922 0.2312672 0.2449818 0.2415544 0.3582562 0.3018354 0.3215332 0.3001637 0.2699925 0.302711 0.2981502 0.3921332 0.3178311 0.3457896 0.3625714 0.4174369 0.3356011 0.3614733 0.3123723 0.2679618 0.281104 0.267552 0.2040861 0.171387 0.1322654 0.09176531 0.08830586 0.08313473 0.07220947 0.06427988 0.05288299 0.04438969 0.01955016 
0.3414516 0.2638743 0.2649198 0.3019125 0.3739674 0.2642175 0.2445638 0.3173179 0.4020353 0.3417741 0.3942324 0.4063058 0.4271479 0.3707432 0.3361828 0.4050017 0.3815157 0.3374601 0.3314301 0.359727 0.3684121 0.2947104 0.2681508 0.2149063 0.2255945 0.2098914 0.1892308 0.2059141 0.2792121 0.3117213 0.3026069 0.2901539 0.277127 0.2774484 0.2881952 0.3199148 0.3712845 0.30982 0.3526147 0.3775157 0.3788918 0.3492359 0.2749965 0.2309205 0.2642781 0.2177193 0.1420909 0.06686098 0.06429846 0.06797766 0.07295933 0.06679125 0.06337338 0.05252506 0.04923804 0.01598232 
0.3186173 0.2551804 0.2427618 0.2227085 0.2318414 0.284978 0.2784744 0.3172396 0.3522719 0.3394246 0.3183278 0.4512908 0.4281065 0.3778732 0.3771755 0.3277152 0.299636 0.2675074 0.2509622 0.2667255 0.2683463 0.2184025 0.2234158 0.253615 0.2692245 0.2392619 0.1995495 0.1812089 0.2065313 0.2947418 0.2599792 0.2420101 0.2239781 0.2062325 0.2049498 0.3044309 0.438628 0.2981517 0.2608356 0.3245662 0.3573731 0.3106172 0.2696546 0.262328 0.2729415 0.2301433 0.1706571 0.06698736 0.06778229 0.0844622 0.0700467 0.03442773 0.02449122 0.02237785 0.01997967 0 
0.2546826 0.236819 0.2201893 0.2250029 0.1934477 0.2300294 0.2570491 0.3458148 0.4082595 0.3857533 0.2972439 0.3509444 0.3566486 0.296481 0.2765912 0.287097 0.2742056 0.2963382 0.2424918 0.2440798 0.259378 0.3001003 0.243928 0.2152689 0.264146 0.2846736 0.2575907 0.2277889 0.2276496 0.2231311 0.2125592 0.2603672 0.2867474 0.2518678 0.2208173 0.2485156 0.3047563 0.3330126 0.3149368 0.3365217 0.3519362 0.2734107 0.2481637 0.2614921 0.2663834 0.2093508 0.1335041 0.1160049 0.06267761 0.06530893 0.06230213 0.04321132 0.03054412 0.02112641 0.02005526 0 
0.3384282 0.2622039 0.2526457 0.2330999 0.1956295 0.2771317 0.3330611 0.3145533 0.3380133 0.4155683 0.4114976 0.3671651 0.3624322 0.3532895 0.2592984 0.3025249 0.3289522 0.2998713 0.2696459 0.2816398 0.3143167 0.32578 0.2948197 0.2640361 0.2310859 0.22504 0.196764 0.175079 0.2479977 0.2522694 0.1964235 0.2688926 0.2918339 0.2597819 0.2409844 0.282203 0.3134325 0.3802627 0.4260444 0.4071816 0.3480289 0.2606233 0.204227 0.2321019 0.2615436 0.1775015 0.1660398 0.1620387 0.118804 0.09351941 0.08739694 0.04096125 0.04429208 0.02152892 0.02156147 0.0006048387 
0.3687691 0.3191351 0.2645301 0.2200558 0.1821926 0.2441783 0.3511038 0.3540289 0.340345 0.3180326 0.4393582 0.3785433 0.3396349 0.2970121 0.3050926 0.2927487 0.3191861 0.264199 0.2585251 0.3519483 0.2899771 0.2594358 0.2594111 0.2255482 0.160876 0.1673016 0.210049 0.2450349 0.2780765 0.2602378 0.2441633 0.2259948 0.2702965 0.3562826 0.3009212 0.3145209 0.3452451 0.3660418 0.4390713 0.4354841 0.3877804 0.2859695 0.2202681 0.2250108 0.2153475 0.1699708 0.1442793 0.1044353 0.07455714 0.0953845 0.09506951 0.06696357 0.04986184 0.03129175 0.02837154 0.009637096 
0.3550751 0.3379827 0.346444 0.2828906 0.3067771 0.2024171 0.3232729 0.3799155 0.4038363 0.3879212 0.3315658 0.2404756 0.2709653 0.2430377 0.2740829 0.3050693 0.2705985 0.2688427 0.2738306 0.3392709 0.3652397 0.3227561 0.2666503 0.2417231 0.1816509 0.2101312 0.2571834 0.3042385 0.2970693 0.3053281 0.3520066 0.2346167 0.2117166 0.2294156 0.2275251 0.2591187 0.2856168 0.288407 0.4171216 0.4257967 0.4195604 0.3845955 0.2251391 0.1977418 0.1593811 0.1199704 0.112472 0.0820266 0.06444795 0.0685285 0.07992823 0.03947581 0.02181452 0.01048387 0.002620968 0.0009274193 
0.3959388 0.3142151 0.3596743 0.3065449 0.2811784 0.2615128 0.3445157 0.4323962 0.4638463 0.3598905 0.3312658 0.2211988 0.2870771 0.2860682 0.273399 0.2890457 0.3284949 0.3914627 0.3157565 0.2832463 0.3141257 0.3173003 0.2784562 0.2833636 0.2141195 0.3122977 0.2705612 0.2470411 0.274569 0.3295418 0.2939225 0.2054062 0.1986801 0.2321523 0.2257895 0.2659634 0.2877854 0.290358 0.4405429 0.4161962 0.4588403 0.4481493 0.2612053 0.1916471 0.1549063 0.1148188 0.1303372 0.09511483 0.07569882 0.07465599 0.08219782 0.03508065 0.05048387 0.02 0.006653226 0.005967742 
0.4106185 0.3691742 0.3536206 0.3062581 0.3185613 0.3028464 0.318388 0.357611 0.402248 0.4434164 0.4369345 0.2930576 0.3502705 0.322509 0.2948842 0.3394715 0.3639536 0.4009663 0.3023862 0.3085685 0.2964768 0.2952521 0.239662 0.2376133 0.2624797 0.2529386 0.1976654 0.2073284 0.281154 0.3372969 0.292601 0.1944453 0.2355517 0.2541406 0.236087 0.2697744 0.267061 0.2401065 0.3048812 0.3838271 0.4694019 0.4800283 0.32527 0.2045386 0.1305051 0.1387573 0.1466292 0.1181627 0.08713561 0.09464581 0.09835894 0.03024193 0.04064516 0.04141128 0.02475806 0.01185484 
0.3758775 0.3889279 0.4337608 0.4775049 0.3950422 0.3552809 0.3096274 0.3294162 0.3781453 0.4519279 0.4319991 0.3223228 0.3763516 0.3503414 0.3412534 0.3805282 0.4004365 0.3997146 0.3320301 0.3170956 0.3621107 0.3144453 0.2751675 0.2635389 0.2893348 0.208789 0.2328906 0.3099563 0.2622467 0.2700239 0.2790919 0.2108172 0.227499 0.2329664 0.2512785 0.2353532 0.2280461 0.2251301 0.2260008 0.3050321 0.3813104 0.4649676 0.3057323 0.1872015 0.1603872 0.1523339 0.1304357 0.120588 0.109049 0.1091271 0.1039014 0.04225806 0.02830645 0.03572581 0.03149193 0.02060484 
0.3618763 0.3944605 0.4613117 0.4428829 0.5388495 0.3784531 0.2848077 0.3480125 0.3665967 0.4191024 0.4135182 0.3599196 0.4044831 0.3737359 0.342607 0.3283946 0.3583594 0.4154632 0.3562689 0.3751593 0.3682049 0.2987915 0.2890564 0.3211776 0.3391114 0.3231325 0.3442093 0.2964339 0.2367517 0.2563207 0.1909067 0.1546043 0.1611936 0.1805812 0.2179553 0.2192168 0.2235303 0.2230412 0.198447 0.259166 0.2884532 0.3084865 0.2489346 0.2114166 0.1878839 0.1903362 0.2215109 0.1209452 0.09686246 0.08251307 0.07652641 0.04060484 0.03806451 0.03858871 0.04584677 0.02326613 
0.3103235 0.3729924 0.368173 0.3529022 0.4339561 0.3741583 0.3048769 0.3570255 0.3951474 0.4111262 0.4298666 0.3711882 0.4351346 0.4698779 0.4682432 0.3729797 0.3848123 0.421725 0.3588301 0.4415276 0.4182211 0.3412879 0.3551191 0.3793445 0.4437291 0.4026072 0.3471844 0.3063733 0.302878 0.2874899 0.2232731 0.1597263 0.1876639 0.1871005 0.2079127 0.2422214 0.3188974 0.3096415 0.2714069 0.2814983 0.2946555 0.2944799 0.2394744 0.2505319 0.2248615 0.1967885 0.2375167 0.1828579 0.1102165 0.1043304 0.09076893 0.0633871 0.04939516 0.04866935 0.06350806 0.03891129 
0.2775704 0.3458136 0.3767779 0.3589726 0.2866558 0.2690136 0.2484401 0.3257105 0.3356191 0.3534878 0.3761311 0.354923 0.4046702 0.4235177 0.3990103 0.3809983 0.3706101 0.393467 0.403667 0.4651444 0.414342 0.4113367 0.4146303 0.4593361 0.4214501 0.3976727 0.3371719 0.3021626 0.2867662 0.2929513 0.2775066 0.192119 0.1626056 0.1586361 0.1915638 0.2651963 0.3303686 0.3451638 0.3075494 0.3615691 0.3528589 0.3195166 0.2682415 0.2806868 0.2713275 0.2560878 0.2376599 0.2105077 0.2036739 0.141866 0.1168402 0.06548387 0.06262097 0.05995968 0.05439517 0.04967742 
