ncols         56
nrows         54
xllcorner     28.264
yllcorner     -5.7719999999999
cellsize      0.25
NODATA_value  -9999
0.1771102 0.1771301 0.1736268 0.1655675 0.1413833 0.1417873 0.111585 0.1185317 0.1033442 0.1033387 0.09403373 0.09415579 0.1331486 0.09799199 0.1316255 0.08902659 0.08296511 0.08453455 0.07299421 0.1048001 0.09549695 0.08384734 0.1180685 0.09782014 0.1472771 0.1840544 0.1854663 0.2478539 0.3039632 0.1909146 0.1949204 0.1754978 0.1695111 0.2026258 0.23986 0.1969024 0.1518425 0.1268987 0.09652593 0.07799349 0.06399592 0.04016697 0.05250873 0.162297 0.06954838 0.03023104 0.05151391 0.07695211 0.08411397 0.1041635 0.150308 0.1667397 0.1804135 0.1860302 0.1652229 0.2154948 
0.1908146 0.1641197 0.1775231 0.1940563 0.1520518 0.1281598 0.1062835 0.09407596 0.09791917 0.1011176 0.09606875 0.1319942 0.1496005 0.1225333 0.09389091 0.08581664 0.0765183 0.06168402 0.08151916 0.07276651 0.04880902 0.04895936 0.06279107 0.08297982 0.1324898 0.198349 0.2127973 0.2485946 0.2670776 0.1525386 0.1610596 0.1946285 0.181828 0.1854376 0.2098892 0.2402776 0.2174952 0.1610304 0.1404076 0.1014051 0.06015478 0.03986692 0.1134217 0.09626799 0.03053983 0.06061231 0.05442773 0.0754405 0.08100906 0.1241442 0.1739172 0.1424203 0.1488839 0.1472918 0.1595165 0.1848102 
0.1446681 0.1450716 0.1843591 0.1841746 0.1649306 0.1361469 0.1037249 0.1056592 0.08155649 0.09042431 0.1092362 0.1377347 0.1700334 0.07718234 0.06418227 0.07926237 0.06295004 0.0635874 0.08607414 0.04234625 0.03330685 0.05792717 0.07342653 0.1023367 0.09301707 0.1122527 0.1867928 0.2324193 0.2069168 0.2002191 0.1524782 0.1835567 0.1867272 0.1828783 0.2382983 0.3338515 0.3020075 0.2138326 0.1311421 0.1200964 0.08615756 0.1100111 0.1453022 0.06923556 0.04317774 0.02231691 0.05664749 0.04496634 0.08897392 0.1228739 0.1488586 0.1718759 0.1771232 0.1399924 0.1398087 0.1458998 
0.1457183 0.1531087 0.1887733 0.2204894 0.1549272 0.1303246 0.1236999 0.1056103 0.09598818 0.08353309 0.08876674 0.06804229 0.06667163 0.05770648 0.05327807 0.08100451 0.07153816 0.0601019 0.05943606 0.07229724 0.09394392 0.1172181 0.1242462 0.1101024 0.1320609 0.1480539 0.1900851 0.1980182 0.1634935 0.1719049 0.1737995 0.2202877 0.2266452 0.2664606 0.334811 0.367718 0.3736016 0.2269811 0.1305224 0.09735241 0.1425577 0.1538634 0.1179894 0.06659238 0.05575455 0.04887455 0.06614305 0.05134965 0.1000972 0.136611 0.09553017 0.1362103 0.1271605 0.1243833 0.1079593 0.1237985 
0.1412125 0.14998 0.1841903 0.1734796 0.1444704 0.1540705 0.2372344 0.1287818 0.1398346 0.1165317 0.09908601 0.0870654 0.07494756 0.05589621 0.05407582 0.07718483 0.1287771 0.1028768 0.06041991 0.07640644 0.1203068 0.09185374 0.1291477 0.182487 0.1883154 0.161751 0.157409 0.1450148 0.104163 0.1237992 0.1283596 0.1834783 0.2534565 0.2720995 0.3952861 0.4038991 0.2644258 0.1858164 0.1512978 0.1358081 0.1993015 0.1681575 0.1285068 0.14043 0.1298296 0.1477061 0.1590579 0.1294939 0.1175813 0.1229833 0.06604259 0.07746921 0.1168929 0.1090355 0.09637827 0.07815362 
0.1357793 0.1196695 0.1500372 0.1770678 0.1944092 0.2211476 0.2991289 0.1933331 0.2096019 0.2000715 0.1449365 0.1248603 0.119304 0.1246144 0.08038186 0.1489011 0.1354619 0.1133939 0.09296392 0.1248246 0.1079447 0.1254202 0.1637428 0.2282965 0.1783887 0.1395442 0.1379641 0.136397 0.1016673 0.1361805 0.1502275 0.1503166 0.2049534 0.2127916 0.1943695 0.1928274 0.159596 0.1784464 0.1679065 0.142345 0.1945341 0.1438223 0.1165055 0.1073282 0.08995235 0.1456093 0.1563486 0.09216333 0.09367495 0.1077923 0.07716825 0.08231281 0.1102463 0.1447968 0.0948692 0.04976954 
0.1637498 0.124255 0.1282873 0.1698138 0.2203021 0.2301152 0.2791239 0.2313746 0.2160158 0.1940497 0.2185174 0.1857719 0.1521243 0.1200327 0.08835041 0.1034174 0.1158235 0.09165231 0.08496358 0.09651064 0.08946222 0.178266 0.1584021 0.2113002 0.191884 0.1635066 0.1483 0.1371069 0.08697236 0.1220978 0.137196 0.1616006 0.2172492 0.1771958 0.1324607 0.1332626 0.1270281 0.1139204 0.1293004 0.1618453 0.1501459 0.1135765 0.08176523 0.05441035 0.06025309 0.09632942 0.1379063 0.09772268 0.07636295 0.06255058 0.06308587 0.05863807 0.07076886 0.1014958 0.08854384 0.04774499 
0.2749424 0.1295359 0.1638546 0.1534899 0.1826081 0.2153752 0.2801205 0.2284845 0.211935 0.2223786 0.1723361 0.2494898 0.1866516 0.1388789 0.117684 0.1531733 0.1861803 0.1683639 0.1633584 0.1320346 0.1110243 0.1198739 0.1365554 0.1660348 0.1613034 0.113187 0.09892637 0.09840673 0.114834 0.1189742 0.1420779 0.2414842 0.2571771 0.1333997 0.1367227 0.1753604 0.09971651 0.07114859 0.1234944 0.0675416 0.04717439 0.05482962 0.06825594 0.08684652 0.07142252 0.1101953 0.1370041 0.1056523 0.04110225 0.05939234 0.05722271 0.05756027 0.05695063 0.08843951 0.1340072 0.1011597 
0.2723182 0.1436636 0.1882007 0.2250042 0.1964469 0.197816 0.2766339 0.2322753 0.1905693 0.2041631 0.1689579 0.2477353 0.2175492 0.1885811 0.1236885 0.1508287 0.1825279 0.214657 0.1948526 0.1224279 0.08795347 0.07474171 0.05086968 0.07572835 0.07995766 0.1038821 0.08533207 0.1468963 0.1788132 0.1212852 0.1542145 0.2872064 0.1994518 0.1630844 0.1403256 0.1454481 0.1378147 0.1161574 0.1029012 0.04719845 0.03472491 0.05038213 0.08815908 0.06073745 0.05968109 0.0518162 0.08043721 0.06228371 0.04112319 0.06007416 0.07743492 0.0838415 0.08522077 0.1196972 0.1271323 0.1249854 
0.1748849 0.1623513 0.1355627 0.2578932 0.2479692 0.2771968 0.3632787 0.2698713 0.1884822 0.222812 0.1552785 0.1670241 0.1743198 0.1606381 0.1412484 0.1583783 0.1370799 0.1814977 0.2176037 0.08017271 0.09439524 0.1011239 0.05529597 0.06562404 0.1016233 0.111285 0.1523904 0.175734 0.2252294 0.1504629 0.1914047 0.284057 0.3446524 0.1979336 0.09309419 0.09680791 0.1002434 0.1001704 0.06528885 0.04152622 0.049396 0.04788219 0.06606309 0.06808962 0.0560409 0.03834054 0.0450174 0.04052164 0.03674455 0.08145627 0.08844352 0.1301487 0.1025629 0.1141246 0.1061285 0.05067154 
0.1985435 0.2646366 0.1730328 0.2137247 0.2587673 0.2686768 0.3240868 0.2648591 0.2235618 0.2387725 0.1820735 0.1905655 0.1415266 0.1565784 0.1622165 0.2072702 0.1323134 0.182756 0.2030835 0.09028147 0.05735098 0.1166274 0.0834593 0.09811979 0.08598243 0.1360932 0.1729714 0.2178739 0.2145855 0.1567193 0.1715402 0.2289445 0.1813705 0.1539713 0.06550071 0.1554131 0.1097681 0.0986916 0.06414912 0.07569803 0.07779138 0.07436871 0.09763022 0.08296927 0.04137269 0.03413607 0.04589398 0.06167762 0.04542233 0.06170224 0.06851815 0.09356625 0.07806499 0.07195916 0.05296657 0.02889946 
0.2420518 0.2196263 0.2886951 0.2228009 0.3318966 0.4245807 0.4295832 0.2826067 0.2182726 0.1929137 0.2682764 0.2851769 0.2190544 0.2349292 0.193997 0.2944289 0.2406765 0.2039695 0.19078 0.1815839 0.1328951 0.1766489 0.1790825 0.1055395 0.1219109 0.1484784 0.1574902 0.1550926 0.1309209 0.1202832 0.120783 0.07139661 0.05684755 0.05073215 0.0394986 0.09010052 0.0788992 0.09737906 0.07221785 0.07303882 0.06915337 0.07723878 0.07844818 0.04572947 0.04475936 0.03409737 0.04446369 0.08032174 0.05523577 0.04294741 0.05591843 0.06534202 0.04993207 0.05721534 0.04355024 0.0411683 
0.2038943 0.230152 0.3167492 0.2948854 0.3356599 0.4003465 0.4237471 0.3434768 0.2506929 0.2304511 0.2636168 0.2970842 0.2256138 0.2155572 0.2065283 0.2545985 0.2557712 0.282027 0.2678666 0.2719226 0.1510863 0.09343275 0.1877802 0.1100838 0.1041652 0.08160282 0.09936053 0.0859925 0.07050599 0.06976193 0.05836874 0.03429167 0.02796355 0.02921623 0.02349653 0.1133566 0.08909159 0.07666244 0.06741194 0.06160775 0.05000721 0.04786381 0.03510163 0.04079374 0.03811071 0.04626807 0.06866974 0.08070686 0.07903453 0.04356638 0.0517202 0.06430774 0.0460818 0.05083911 0.05513914 0.05789974 
0.3894514 0.3606117 0.3107251 0.2593942 0.2868809 0.4251405 0.5114524 0.2932698 0.2504416 0.2515051 0.2743547 0.3038317 0.2115257 0.1530551 0.1413772 0.2232431 0.2386846 0.3605532 0.2118029 0.2259186 0.2002744 0.1524459 0.1394208 0.06412383 0.1082698 0.07117146 0.1200481 0.05209274 0.03947944 0.04117476 0.03347436 0.02735258 0.02806519 0.05498143 0.01757971 0.03532069 0.02650329 0.04331787 0.03084872 0.05173243 0.05897791 0.04127735 0.04150387 0.03802613 0.04325525 0.04572939 0.09048317 0.07855183 0.09248312 0.08996456 0.08297133 0.08970944 0.07940709 0.06779974 0.0655371 0.045701 
0.3543851 0.3070609 0.3515116 0.2999949 0.2681981 0.3363335 0.4547935 0.2629101 0.2519044 0.2572353 0.2333963 0.323293 0.2916113 0.2200576 0.1609334 0.2917085 0.2713253 0.4128505 0.2364245 0.2023157 0.1273057 0.2988505 0.1500026 0.07716551 0.08239273 0.07355633 0.08329415 0.07009508 0.01017944 0.02118192 0.006692718 0.01266258 0.02250458 0.02795021 0.01388139 0.02640362 0.01633399 0.03018155 0.02399193 0.03486365 0.02994405 0.03309539 0.03983206 0.03545583 0.04975949 0.05513788 0.07662709 0.05708187 0.1036531 0.1110282 0.1054145 0.07585303 0.08932153 0.05860041 0.04143675 0.01281679 
0.4058908 0.3244195 0.3884011 0.3634263 0.3154003 0.3494408 0.4009318 0.3102796 0.3029523 0.3112003 0.280807 0.3683355 0.3237806 0.3119045 0.2516697 0.2528054 0.3691017 0.365241 0.2638062 0.1909024 0.1202214 0.142723 0.1606579 0.1071218 0.05591313 0.03648898 0.01856765 0.03995004 0.02749194 0.02421929 0.02377049 0.02786542 0.03072207 0.0625191 0.04846569 0.02810619 0.02198898 0.02511147 0.02182754 0.03622529 0.04280899 0.02676802 0.03403034 0.04680153 0.07198204 0.07750565 0.07043171 0.05850054 0.06771579 0.08390662 0.07139054 0.07729226 0.05885817 0.04917137 0.02596182 0.04341545 
0.3329059 0.408775 0.389189 0.3437954 0.366691 0.425944 0.3109775 0.2808943 0.2672077 0.22298 0.1950353 0.2954609 0.3218969 0.325024 0.3122827 0.250589 0.3254257 0.3077151 0.2284639 0.1729883 0.2099519 0.2065313 0.1543582 0.08692735 0.04484782 0.03452121 0.02107726 0.03810452 0.05693972 0.02455181 0.02394366 0.02988656 0.02974789 0.03663146 0.02993886 0.05045356 0.03626888 0.02195024 0.02696768 0.02635847 0.04959116 0.04296859 0.03103501 0.03748277 0.04134084 0.05223541 0.04988588 0.04639804 0.1031042 0.05138963 0.06019034 0.06486448 0.06810983 0.05873207 0.04526744 0.0799817 
0.4579524 0.3679013 0.3409075 0.343962 0.3098338 0.3893476 0.3551269 0.2502369 0.1959647 0.2288078 0.160422 0.2613198 0.3166861 0.4413286 0.4705198 0.3850546 0.392907 0.2834013 0.3109856 0.3048523 0.2606945 0.2808019 0.1298907 0.09732635 0.07632839 0.05054536 0.06415249 0.0463697 0.06534733 0.02419721 0.02700394 0.03687335 0.06011193 0.06239424 0.02784066 0.01418833 0.02868473 0.04492074 0.03664747 0.04947075 0.06219788 0.0494803 0.03213703 0.02460628 0.02938583 0.02573764 0.04265193 0.04784819 0.05647609 0.03819877 0.02555969 0.06460805 0.08400478 0.1112476 0.1152719 0.04999019 
0.4333223 0.3012996 0.32642 0.3180148 0.2962619 0.3365347 0.240992 0.1897895 0.1933522 0.1548434 0.1517627 0.28443 0.3379105 0.4480662 0.3686153 0.5008469 0.3812082 0.3919176 0.4587422 0.3941589 0.3350323 0.2093868 0.09945216 0.07704949 0.1152278 0.08255339 0.0631256 0.04653233 0.0477866 0.03975459 0.03021147 0.02862285 0.04672051 0.06002103 0.02849114 0.01643796 0.02136169 0.03373097 0.02892864 0.04893637 0.02869572 0.03257231 0.02250756 0.01268206 0.01189942 0.02087945 0.02037505 0.05859381 0.02378313 0.01158343 0.02386125 0.04554707 0.103911 0.09375877 0.07123147 0.0750105 
0.3970831 0.3744741 0.4569567 0.3225845 0.3683529 0.3251315 0.200275 0.197247 0.2021894 0.1151368 0.1622279 0.2411842 0.2808096 0.3426246 0.2842163 0.4174926 0.3618546 0.4559278 0.4718437 0.4502562 0.2714419 0.2312704 0.1707784 0.09309598 0.1113019 0.1088978 0.04029561 0.0368276 0.07585088 0.04597426 0.0628574 0.03538998 0.0368548 0.03408165 0.04650954 0.0666803 0.0464788 0.04369235 0.05321128 0.0476596 0.04343383 0.04522347 0.03468641 0.03093731 0.03608222 0.02338029 0.01771709 0.02953303 0.04856876 0.04423185 0.03813907 0.06778002 0.0598168 0.09103234 0.11662 0.09813807 
0.5470251 0.5258487 0.4970765 0.4067897 0.2895552 0.2103036 0.2605562 0.372056 0.2308699 0.125745 0.1562293 0.1549893 0.2502868 0.3941002 0.3279882 0.3972115 0.4886698 0.4453596 0.4279061 0.5555506 0.3578509 0.2977135 0.2245337 0.1499639 0.108934 0.08351733 0.1092924 0.04490134 0.05495019 0.03541319 0.06918314 0.04092753 0.03282078 0.03251931 0.03998348 0.04664563 0.04084122 0.04251167 0.05329814 0.05114014 0.04192207 0.03510929 0.0344389 0.019756 0.02256198 0.01819585 0.04393566 0.03395912 0.04698798 0.02726671 0.02626674 0.04061006 0.04946513 0.0906143 0.1203011 0.1333751 
0.631431 0.5892827 0.4689541 0.3857094 0.2127119 0.177108 0.2928247 0.3224148 0.2821474 0.086644 0.1550881 0.1270249 0.1288516 0.2833387 0.3135982 0.3845963 0.5029464 0.4257009 0.3449337 0.4066929 0.4331839 0.3794214 0.2389405 0.1567212 0.2455689 0.1866593 0.1370379 0.09516624 0.0454955 0.06397954 0.09841354 0.126327 0.05530901 0.03472866 0.03838066 0.03722857 0.04040114 0.0540456 0.0575315 0.05078312 0.03881191 0.03170909 0.02715766 0.01837461 0.01679076 0.02596742 0.05037302 0.03254083 0.04844123 0.02730758 0.0332335 0.07086586 0.08549694 0.1452482 0.1608428 0.1630633 
0.6481957 0.5935346 0.3755663 0.3303225 0.2526327 0.2400816 0.2354497 0.2283957 0.169707 0.1075595 0.1173595 0.1627856 0.1448608 0.3548985 0.5290979 0.4582666 0.3402685 0.3278061 0.3439881 0.33298 0.3861841 0.4043455 0.3774099 0.2582601 0.2459891 0.2839455 0.1590109 0.1304051 0.1010474 0.1411661 0.0708712 0.05892844 0.05676076 0.04258548 0.05247508 0.05066136 0.05134071 0.05354223 0.04559582 0.04547402 0.04523628 0.03726448 0.02745545 0.01992206 0.01588369 0.04886831 0.05210754 0.01425491 0.0171765 0.02493374 0.02474396 0.05651241 0.0888268 0.1256791 0.170622 0.1171616 
0.5729645 0.5987316 0.4810928 0.4799806 0.3374731 0.3575422 0.2792049 0.1603005 0.1823113 0.2295804 0.2689272 0.2857335 0.2050429 0.280678 0.3298483 0.3710279 0.3603698 0.3232405 0.3300448 0.3671435 0.3936637 0.4321708 0.4443384 0.3417167 0.283489 0.2879714 0.1890584 0.1726951 0.1716752 0.1791029 0.09342584 0.03948786 0.03780807 0.1162455 0.1098729 0.07382554 0.06229448 0.05095667 0.04279633 0.04048068 0.03835604 0.03650163 0.03101452 0.02777046 0.03280308 0.02052669 0.01364216 0.01508003 0.02641055 0.04161825 0.05913286 0.08737296 0.1272461 0.1398284 0.1461335 0.09594451 
0.3269331 0.505523 0.4381163 0.447579 0.4455041 0.285709 0.2526218 0.1303974 0.1401553 0.2354837 0.2237668 0.1861084 0.2422756 0.2078056 0.2075884 0.3059604 0.3405428 0.3250167 0.3033726 0.3161616 0.4442622 0.3951538 0.3007458 0.3526268 0.340738 0.2439697 0.2233963 0.2459389 0.2829597 0.2282383 0.1572802 0.05839047 0.06114291 0.1214668 0.05508358 0.1020312 0.06952671 0.05528119 0.04283062 0.04254265 0.03999539 0.03557345 0.0328357 0.04040867 0.02918421 0.01056746 0.01971117 0.02335238 0.06095816 0.07463861 0.08786596 0.123542 0.1639304 0.1355765 0.1823068 0.1540547 
0.3094166 0.35166 0.4060281 0.4152147 0.5071289 0.4161668 0.2450381 0.1458239 0.08593361 0.189732 0.1798378 0.201376 0.2621711 0.1671508 0.230793 0.2906199 0.2955836 0.3570911 0.3199971 0.3774453 0.4099339 0.3920813 0.4108977 0.2978899 0.2564906 0.2212219 0.214867 0.3049294 0.2646752 0.26763 0.148316 0.1097965 0.1416284 0.1307918 0.06565392 0.1020031 0.07616912 0.05665176 0.09380171 0.05466888 0.04365231 0.03861718 0.03576822 0.09953519 0.05038065 0.02817642 0.03955992 0.058111 0.0652184 0.1188672 0.1181984 0.1247288 0.1602412 0.1775919 0.1832226 0.1406254 
0.4127726 0.4619504 0.3570053 0.4483468 0.5210751 0.5353147 0.3582608 0.2745956 0.1905625 0.1812364 0.2154472 0.3404801 0.292014 0.2143503 0.1835023 0.2875569 0.3551088 0.4711179 0.4070027 0.388534 0.4015112 0.4444218 0.4091313 0.3274409 0.2721143 0.1887734 0.1927715 0.2571845 0.200203 0.1758202 0.1383665 0.1207664 0.1101764 0.0769223 0.05533444 0.07164863 0.09101794 0.07693154 0.06776905 0.052989 0.04925139 0.0433768 0.04746925 0.02168955 0.03025768 0.03085385 0.0491783 0.07045912 0.07855011 0.1128374 0.1269867 0.1692406 0.1738913 0.1227665 0.1603621 0.1363031 
0.5237694 0.5087616 0.3765507 0.4731979 0.5724049 0.6452297 0.4872494 0.3847958 0.3181853 0.2024739 0.2271101 0.3115428 0.2991183 0.2448001 0.2005588 0.285591 0.3204817 0.4248554 0.4409229 0.5025739 0.5229286 0.4900303 0.5660939 0.4163574 0.3201907 0.2199989 0.188924 0.2515307 0.1828313 0.1853907 0.1698243 0.1681648 0.1522479 0.141857 0.1216451 0.119514 0.1237284 0.1196452 0.1160234 0.0801354 0.0647886 0.05529992 0.05530351 0.02444097 0.02403176 0.04356163 0.06384243 0.08373135 0.09355 0.08920881 0.1244155 0.2404741 0.1994497 0.1449405 0.1281697 0.124311 
0.4771123 0.4339246 0.5094216 0.5247515 0.5115269 0.4695641 0.3813284 0.325563 0.1950562 0.1620825 0.1360373 0.161768 0.1402866 0.1780427 0.1776338 0.2483698 0.2261002 0.2586351 0.2931413 0.4327707 0.4106517 0.4948672 0.5507714 0.4707343 0.353979 0.2890966 0.2212426 0.1954943 0.189175 0.1952363 0.1693014 0.193583 0.1889491 0.1446075 0.1309029 0.1358438 0.1335633 0.1348017 0.1419605 0.09954035 0.09310879 0.06865688 0.06471577 0.03655843 0.03889232 0.04081849 0.09321856 0.06784612 0.1057517 0.08430707 0.07149825 0.1147057 0.09432272 0.1141852 0.1711262 0.1258147 
0.5518723 0.5136353 0.5159457 0.5571371 0.5265369 0.3691886 0.3207239 0.2488891 0.152455 0.1667558 0.1294642 0.1466995 0.1314498 0.1519972 0.1756732 0.230839 0.2673411 0.3043106 0.3596568 0.3290761 0.3472823 0.5947514 0.5154418 0.4833108 0.375623 0.3388476 0.3502095 0.2425128 0.2057764 0.2004239 0.2210322 0.2173009 0.1788377 0.1694514 0.1614628 0.1603565 0.1519533 0.1847495 0.2065793 0.1148632 0.1070368 0.1003991 0.07867408 0.06484073 0.04384803 0.05509308 0.0963357 0.1318352 0.1548057 0.1569636 0.1211245 0.1321158 0.121245 0.1438729 0.170378 0.1363029 
0.5310425 0.4965604 0.5604059 0.4888019 0.3255139 0.2137833 0.1922299 0.2208806 0.1831099 0.1820312 0.1153676 0.1547442 0.1417523 0.2366654 0.31424 0.3927118 0.400295 0.4151203 0.3296536 0.434114 0.6537207 0.6513211 0.4408345 0.2983302 0.2690545 0.3068506 0.3503264 0.2428735 0.1985511 0.2121413 0.2466657 0.2384827 0.18037 0.1639494 0.1804695 0.2677206 0.2211023 0.2204116 0.2117764 0.1141131 0.1279495 0.09069524 0.08106789 0.0494946 0.05519197 0.0657928 0.09039427 0.1465917 0.1801776 0.2184007 0.160537 0.112299 0.1387619 0.1569475 0.2130419 0.1251285 
0.6410896 0.5196503 0.4173672 0.4368487 0.2285743 0.2311022 0.3057531 0.3425571 0.2859594 0.1555007 0.1915987 0.2718875 0.2959386 0.3494679 0.4068704 0.4843605 0.5902857 0.6163006 0.599865 0.5618264 0.6138446 0.5390624 0.3614445 0.351025 0.3265923 0.3629569 0.2546777 0.3070771 0.3389303 0.2061359 0.2192365 0.2613209 0.2088816 0.1968524 0.1874367 0.2467232 0.2914665 0.2548771 0.1773614 0.1031903 0.0975162 0.06352507 0.05490863 0.03306276 0.03706674 0.07613105 0.05286992 0.08475225 0.1422234 0.1833723 0.1491511 0.1010154 0.1455463 0.2383641 0.1703244 0.1665579 
0.636444 0.4821891 0.2822801 0.2258682 0.1612059 0.2129368 0.3062648 0.3027181 0.2323225 0.1955407 0.1648551 0.2646971 0.3017823 0.3652313 0.491376 0.6173805 0.6093507 0.6148567 0.5934435 0.468883 0.4538748 0.3900425 0.282285 0.213553 0.2890396 0.2802858 0.2711473 0.4249451 0.3634008 0.2012338 0.1557336 0.2094361 0.2236546 0.2412017 0.2214888 0.245755 0.2930241 0.2226565 0.1727168 0.09358361 0.08417496 0.06006529 0.05242144 0.04181444 0.0321492 0.03329333 0.05530266 0.05035997 0.1270203 0.1485506 0.1540651 0.1799306 0.2400709 0.3145322 0.3328344 0.1796705 
0.6347345 0.4767492 0.2175448 0.2474968 0.1791747 0.2767031 0.2520891 0.2120019 0.1837531 0.1375264 0.1368693 0.264106 0.3457936 0.4342566 0.6389567 0.6908312 0.6387239 0.6057293 0.5836264 0.4872699 0.3245738 0.2672659 0.2320516 0.2025419 0.4477012 0.40649 0.2791499 0.3221164 0.3988683 0.2774516 0.1503981 0.183446 0.2153289 0.2506455 0.2334374 0.2529981 0.2364788 0.2023696 0.1637837 0.08695724 0.07830964 0.05922004 0.06684826 0.0368175 0.04032033 0.05498495 0.0502923 0.0829995 0.09826642 0.1233181 0.165202 0.2014636 0.2324522 0.3626532 0.2667039 0.2439679 
0.6081501 0.4994691 0.2940977 0.3656072 0.3911878 0.332167 0.1556772 0.1205102 0.1072353 0.1385901 0.1392946 0.2996612 0.4352669 0.6098585 0.724199 0.7390416 0.7134537 0.674519 0.5813075 0.4022426 0.2242032 0.1675717 0.2002401 0.304575 0.438037 0.5007197 0.2230313 0.1936745 0.167899 0.1536279 0.1301998 0.1729975 0.2088911 0.1970268 0.1976496 0.2184771 0.2332266 0.2182322 0.1573192 0.09113794 0.07714948 0.06917511 0.06526697 0.03553033 0.04217145 0.07720231 0.09078332 0.1193198 0.1408164 0.1683765 0.1972376 0.2031325 0.2789052 0.3321452 0.3060485 0.3623216 
0.639559 0.5775573 0.4067663 0.5436225 0.46127 0.3586124 0.2559166 0.3140483 0.2535469 0.2377368 0.2625837 0.3254038 0.4833053 0.6048727 0.763439 0.6870527 0.6542426 0.6271537 0.5249301 0.3011795 0.1921816 0.141009 0.1971739 0.4832482 0.3663658 0.4568094 0.288756 0.2410682 0.1379285 0.06638788 0.08901963 0.1439352 0.1314803 0.1273187 0.1135981 0.1637476 0.181938 0.1122067 0.07583337 0.06792211 0.05579954 0.05112315 0.04997044 0.03572959 0.06440174 0.06944941 0.118003 0.1723357 0.1870789 0.2209949 0.2414421 0.2794534 0.291443 0.3895276 0.3634605 0.5401723 
0.5992534 0.4984133 0.2745933 0.4712727 0.4257493 0.3310306 0.2970088 0.3061925 0.2663468 0.2491153 0.2134523 0.2918761 0.4580265 0.5493984 0.6175603 0.5687057 0.5842517 0.5454663 0.3844407 0.2875259 0.1880347 0.190608 0.1658284 0.2850994 0.4138996 0.2925977 0.3072365 0.2582299 0.1321013 0.04605922 0.05605815 0.09969594 0.1082767 0.107434 0.1453905 0.1207627 0.09861729 0.07989084 0.06996516 0.04568827 0.04544334 0.05564248 0.0721714 0.08879557 0.08858223 0.1250238 0.1208341 0.2682774 0.2844732 0.3334139 0.3588693 0.372952 0.3714498 0.4107632 0.4341425 0.516955 
0.5516328 0.4773802 0.219863 0.3109035 0.2572399 0.2603673 0.2678757 0.282674 0.2651892 0.2307003 0.2038603 0.3204112 0.3668644 0.4463433 0.5693356 0.5043672 0.4800836 0.3777953 0.3400519 0.2051348 0.1597998 0.1478488 0.2121534 0.4749368 0.3615941 0.2284863 0.1919526 0.1811836 0.08282723 0.075168 0.04183733 0.08742201 0.08404402 0.08939742 0.120623 0.0883646 0.07385655 0.06242726 0.05963595 0.04923952 0.04327466 0.05090263 0.1028766 0.131743 0.1159983 0.1974981 0.2042003 0.3334939 0.384301 0.4598437 0.4694038 0.5629827 0.5643737 0.6121991 0.6056435 0.5136122 
0.593904 0.4729308 0.3424953 0.4439054 0.2512012 0.2249213 0.2218589 0.2454667 0.2872865 0.2307865 0.2708833 0.3057871 0.3497643 0.4370988 0.5126645 0.4256955 0.356175 0.3551819 0.2418444 0.1535506 0.1382464 0.1329892 0.2155187 0.358521 0.2938936 0.1807478 0.1463591 0.1271322 0.1001234 0.04836857 0.05423092 0.08697435 0.0696779 0.0742716 0.07738982 0.09137481 0.1024842 0.06691472 0.05725394 0.05189145 0.04872471 0.06831019 0.1047508 0.1581519 0.2040157 0.3010223 0.3754232 0.4164284 0.5049065 0.5626745 0.561458 0.6312433 0.5972152 0.6495113 0.4995022 0.5623856 
0.5889131 0.4501188 0.3573299 0.4356252 0.2644391 0.236626 0.2331947 0.3602559 0.285937 0.2751113 0.3011126 0.2738997 0.3546827 0.4771139 0.5989033 0.3779807 0.4117135 0.4144311 0.2804059 0.1544727 0.1073406 0.1253902 0.2654651 0.4635875 0.250549 0.1434713 0.1089066 0.07741131 0.0578304 0.06094089 0.05604391 0.0649553 0.06468651 0.05209619 0.05589527 0.07124001 0.05819521 0.04611032 0.04516642 0.04907892 0.06379508 0.08977719 0.1006335 0.1777828 0.2278277 0.3125882 0.4118411 0.4516531 0.5685852 0.5832396 0.5717251 0.6086453 0.6534237 0.5048504 0.4608768 0.4497544 
0.5735468 0.3913471 0.2446129 0.2982734 0.2251985 0.2796311 0.3020898 0.2443495 0.3015652 0.2561954 0.2898678 0.2255401 0.2758808 0.3599932 0.4232544 0.2553467 0.3917669 0.3041269 0.2706863 0.1553919 0.1657103 0.1098502 0.1917749 0.3945673 0.1770481 0.1753049 0.1097366 0.07168901 0.06145044 0.05131231 0.02842187 0.04012071 0.04409511 0.04106913 0.04456759 0.04216591 0.04436433 0.03663771 0.05089083 0.04945523 0.06678934 0.08121558 0.1157193 0.1925915 0.2344607 0.2951798 0.422882 0.4966438 0.5834606 0.6479531 0.6952951 0.7326755 0.6447049 0.5919806 0.5328382 0.5094062 
0.4973603 0.333598 0.2715795 0.3469901 0.2218263 0.3027885 0.3460116 0.370444 0.2574868 0.2264035 0.2659158 0.2312932 0.2398883 0.2783784 0.1990697 0.1799972 0.2809813 0.1671685 0.1430253 0.09612656 0.1075163 0.1110301 0.1906647 0.2692606 0.1464152 0.1082998 0.09514601 0.069999 0.03735424 0.03089659 0.0213305 0.0360869 0.03517924 0.03752514 0.04428383 0.04397321 0.03404911 0.04475001 0.05909332 0.05676956 0.1107353 0.1332566 0.1621318 0.2117674 0.2565967 0.321572 0.4384985 0.4777225 0.5775184 0.679691 0.6930391 0.6861151 0.7066118 0.5695812 0.5825175 0.5122026 
0.4451192 0.2827683 0.2495154 0.2638956 0.2140249 0.1885674 0.3007796 0.2903048 0.2344492 0.1842475 0.1888357 0.2588992 0.217669 0.2093962 0.1425745 0.1194122 0.09760842 0.07474402 0.07818023 0.09470623 0.07142049 0.1867462 0.1843382 0.1280651 0.09804997 0.06615313 0.08074754 0.06618943 0.02796461 0.02588903 0.05459823 0.03428003 0.03817135 0.04289369 0.05443442 0.08389309 0.211619 0.07270505 0.0595668 0.1001004 0.1238009 0.1425114 0.1771288 0.2439596 0.2894905 0.3528477 0.4093057 0.451572 0.5583748 0.6799101 0.6886097 0.565819 0.6094083 0.5536917 0.480795 0.3807423 
0.4802962 0.3865446 0.1670211 0.1669276 0.122596 0.1036424 0.1483607 0.1823574 0.1444978 0.08423716 0.1057601 0.2452924 0.2349924 0.1777458 0.2024857 0.09844775 0.04043295 0.04394779 0.07251831 0.08880363 0.08198342 0.1127674 0.1536023 0.0821047 0.07160559 0.05051143 0.03740993 0.03311244 0.02430608 0.02458296 0.02706022 0.0428104 0.05433461 0.06902138 0.06644155 0.06968647 0.315432 0.08780335 0.09941158 0.1282963 0.1517532 0.1966895 0.2225126 0.2774267 0.3624737 0.4154846 0.4482727 0.5248545 0.6194027 0.6799972 0.5824973 0.5029161 0.4315389 0.4011978 0.3441456 0.2447177 
0.5608433 0.4116869 0.1524336 0.1402331 0.09447187 0.08468606 0.09131039 0.1612656 0.1503452 0.0993709 0.08942608 0.1210361 0.1820304 0.1957541 0.1225218 0.05337017 0.03480953 0.02864869 0.05686221 0.09167152 0.08810351 0.08575986 0.06665681 0.06637783 0.04095901 0.03527812 0.02970641 0.0262289 0.02610249 0.02628409 0.02894946 0.04563623 0.0680467 0.09071003 0.07732183 0.05877705 0.06223949 0.09896678 0.09359735 0.1143607 0.1376456 0.1796384 0.2341267 0.2878053 0.3688107 0.5078696 0.5287533 0.6008023 0.7325866 0.6126363 0.5470752 0.451362 0.391071 0.3670739 0.420833 0.2779436 
0.5251665 0.2991283 0.1092842 0.1276621 0.09093782 0.07797612 0.1175626 0.1977843 0.1869052 0.128708 0.07539394 0.09020275 0.1389165 0.1110867 0.08468482 0.02908449 0.02741275 0.02439009 0.04215256 0.07981306 0.1426822 0.058897 0.04006621 0.03425133 0.02027152 0.02126388 0.01826274 0.02454971 0.02232452 0.02945097 0.04085024 0.04150632 0.06185619 0.06545499 0.08109604 0.08172397 0.06068665 0.0927686 0.1027788 0.09438848 0.09584533 0.1440685 0.2238489 0.3092211 0.4216242 0.5618564 0.60779 0.6463427 0.7741452 0.6319227 0.5246153 0.4606608 0.4116043 0.4089139 0.4049515 0.3147984 
0.4927662 0.3101785 0.1202606 0.1218834 0.08440021 0.08009822 0.08835271 0.1566445 0.152533 0.1582843 0.1578676 0.1016663 0.1085887 0.1179111 0.08006426 0.02330509 0.01600206 0.01263209 0.01572579 0.03548178 0.0554928 0.02725899 0.01747507 0.02518119 0.01980886 0.01352631 0.01581393 0.01971945 0.02063061 0.02841441 0.02512338 0.0427371 0.05484649 0.0574908 0.07317793 0.0738729 0.06639365 0.07439692 0.08083864 0.08748156 0.1255253 0.2017601 0.3030776 0.3883903 0.4856494 0.5480012 0.6486312 0.6608793 0.5918736 0.6088318 0.5939147 0.501791 0.4235061 0.4280408 0.4766025 0.3309677 
0.3468266 0.2577555 0.08469985 0.1059727 0.1387357 0.1036141 0.1027633 0.1029626 0.1060642 0.08648102 0.08935389 0.06807163 0.09522349 0.09778646 0.0368688 0.02617054 0.01676746 0.01326281 0.0139544 0.02288544 0.02186112 0.01742284 0.0153829 0.009533665 0.01842369 0.0118546 0.007670201 0.00966046 0.01159084 0.01631385 0.01813038 0.02597238 0.05458212 0.06875865 0.05547991 0.07200155 0.07289044 0.07780882 0.08950403 0.1391085 0.2070078 0.2880408 0.4203465 0.4801989 0.523258 0.5542158 0.6972365 0.6216257 0.6815565 0.6481161 0.641413 0.4615322 0.4113306 0.4422178 0.4290322 0.3128225 
0.2384093 0.2242999 0.2365844 0.1488631 0.14721 0.08313312 0.08658744 0.09955319 0.07458959 0.05276446 0.05437443 0.05626146 0.09215625 0.04119946 0.02211727 0.02370678 0.01355182 0.01469156 0.01222195 0.01304579 0.01177622 0.0117586 0.01194257 0.008471211 0.01146027 0.009327735 0.01078054 0.01394246 0.01892591 0.03167928 0.02321159 0.0423184 0.05771739 0.03391714 0.04480024 0.0413137 0.06601672 0.06883544 0.1129702 0.1904526 0.2701402 0.3557374 0.4830926 0.4720843 0.5071146 0.6053721 0.6920698 0.6452845 0.7023418 0.6876603 0.6034508 0.3932661 0.3938306 0.4079032 0.3840322 0.3550806 
0.2161658 0.2301905 0.2363286 0.241202 0.1919784 0.09374713 0.05622511 0.1038008 0.07316387 0.07082132 0.04385279 0.0555095 0.04942642 0.03490967 0.03069797 0.03190163 0.02494756 0.01684278 0.008577053 0.01120183 0.01305806 0.009555816 0.009017535 0.005955953 0.005618343 0.006457557 0.009128454 0.01363463 0.009311051 0.01059465 0.02707415 0.01224623 0.01683699 0.02566011 0.0374605 0.04151795 0.04191677 0.09458336 0.1367354 0.2052079 0.2674838 0.4144384 0.5553243 0.521615 0.5296886 0.5997525 0.7033355 0.5587003 0.5502403 0.6319393 0.5776795 0.3833468 0.364758 0.4104032 0.3896371 0.3609274 
0.189307 0.1919917 0.2091426 0.2069881 0.1352625 0.1033067 0.06943275 0.07592004 0.05549037 0.06433263 0.03629966 0.0305221 0.01964216 0.03789978 0.0398951 0.02880665 0.04267023 0.0189198 0.01260916 0.01440571 0.01711472 0.01090188 0.008279165 0.0050271 0.01752905 0.01187723 0.01538791 0.03078976 0.01943015 0.01410151 0.007349471 0.01339457 0.01572577 0.02631382 0.04038725 0.04893319 0.04699384 0.1054427 0.1362741 0.2694438 0.3565971 0.4461278 0.5745364 0.5205471 0.5450345 0.573281 0.4518575 0.443124 0.5045442 0.6074702 0.6025894 0.42875 0.3887902 0.4641128 0.4318145 0.3787097 
0.1251761 0.1109794 0.1219427 0.2533165 0.2055951 0.1655976 0.09236097 0.09937977 0.0611665 0.05085621 0.0460877 0.0230855 0.01504758 0.0546502 0.09228271 0.05641831 0.03880822 0.01817991 0.0226124 0.01778746 0.01767372 0.01374705 0.009613864 0.02593354 0.02567452 0.02221427 0.03293734 0.03869306 0.01342525 0.004820582 0.007821525 0.02457911 0.01364277 0.02022403 0.04087074 0.08062903 0.08557121 0.1003549 0.1898894 0.3602673 0.4332734 0.5062065 0.6106194 0.4904595 0.5968904 0.5383062 0.4227615 0.3401878 0.4292004 0.5508258 0.5336282 0.3965322 0.3695161 0.3860081 0.3894355 0.3500806 
0.1056776 0.05559874 0.06151286 0.1602709 0.219341 0.1439643 0.08771166 0.08110285 0.04010369 0.04049189 0.03338463 0.03978627 0.04564737 0.06208319 0.05395825 0.05244168 0.05548642 0.02439026 0.02211601 0.02431113 0.02398965 0.01280639 0.00878933 0.01662468 0.004013792 0.01220566 0.03480647 0.0241342 0.01151267 0.002240011 0.00318557 0.00976394 0.009012999 0.02638671 0.03427221 0.07742121 0.08337376 0.1056137 0.1776764 0.3334208 0.4219078 0.5438502 0.5757975 0.4779117 0.566807 0.552473 0.4349386 0.3810251 0.5027217 0.6299735 0.5503048 0.3862097 0.3713306 0.4500403 0.4803225 0.4210887 
0.08049743 0.07160863 0.05164507 0.09942419 0.1499268 0.09276094 0.06292027 0.1153293 0.06539517 0.05509871 0.03898579 0.02796658 0.02298268 0.04545002 0.03749512 0.06485225 0.05782358 0.02978394 0.01206784 0.01632272 0.01599586 0.00945621 0.006835947 0.007299405 0.01419162 0.007001334 0.01909724 0.0154045 0.00491013 0.0007567589 0.001563451 0.007973812 0.00914164 0.01558124 0.02877011 0.07172425 0.09134416 0.1294469 0.1874183 0.3631751 0.4218822 0.5204436 0.4815954 0.4278575 0.5741817 0.5868613 0.4332208 0.4197057 0.4566255 0.5665051 0.5735428 0.442742 0.4608871 0.5592339 0.5831854 0.5370161 
