ncols         56
nrows         54
xllcorner     28.264
yllcorner     -5.7719999999999
cellsize      0.25
NODATA_value  -9999
0.07462368 0.07348359 0.07799865 0.0572301 0.1044679 0.1112159 0.09054651 0.07608627 0.05223954 0.07015827 0.08234693 0.1671812 0.1053824 0.07516634 0.1387602 0.130441 0.1160092 0.1115898 0.1100656 0.1124257 0.07117133 0.09354489 0.15614 0.132972 0.1374439 0.1673827 0.1777163 0.1179974 0.09684757 0.1315731 0.1636729 0.159463 0.1544481 0.1440814 0.2043631 0.1834731 0.1473978 0.1667824 0.1546436 0.1111669 0.06108017 0.04461749 0.08521578 0.1189406 0.1108141 0.1561358 0.1221382 0.1003102 0.0427601 0.03030481 0.01513116 0.01358762 0.005666932 0.002994685 0.002612469 0.000773617 
0.09098615 0.06649877 0.05456679 0.06227962 0.08464729 0.0796367 0.07497323 0.06920876 0.06032893 0.07779597 0.1079224 0.1239869 0.1273553 0.144461 0.1518136 0.1706765 0.1277151 0.08676834 0.1035184 0.1366302 0.1107373 0.08326694 0.1175451 0.1078895 0.09745432 0.1148745 0.1446744 0.1074828 0.06848031 0.08290974 0.111396 0.1658487 0.1426759 0.1534072 0.1757939 0.1451002 0.134586 0.133422 0.1226149 0.09817486 0.08287992 0.08413023 0.1105403 0.1246038 0.1258678 0.1069577 0.07897217 0.0822034 0.07486429 0.03359835 0.02878108 0.006501102 0.004932179 0.001022008 0.001442491 0.0004454124 
0.06815346 0.07155993 0.05798349 0.06180594 0.07660655 0.08742657 0.08273362 0.06878895 0.09339849 0.09571449 0.1530073 0.104624 0.0822844 0.1095872 0.1419071 0.1566887 0.1346764 0.0959112 0.08481405 0.08510442 0.103341 0.09098328 0.1058726 0.1129038 0.09885424 0.1285629 0.2035551 0.09698705 0.09258342 0.1092879 0.1312602 0.1157996 0.1180565 0.128585 0.1227445 0.1247032 0.1677849 0.1680776 0.1411622 0.1161342 0.0995717 0.09614784 0.1181074 0.1465202 0.09178057 0.07881722 0.1226474 0.07435709 0.07471321 0.03509903 0.02275273 0.009142397 0.01178906 0.0004845744 0.001409791 0.001119712 
0.06370663 0.08114341 0.06855433 0.06931721 0.06775977 0.07667787 0.08145646 0.09173038 0.1040668 0.134606 0.07672632 0.06059062 0.07259163 0.1035186 0.1196759 0.1195255 0.09711441 0.07300854 0.07672103 0.09762613 0.1094252 0.1145054 0.1257387 0.1194439 0.1242325 0.1839887 0.1970066 0.1204127 0.09987776 0.07008747 0.07088324 0.08367737 0.06866144 0.06935636 0.09502879 0.1072646 0.09675895 0.1421786 0.07305679 0.07087042 0.08465467 0.08436685 0.1056523 0.1274356 0.09942533 0.04786908 0.0583756 0.03920154 0.03026014 0.03096104 0.01693169 0.003958507 0.004370623 0.003187953 0.000686313 0 
0.08886568 0.09316529 0.06453936 0.0748821 0.06926255 0.07520624 0.08571812 0.1169647 0.1002425 0.1216943 0.05891466 0.05822034 0.08419551 0.0897065 0.09806965 0.114526 0.07980815 0.08109587 0.07914893 0.08600702 0.1132624 0.128332 0.1168845 0.1057482 0.1037561 0.1374272 0.1324705 0.07583442 0.0841213 0.09412735 0.09539758 0.1274322 0.09389216 0.1018372 0.1088702 0.1065644 0.08870734 0.08450868 0.05907335 0.0629624 0.09043033 0.07786601 0.1506496 0.1063263 0.08803784 0.03911895 0.03617272 0.02199082 0.01821462 0.03186136 0.01649249 0.004702911 0.004285218 0.004744979 0.003327754 3.365096e-005 
0.08303757 0.09619759 0.0885388 0.1069712 0.09650148 0.09529078 0.08335799 0.09838584 0.07045817 0.07811922 0.06908732 0.06193026 0.08370919 0.08359157 0.07269697 0.07555283 0.08566533 0.07925678 0.06978078 0.07562128 0.07537065 0.07946134 0.1267806 0.1168231 0.09277787 0.09497729 0.1207717 0.08459008 0.09507077 0.1127742 0.09608058 0.06802943 0.1212253 0.09375413 0.08500264 0.06675297 0.06385808 0.06111569 0.04685698 0.04912115 0.08585107 0.1180083 0.1386005 0.09784248 0.09427215 0.04251179 0.03796286 0.04034694 0.02685558 0.04402655 0.007988151 0.005814451 0.001964935 0.002040877 0.005120829 0 
0.06707343 0.08743743 0.08684083 0.09567326 0.1241207 0.1017713 0.08339234 0.1027631 0.09718108 0.1117778 0.1050825 0.09708504 0.08386424 0.08975966 0.04804024 0.06279599 0.05298079 0.0526675 0.07542925 0.09605934 0.06936454 0.05720372 0.0951437 0.1078872 0.07549219 0.06077902 0.08851704 0.0793687 0.08069211 0.0773558 0.07422847 0.05529113 0.0645607 0.08271171 0.07246973 0.04966719 0.04608756 0.03142157 0.02249726 0.0361996 0.06031971 0.09060531 0.1053538 0.1001843 0.1007054 0.1007861 0.06493735 0.0652816 0.03596454 0.01372854 0.004765634 0.005551122 0.001345317 0.001456143 0.003423283 0.0002261952 
0.07886343 0.08971291 0.06881346 0.07344515 0.09238407 0.09728625 0.1020667 0.1130332 0.1045806 0.1174225 0.1235644 0.1032739 0.07822049 0.05803342 0.03947233 0.05668708 0.05574129 0.06255502 0.06914731 0.06988326 0.06680945 0.04703104 0.03642112 0.04685844 0.04514886 0.06182198 0.08800361 0.09047189 0.07259247 0.07779353 0.04997944 0.04720142 0.05901963 0.05835213 0.03718007 0.03302604 0.02738221 0.02745231 0.03788042 0.04089155 0.02548484 0.05378033 0.08226056 0.1095226 0.05658153 0.05650395 0.06040315 0.04922503 0.02176651 0.008112627 0.002842504 0.00261254 0 0.002867177 0.003051267 0.0002031051 
0.07231262 0.08100103 0.07226001 0.07256601 0.0719253 0.1000058 0.1061082 0.1058582 0.1262236 0.1369336 0.1188272 0.07896738 0.0595953 0.04841337 0.04036114 0.05452196 0.05731831 0.06502833 0.06960621 0.07609624 0.06387497 0.05588055 0.04943455 0.05875425 0.07382844 0.04494565 0.04546264 0.05743222 0.07203488 0.08975143 0.0718607 0.06310435 0.05570469 0.03808572 0.08413662 0.05117013 0.02963188 0.04621435 0.04633768 0.03827057 0.0195907 0.04062068 0.04820211 0.04489266 0.06120482 0.07311811 0.09025879 0.09407094 0.04287729 0.009654932 0.006951943 0.001602592 0.002558366 0.001211406 0.00148995 0.0003455493 
0.05971612 0.06322409 0.08034724 0.08854976 0.09356406 0.1013634 0.132006 0.1221665 0.1145163 0.1222366 0.1050112 0.07679544 0.06336372 0.04923459 0.04096387 0.06201614 0.06739189 0.06262895 0.06606844 0.04699427 0.05018695 0.06704276 0.0737866 0.1254361 0.09800381 0.03136505 0.03320499 0.05857135 0.04166199 0.06306835 0.06042443 0.06594452 0.07897765 0.06273489 0.0908341 0.06177633 0.03823325 0.0227623 0.03018616 0.03725242 0.03604499 0.01882366 0.05520364 0.0733659 0.06535476 0.06553077 0.1006534 0.07577076 0.02733931 0.009760913 0.002878182 3.750361e-005 0.001591477 0.001343196 0.002645951 0 
0.03791173 0.06745965 0.07242543 0.09897082 0.09105291 0.08973806 0.1019747 0.09768532 0.1018854 0.1318038 0.09922239 0.0717122 0.06706585 0.05293446 0.05575395 0.06445577 0.06883921 0.03414791 0.0325193 0.042893 0.04176352 0.07300404 0.08237835 0.1255691 0.1433371 0.08232623 0.0450878 0.07532746 0.05470918 0.04055709 0.0615005 0.06773239 0.08662415 0.07233031 0.05489242 0.05480331 0.03148992 0.04343031 0.04773222 0.03908255 0.04646483 0.0278713 0.03325446 0.03570168 0.02556333 0.02217637 0.02298356 0.01455257 0.01114414 0.007144085 0.002404614 0.0009777843 0 0 0 0 
0.03404998 0.05741758 0.06034473 0.08930307 0.1032249 0.09960846 0.09803988 0.1202861 0.103394 0.095484 0.07938465 0.07231409 0.07978307 0.06355854 0.07217661 0.07752593 0.04915973 0.0296808 0.02795911 0.0356192 0.03419024 0.06390323 0.07484704 0.07186483 0.06802996 0.04963091 0.05359864 0.0584497 0.042611 0.03505773 0.03834498 0.03832237 0.04507632 0.03273393 0.01845195 0.03232323 0.04208586 0.03389252 0.05402222 0.03696196 0.03465994 0.02406239 0.03041837 0.06090422 0.0405077 0.009051889 0.008051643 0.00121777 0.004995575 0.004225168 0.001122599 0.0006158243 0.0003223848 0.0007282542 0.0004240629 0.0002127666 
0.04899376 0.04827642 0.05657085 0.07491389 0.08170506 0.08397783 0.08733211 0.1122563 0.08244509 0.05186004 0.059367 0.05368003 0.07712581 0.07781354 0.07227378 0.08011381 0.07346341 0.05138327 0.0358108 0.05549149 0.05244391 0.06016478 0.05186453 0.04660912 0.04036274 0.03980117 0.04870255 0.1114643 0.07688084 0.04592939 0.03055154 0.02313118 0.02142671 0.02274594 0.01652178 0.02354668 0.02060709 0.03138946 0.01626961 0.02069204 0.0168427 0.008807082 0.01682612 0.01991197 0.007009916 0.004139608 0.002749036 0.001884464 0.001343762 0.0008731392 0.0006896981 0.001612715 0.002491009 0.001922786 0.0002047113 0.0002105119 
0.07216232 0.07242235 0.05965612 0.06548867 0.06851654 0.07023048 0.08291184 0.07047193 0.05514694 0.05545512 0.06892498 0.06301627 0.05292272 0.06734821 0.06704701 0.08407763 0.1227861 0.08969365 0.08174251 0.09042528 0.07459293 0.0536454 0.06502938 0.0653884 0.04077894 0.03119581 0.03921404 0.03588914 0.02216607 0.01296354 0.01775504 0.02507866 0.02972605 0.02714844 0.02202995 0.04700153 0.03319303 0.02283275 0.01170344 0.01230024 0.009297658 0.00573678 0.006989042 0.007031811 0.006314583 0.003262144 0.003521823 0.001150131 0.001914313 0.0007130885 0.0006298454 0.002767465 0.0005020766 0.00021668 0.0001977684 0.0001976092 
0.06783698 0.06543509 0.06461009 0.07247859 0.06357945 0.07893491 0.06778011 0.07606471 0.06571123 0.08660483 0.08702595 0.06075456 0.04713019 0.07417838 0.06786924 0.06548887 0.07468955 0.08033089 0.09363326 0.09599312 0.06265559 0.05724357 0.0426938 0.06481937 0.05865492 0.04872714 0.05791211 0.03923631 0.0115202 0.01756996 0.01171188 0.01705342 0.02537259 0.02898457 0.03760334 0.03094617 0.01871387 0.03472237 0.02007534 0.009455503 0.00434226 0.003655481 0.007071147 0.003479858 0.004196891 0.002104432 0.001211086 0.0009850946 0.001392563 0.004415068 0.005678109 0.003662702 0.005598161 0.0004394481 0.0001768278 0.0001743595 
0.0606881 0.0683728 0.06815665 0.1094549 0.08272956 0.07322627 0.07101031 0.1137761 0.09429971 0.0810365 0.09707768 0.09880721 0.06433341 0.05639319 0.0705443 0.08327439 0.09082292 0.07795544 0.07776184 0.09320347 0.09015503 0.07709139 0.0515434 0.05466933 0.06867384 0.05238075 0.05158191 0.05371105 0.03333321 0.03080725 0.02882639 0.0310393 0.03625697 0.03476322 0.03205342 0.02777193 0.040812 0.04317499 0.03481342 0.01837034 0.006482781 0.004472026 0.003930951 0.005190682 0.006904591 0.003951028 0.00255369 0.004245672 0.004264209 0.003780017 0.001741273 0.0003610654 0.0004314703 0.0001801859 0.0001594185 0.0001212672 
0.0774309 0.07679519 0.07494588 0.1029309 0.08160002 0.0869519 0.1068259 0.1157393 0.1117066 0.08159515 0.09933873 0.0798962 0.07242259 0.0754782 0.1061111 0.1093134 0.1256364 0.1570197 0.09680824 0.1335485 0.1342198 0.0935625 0.09658024 0.08380435 0.08720961 0.0662098 0.0415457 0.06492548 0.03386143 0.04926379 0.03036933 0.03166485 0.02301272 0.02598435 0.03203917 0.03734693 0.04448433 0.03824968 0.01848193 0.02306281 0.01469379 0.007314465 0.004316583 0.001730359 0.001463222 0.001227957 0.001062733 0.001374457 0.001282111 0.0008803405 0.0004745311 0.0002283132 0.0001903405 0.0001590805 0.0001383958 0.0001019482 
0.1031132 0.09678517 0.07636853 0.08609565 0.0876248 0.11934 0.1314503 0.1322814 0.1177255 0.1198596 0.1164347 0.1130535 0.157346 0.1653377 0.1577206 0.1627502 0.1345491 0.1487359 0.1089769 0.1232436 0.1642732 0.1886293 0.1472374 0.09372435 0.09295812 0.08470292 0.05405938 0.04289167 0.04213662 0.0340965 0.02868366 0.03577233 0.03214375 0.02619904 0.02482855 0.0232375 0.02394966 0.02504648 0.01462983 0.02228205 0.01265451 0.006486285 0.006473596 0.006381768 0.001371001 0.001226621 0.004710572 0.001138581 0.0007764214 0.0004773265 0.0004146467 0.002143589 0.000164825 0.0001373727 0.0001167891 8.478275e-005 
0.08360222 0.06901225 0.06885353 0.08289131 0.07423967 0.09118865 0.1251092 0.1439058 0.1334338 0.1561864 0.1555208 0.1439251 0.168153 0.179629 0.1811359 0.217333 0.1663414 0.146922 0.1290646 0.1576932 0.1089691 0.1396635 0.1342335 0.1059874 0.1164812 0.1271754 0.07142537 0.05407816 0.05340629 0.03786195 0.03651174 0.03886266 0.03423307 0.02874008 0.02173828 0.01640134 0.009175346 0.00947432 0.01374218 0.01758271 0.01561796 0.006597131 0.01415315 0.01416582 0.001288131 0.001305834 0.0008964699 0.0006938233 0.001666003 0.0007420543 0.0008452217 0.0001652655 0.0001351683 0.0002298989 0.0001680072 6.955372e-005 
0.07192245 0.08338319 0.08985199 0.09308802 0.09658378 0.09103892 0.09802985 0.1395258 0.1431931 0.1861704 0.1780912 0.1673979 0.1941821 0.2528759 0.2138156 0.2188177 0.2232901 0.1985765 0.1904601 0.1771641 0.1571971 0.1605113 0.1660308 0.1584418 0.1558311 0.1090775 0.09286446 0.07682834 0.07976185 0.0634353 0.06170775 0.04325969 0.036628 0.04151974 0.03444998 0.03739046 0.03001373 0.0353157 0.02640461 0.02700407 0.02152249 0.01190862 0.01091463 0.006620585 0.008966148 0.006106242 0.003962641 0.00306394 0.001310759 0.001037543 0.0007945671 0.00527683 0.001892127 0.00547907 0.004778357 0.002532298 
0.07436072 0.08643842 0.1094044 0.08824483 0.09155186 0.09984433 0.1030693 0.1223836 0.1355124 0.1524053 0.1238581 0.1539417 0.1338505 0.163376 0.1660066 0.1910017 0.1942353 0.2082741 0.2291952 0.1648538 0.1459467 0.146165 0.1866477 0.1660599 0.1329933 0.1113869 0.1279109 0.1089285 0.0760074 0.07695382 0.08143343 0.08497154 0.08614356 0.0760629 0.04051151 0.03925703 0.0550817 0.09881878 0.041094 0.01744477 0.01811917 0.01247763 0.008103204 0.005181444 0.003959922 0.003054144 0.002461542 0.00156145 0.001469475 0.0007271639 0.0006515823 0.0001433719 0.001736554 0.009641621 0.002828232 0.002246946 
0.06532536 0.0854899 0.09813897 0.08783836 0.07753558 0.0894222 0.09357359 0.1229758 0.1631702 0.1168808 0.1132691 0.1274509 0.1213366 0.1080021 0.124793 0.1335339 0.1400613 0.160756 0.2025357 0.1675065 0.1272127 0.210333 0.2043682 0.1391489 0.125872 0.1434962 0.1294293 0.1085821 0.08617178 0.06800169 0.07165461 0.09536146 0.09624422 0.08147816 0.0458707 0.04327881 0.05464272 0.04886222 0.03131475 0.01750591 0.01346338 0.009295765 0.007752708 0.004865701 0.003599724 0.002703578 0.002118942 0.001257427 0.0007953497 0.0009271354 0.001988683 0.0082238 0.000633961 0.002225509 0.001977017 0.00350094 
0.06616531 0.09453487 0.08503994 0.09310853 0.1006635 0.07836808 0.07975053 0.08426264 0.07601045 0.08956086 0.07860314 0.08201578 0.0766027 0.0999307 0.1157008 0.08789911 0.1115963 0.1333068 0.1318342 0.09374594 0.1265573 0.2072047 0.2075359 0.1422965 0.1482672 0.1586039 0.1290528 0.1254819 0.1055782 0.110674 0.08099536 0.09152024 0.08382327 0.06084585 0.07290597 0.05647429 0.05679639 0.04501551 0.0218427 0.01068553 0.01005926 0.01020247 0.007368429 0.005961799 0.003177842 0.002251227 0.001768593 0.00109633 0.000728781 0.0006693138 0.0007279899 0.0004168962 0.0004672223 0.002142508 0.0008501653 0.004165408 
0.05953121 0.07016629 0.09352686 0.1056413 0.1152521 0.08234611 0.1098702 0.08190831 0.06116239 0.06489392 0.05765365 0.08033375 0.06359937 0.1363946 0.1366931 0.07419827 0.07980342 0.08161029 0.08827885 0.1128729 0.1314935 0.1666679 0.1652075 0.1631066 0.1595262 0.1626426 0.1449077 0.1544827 0.1365666 0.1156268 0.1083839 0.09967786 0.09191599 0.10316 0.1071384 0.05837024 0.03596795 0.02639113 0.01337596 0.01167428 0.01164576 0.009732642 0.007487086 0.002990196 0.001953882 0.001288398 0.0009978646 0.003353662 0.002573692 0.0002800194 0.003893977 0.01502216 0.01466728 0.01329758 0.01594649 0.0267033 
0.07857551 0.09424662 0.1074277 0.1394344 0.1383127 0.08392932 0.09804972 0.08061583 0.07074776 0.07082728 0.07140785 0.08086858 0.0658897 0.1213108 0.1272188 0.0950525 0.0795844 0.06173744 0.06401742 0.08898557 0.1209174 0.1281238 0.1604464 0.1523033 0.1544608 0.1576917 0.1782182 0.1796423 0.1679522 0.1764842 0.1957365 0.157759 0.1619479 0.1720577 0.1867399 0.1068154 0.06919673 0.04149034 0.01900455 0.01312749 0.01043253 0.008875476 0.007044051 0.00268902 0.001643061 0.0009827268 0.0007454196 0.0001943697 0.0008498976 0.0001322946 0.0005783687 0.003355419 0.003253449 0.01971843 0.01230627 0.01750229 
0.1457811 0.1192762 0.1363384 0.1837241 0.1296727 0.08995862 0.09478082 0.1127325 0.1102592 0.05692168 0.06091481 0.07275815 0.09054773 0.1080592 0.1111588 0.07994287 0.07615962 0.05486302 0.05298366 0.08891809 0.126564 0.141307 0.2073045 0.1793436 0.1899754 0.1848591 0.2136153 0.2449699 0.2211515 0.2229374 0.1756214 0.1439344 0.192967 0.2066807 0.2120689 0.1337274 0.0835965 0.02369338 0.01295357 0.01308051 0.009661438 0.008465178 0.006628431 0.002467252 0.001428911 0.0007909409 0.001871593 0.001810274 7.996421e-005 0.0006591131 0.0001263804 0.001641637 0.05480864 0.05566765 0.01712407 0.003360518 
0.1634354 0.1744591 0.172228 0.1076691 0.1174504 0.111458 0.08589074 0.137299 0.0609877 0.03005234 0.05654104 0.1148389 0.1851831 0.146786 0.1318287 0.1483904 0.1369616 0.06983084 0.1200613 0.1122251 0.1045685 0.188357 0.1924848 0.1856858 0.176191 0.1973096 0.2348955 0.2575493 0.2107505 0.2246596 0.1955448 0.2132032 0.2121066 0.1681907 0.1758986 0.08307223 0.05439051 0.01461741 0.007831239 0.01022288 0.009287836 0.007963033 0.006220302 0.002649923 0.001391523 0.000713829 0.002425351 0.001124735 0.002480383 0.00278552 0.0005942859 0.01408083 0.02547687 0.01951049 0.01416999 0.0006553609 
0.1138866 0.1587683 0.1288255 0.1173417 0.114235 0.09167423 0.07817354 0.1384035 0.0639293 0.08688789 0.1258694 0.1242759 0.1587854 0.1253713 0.2038235 0.1567661 0.1564136 0.1272958 0.118926 0.137778 0.1294504 0.1003694 0.117356 0.2006033 0.2468986 0.2614393 0.2750227 0.2411742 0.2149385 0.2003602 0.1979692 0.1948026 0.1884835 0.156316 0.1332939 0.06464385 0.03639336 0.01565805 0.0107474 0.00900799 0.00776519 0.006536063 0.005070724 0.001827521 0.001564371 0.002649421 0.0006397023 0.0003567033 0.0002626899 0.007927075 0.001394232 0.005749286 0.0292124 0.01677189 0.006592514 0.005062153 
0.1038135 0.1327705 0.1292105 0.07889002 0.05878786 0.0758155 0.06221756 0.07796791 0.06973062 0.1143275 0.1197296 0.1585718 0.1393096 0.1188495 0.1635797 0.1355352 0.08900914 0.1024615 0.08370695 0.0997838 0.1316166 0.07320868 0.1014114 0.1934234 0.2414708 0.2697995 0.2810477 0.2702775 0.2132513 0.202337 0.191801 0.19618 0.1733416 0.1617438 0.1291785 0.06091151 0.04960683 0.0171466 0.01077123 0.008850114 0.007457948 0.006109116 0.004764604 0.001682 0.003267189 0.001333764 0.003682449 0.0003642528 0.0006353741 0.0003640315 0.001215158 0.00654953 0.02347101 0.006424745 0.0586265 0.01831883 
0.08064385 0.09471766 0.08227035 0.0628597 0.03393309 0.04112045 0.05468608 0.07430699 0.08260512 0.1151773 0.1028574 0.08950268 0.0854106 0.1035089 0.1025698 0.06988495 0.06682236 0.04545837 0.05270243 0.05091343 0.08702563 0.07684216 0.1237077 0.1532203 0.1898869 0.2417399 0.2441915 0.2349364 0.2263812 0.2147183 0.1826323 0.1633442 0.1587693 0.1462792 0.1275238 0.07663607 0.06445815 0.02749496 0.01448053 0.009558566 0.007860248 0.006274624 0.004839427 0.001751876 0.0008978272 0.001261692 0.002230722 0.0005065809 0.0005130964 0.000642504 0.001481736 0.002766502 0.01450844 0.02071566 0.06038623 0.02697237 
0.1149012 0.1014409 0.05539164 0.06270009 0.02948691 0.03227518 0.05243765 0.08555273 0.1086504 0.1415986 0.08684566 0.1123152 0.07500695 0.1013993 0.09227613 0.04878725 0.03902401 0.03484585 0.04239258 0.05771964 0.1036464 0.07878861 0.07807869 0.1431175 0.1408779 0.1700826 0.1886601 0.1997471 0.2034833 0.1984606 0.1558629 0.1672573 0.1654859 0.1741386 0.1191849 0.05947584 0.05095928 0.03236219 0.01859514 0.01111741 0.008857423 0.00702345 0.005414134 0.001919264 0.0009972773 0.00057464 0.0006764681 0.0007840667 0.000878545 0.001216635 0.002262543 0.003003656 0.0047039 0.006382979 0.01401804 0.004786919 
0.1249547 0.1130386 0.09049017 0.06783698 0.02251692 0.0225475 0.04540846 0.07733817 0.08021864 0.0894263 0.1233969 0.1327651 0.09012317 0.07356476 0.05879292 0.04226026 0.0468218 0.06953646 0.07623851 0.09250641 0.09951864 0.08918099 0.09487884 0.105869 0.1241156 0.1716698 0.1547578 0.1914497 0.1791397 0.1729153 0.172169 0.1791745 0.1588141 0.1503674 0.1029207 0.07081214 0.05141557 0.03151305 0.02575883 0.01564366 0.0112886 0.008840554 0.006841896 0.001811205 0.0009323407 0.0005640981 0.0008408417 0.001752694 0.002055311 0.002919307 0.004325937 0.02032164 0.005681723 0.01705138 0.02381473 0.01841433 
0.1478158 0.1029359 0.08840769 0.05514392 0.03465841 0.05772143 0.0440314 0.062439 0.06838369 0.05965032 0.08251316 0.1085503 0.09115953 0.07336671 0.06205639 0.07414686 0.09100023 0.08901553 0.09645509 0.1156725 0.1162386 0.08929353 0.09579547 0.1002832 0.1012931 0.1319989 0.1730679 0.1787003 0.1781668 0.1793327 0.1912337 0.161278 0.1302353 0.1249078 0.1216443 0.08018423 0.04818508 0.0342648 0.03491988 0.01870589 0.01249125 0.009703233 0.007496573 0.001985096 0.001017602 0.0006394574 0.0008798089 0.002193918 0.002637959 0.01275146 0.02089742 0.01003931 0.008537751 0.01745199 0.005881837 0.01698 
0.1690586 0.1151403 0.04655838 0.04750895 0.04000899 0.0516887 0.03784838 0.05132361 0.05193878 0.0639418 0.04619482 0.08777933 0.06727578 0.05735593 0.06606551 0.06866464 0.0811372 0.1242232 0.1442851 0.1238616 0.1596283 0.08465451 0.06253631 0.08805953 0.1014001 0.1369511 0.1479571 0.1233316 0.1439444 0.1543794 0.1399865 0.1493983 0.1376479 0.1263899 0.1089266 0.06564046 0.0442459 0.0416818 0.03807992 0.01672659 0.01304747 0.01029268 0.00809539 0.002218715 0.001246671 0.0009180839 0.001253841 0.003090388 0.003704727 0.005027838 0.02589747 0.006040149 0.01475738 0.01848175 0.01047218 0.0112478 
0.1546702 0.09400408 0.06493706 0.05854471 0.04292388 0.04895515 0.0462455 0.05478594 0.06933351 0.07046477 0.06296974 0.06829946 0.06163561 0.06667972 0.07288314 0.08369005 0.1081708 0.1340533 0.1695878 0.1553207 0.1225382 0.06659299 0.05403336 0.07446585 0.101335 0.1295366 0.137904 0.1360207 0.1490358 0.1389371 0.1173353 0.1297987 0.1179088 0.1065881 0.101949 0.05558486 0.04383336 0.05787894 0.04610687 0.01574211 0.01299853 0.01061351 0.008785253 0.00250262 0.001618616 0.001431304 0.002555786 0.004399175 0.005386068 0.007013064 0.008598473 0.007423893 0.01739101 0.009356878 0.01260392 0.02068646 
0.132381 0.05723852 0.05719994 0.0565972 0.04787576 0.04421135 0.04000742 0.0565512 0.08359933 0.07971527 0.08472548 0.07124252 0.05564133 0.06173534 0.09450904 0.1105552 0.1337738 0.1639812 0.1765208 0.1415806 0.111024 0.06597646 0.05123884 0.04815275 0.05543165 0.07361262 0.07840765 0.09970947 0.1199288 0.09542351 0.06703649 0.08012833 0.07392873 0.07060856 0.04534196 0.03844939 0.03276038 0.03465032 0.02268504 0.01032482 0.008871489 0.007850187 0.00624904 0.002924727 0.002084453 0.002403918 0.005447253 0.008773311 0.01369418 0.01153469 0.01231464 0.02350594 0.0229065 0.01561233 0.01381478 0.02635746 
0.09274036 0.06898455 0.02875791 0.05019054 0.04716353 0.03436443 0.05380933 0.06741592 0.07425338 0.06373025 0.04975266 0.08093319 0.06778065 0.07868954 0.09323452 0.1079912 0.1239334 0.1451763 0.1320408 0.09455263 0.0504771 0.08054745 0.07404079 0.07185645 0.07658998 0.06363618 0.07494362 0.07729309 0.1051401 0.09604945 0.05953168 0.0458289 0.06347005 0.06193649 0.04165247 0.03535616 0.03077657 0.0211379 0.01654984 0.009970317 0.008838883 0.007732777 0.007092067 0.003770325 0.005301523 0.004266637 0.005440333 0.00888468 0.01356608 0.01371672 0.01504074 0.01474336 0.01547542 0.01528821 0.01530545 0.03617336 
0.09122096 0.05893373 0.02269906 0.02652471 0.0300841 0.02986625 0.04509907 0.05447881 0.04617849 0.04972563 0.04244948 0.07806807 0.07183225 0.06704461 0.07853828 0.1090038 0.1000232 0.1157616 0.09457678 0.05765438 0.04040105 0.03955773 0.08786438 0.09504393 0.09380511 0.07267411 0.04646625 0.0962538 0.08293875 0.07010662 0.05366541 0.0344018 0.03403403 0.04049017 0.06311616 0.04561781 0.03290555 0.01721609 0.01431924 0.009160827 0.01193316 0.00751118 0.007108903 0.004041014 0.004017311 0.003625176 0.004086491 0.01038107 0.01359652 0.01802067 0.01662491 0.03030158 0.02002415 0.0166998 0.03133113 0.0187667 
0.1067627 0.02950778 0.01560148 0.02131175 0.02823977 0.03302087 0.04720427 0.03905315 0.03517057 0.03679755 0.06067367 0.09646005 0.06623381 0.05267642 0.1079282 0.1059158 0.1050018 0.1111712 0.06533978 0.04983729 0.05636171 0.02679132 0.02780376 0.04185006 0.05768583 0.05427547 0.04010794 0.07455093 0.05444746 0.06955971 0.02829627 0.0254327 0.02479985 0.03072238 0.06579322 0.0645109 0.01922254 0.01418834 0.01161581 0.007936903 0.007360334 0.0068553 0.006676161 0.003829454 0.005641429 0.006288613 0.005986016 0.01260907 0.01539297 0.0176817 0.0172971 0.02198429 0.02388768 0.03357056 0.02705108 0.02113099 
0.1221497 0.03640179 0.02065101 0.0353713 0.0219641 0.03583623 0.02740999 0.03522962 0.03751703 0.04183687 0.05176761 0.07174776 0.07281438 0.04097362 0.1476939 0.07632382 0.06781464 0.05315701 0.04268382 0.0323145 0.0319313 0.02625708 0.04321459 0.01363661 0.02143762 0.0228304 0.02459813 0.019862 0.03417826 0.02783795 0.01541501 0.01860249 0.01763948 0.02271022 0.04447629 0.0768714 0.01350125 0.009136219 0.008053234 0.007221214 0.006789654 0.006650176 0.007163303 0.01019501 0.01177467 0.01164379 0.01721398 0.01648652 0.02335252 0.03351475 0.01837438 0.02179011 0.02799355 0.02826493 0.03258489 0.02630899 
0.09894498 0.02342927 0.01361177 0.01893559 0.02128652 0.03476305 0.02260398 0.04030836 0.0428966 0.02877441 0.03187327 0.03984523 0.03231793 0.04100981 0.1363502 0.12809 0.04266628 0.03789283 0.01758043 0.01437196 0.008174668 0.02703018 0.01407888 0.01523764 0.01704512 0.01908765 0.03631557 0.03607217 0.04366304 0.01784881 0.0118378 0.01512099 0.01365649 0.01357858 0.01941908 0.02806628 0.007649263 0.006546097 0.006303635 0.005750391 0.005540451 0.005892585 0.007854166 0.01092645 0.01319421 0.01365941 0.01656009 0.01701724 0.01923392 0.01873278 0.01870872 0.02713892 0.02871526 0.02643849 0.04617453 0.03342433 
0.119035 0.02330999 0.01081243 0.01832369 0.01402309 0.02345522 0.01707725 0.04093218 0.0378352 0.02225698 0.02038979 0.02520277 0.03135549 0.03844989 0.04042288 0.040764 0.03259458 0.03527123 0.08276387 0.0234015 0.02348812 0.008450981 0.008666799 0.008950752 0.01496085 0.01449484 0.02380781 0.03206676 0.01415231 0.01397197 0.009219152 0.009953967 0.009623041 0.009539323 0.00969589 0.005467916 0.005341558 0.005283924 0.005618963 0.005035192 0.005055132 0.006568255 0.008977467 0.01252166 0.0155652 0.01624634 0.02002488 0.0278439 0.02857044 0.02020888 0.032198 0.02013437 0.02664901 0.02538221 0.03182239 0.02432568 
0.1087422 0.03832517 0.008851909 0.01217744 0.02481374 0.01605143 0.01698322 0.03462536 0.04832114 0.03409437 0.02931772 0.02503178 0.02626188 0.03689355 0.04340956 0.01983991 0.02877637 0.05735515 0.1083949 0.05372461 0.04973272 0.03924792 0.01333879 0.007133222 0.01471157 0.02271175 0.04397663 0.03345473 0.01330162 0.01016189 0.02106356 0.008766158 0.01001107 0.008866275 0.007102409 0.006913261 0.0150608 0.005229969 0.005102111 0.005050538 0.005716148 0.007567287 0.009995533 0.01427391 0.01810871 0.04018292 0.02496844 0.02870387 0.02905515 0.06040761 0.048433 0.01939039 0.03071759 0.0251741 0.0239201 0.02281188 
0.08951055 0.03279849 0.01133702 0.004712025 0.01386915 0.01833411 0.01343545 0.02401977 0.03214964 0.04569094 0.02700966 0.02123674 0.0225054 0.02261277 0.01857105 0.0230045 0.0430245 0.03437531 0.05113949 0.09075393 0.121822 0.09977683 0.05097849 0.03973237 0.05570199 0.04339753 0.02694744 0.007316134 0.007450738 0.03181333 0.04053579 0.03030643 0.02980685 0.01870073 0.005506449 0.00670599 0.0429811 0.00653603 0.005068137 0.006118197 0.007281484 0.009316682 0.01186889 0.02006918 0.02649111 0.03653738 0.03502038 0.03339919 0.03371267 0.0683536 0.03104411 0.02689736 0.02312572 0.02577925 0.03087707 0.04217742 
0.1271108 0.04338894 0.007076079 0.007587386 0.0160654 0.02017852 0.02381487 0.03181264 0.02659927 0.02620057 0.01956713 0.01829389 0.01988781 0.02373156 0.02205464 0.0556118 0.04572466 0.04945322 0.03820071 0.06760054 0.0720579 0.05214571 0.03457027 0.01034498 0.03269074 0.01049143 0.008916175 0.004101539 0.007243727 0.01421269 0.01474567 0.008937251 0.004410429 0.003502292 0.003331955 0.003518704 0.005291788 0.004546315 0.00558471 0.006840806 0.008324514 0.01025131 0.01287095 0.02176904 0.02552043 0.03890659 0.03622521 0.03803861 0.06963815 0.02711879 0.03375188 0.01783106 0.02346758 0.0282323 0.02222668 0.03205645 
0.1031795 0.02066528 0.006453716 0.004722722 0.01134297 0.01417644 0.02390139 0.0388082 0.02863165 0.01501371 0.02615433 0.03109921 0.0138549 0.01526619 0.007929979 0.02548594 0.05115716 0.04915536 0.02978089 0.02842909 0.03699928 0.04576685 0.04656728 0.04754502 0.03024716 0.03614777 0.02534651 0.01480125 0.005354411 0.002161071 0.00802099 0.002895935 0.002465405 0.002454897 0.002762079 0.003040757 0.003249718 0.004325977 0.005742081 0.007280052 0.008757746 0.01090985 0.01360364 0.02314901 0.02662896 0.03641139 0.0292891 0.052722 0.03581155 0.02636813 0.03433808 0.02545315 0.0281491 0.02396313 0.03305889 0.02620967 
0.08094655 0.01886084 0.005353384 0.005021733 0.0041572 0.005662855 0.005368044 0.0227417 0.0184527 0.01021962 0.0280849 0.07055085 0.02887336 0.01816749 0.01399159 0.02419632 0.02865336 0.02235477 0.03043336 0.02485392 0.02367803 0.02807133 0.02752259 0.01233227 0.005349305 0.003030747 0.006887082 0.01431429 0.01252491 0.008630288 0.002213953 0.002619946 0.002245116 0.002391714 0.002657385 0.002946021 0.00316419 0.004267324 0.005962729 0.007778544 0.009432512 0.01169916 0.01419312 0.0248646 0.02755364 0.03013799 0.0301322 0.05625106 0.03274089 0.02381322 0.02686796 0.04288622 0.04701629 0.05306582 0.04675082 0.02866936 
0.03731905 0.02996249 0.003755353 0.004483404 0.00160688 0.001328542 0.004478119 0.01226692 0.02485313 0.01403414 0.01206224 0.009149483 0.00633891 0.02580043 0.009943335 0.006350475 0.007649386 0.004953104 0.001588023 0.005098898 0.001540874 0.0001665121 0.001276466 0.0007746107 0.008895351 0.007613642 0.001411483 0.0138745 0.005579569 0.001459201 0.002675528 0.003426196 0.002297255 0.001858467 0.001916629 0.002249196 0.001803269 0.00246022 0.005147954 0.006358331 0.009306127 0.009660342 0.01152314 0.02908597 0.03095749 0.02442255 0.02524307 0.04099087 0.0479369 0.04106888 0.04150754 0.01846774 0.01891129 0.04052419 0.05326613 0.02923387 
0.0274917 0.01501304 0.006400323 0.004255559 0.00210717 0.002125278 0.004421395 0.01142949 0.02871696 0.01866967 0.008352384 0.0005464632 0.002515739 0.008183746 0.009872672 0.004313625 0.003610174 2.513332e-005 0.001790511 0.0009774878 0.000801885 0.0004082222 0.0006046489 8.084316e-005 0.0005490175 0.0005696738 0.001423939 0.01016214 0.01116986 0.03670163 0.006908253 0.003694128 0.001749509 0.001738299 0.001930048 0.002793499 0.002060477 0.002427745 0.003448389 0.006133894 0.007762874 0.009460581 0.01264678 0.0255658 0.02953648 0.02487023 0.06099342 0.04071926 0.0352924 0.03086031 0.0337748 0.02629032 0.01641129 0.03673387 0.03548387 0.03782258 
0.01492635 0.003976312 0.006490697 0.003769981 0.0042767 0.003823026 0.003705998 0.009829308 0.02242721 0.009234376 0.01401036 0.002512454 0.0009990695 0.001562464 0.001599382 0.002413131 0.0006520374 2.219435e-006 0.0007530245 0.003642153 0.0004319412 1.228797e-005 1.675358e-005 0.0002827217 0.001012684 0.003585544 0.003047982 0.001984129 0.001059508 0.0006770302 0.0006667758 0.004753288 0.001409291 0.001613333 0.001699458 0.001788054 0.002035388 0.0024171 0.003617211 0.005658248 0.0121497 0.008742078 0.01157748 0.02840595 0.03458754 0.03050016 0.04697962 0.03561061 0.0412122 0.05841867 0.05863414 0.00641129 0.009354838 0.02794355 0.04826613 0.04733871 
0.01502466 0.007744954 0.006576273 0.004030629 0.001772717 0.003952474 0.004593087 0.004969164 0.005720182 0.01313747 0.01174248 0.006783294 0.003252572 0.001014487 0.003114879 0.003829048 3.577534e-006 1.587582e-006 0.0005253156 5.987993e-006 6.814873e-006 8.777948e-006 3.283013e-005 0.0004071372 0.0007362813 0.0003312797 0.0001340346 0.0002562161 0.0002971481 0.0004104493 0.0006736405 0.0008914986 0.001069204 0.001307495 0.00137364 0.00161784 0.001747422 0.002326099 0.003270229 0.005149127 0.007494511 0.00848849 0.008554237 0.01851233 0.01981112 0.08411998 0.02690856 0.03462387 0.03384092 0.06002985 0.05627022 0.01080645 0.009314516 0.04342742 0.03274193 0.06129032 
0.02035028 0.02889596 0.001964319 0.0007934266 0.0005997964 0.001466981 0.002567074 0.004238304 0.004476703 0.009042024 0.002602626 0.00518489 0.005467291 0.002780369 0.0006311484 0.001139335 0 0 0 0 0 0 0 0 0 0.0004685614 0.001282153 7.733009e-005 0.0001013271 0.0001400192 0.0001943615 0.0007042397 0.0008541123 0.001177998 0.00157716 0.001735132 0.002083738 0.002718297 0.003637526 0.007527334 0.01561197 0.01140935 0.01172859 0.01310879 0.01389485 0.04240155 0.01965111 0.01262644 0.0307916 0.06414119 0.04488946 0.0158871 0.02197581 0.04729839 0.0228629 0.0346371 
0.05791132 0.06690453 0.001347518 0.0002341971 0.000555968 0.0008751794 0.001204754 0.002178871 0.0008092321 0.002259176 0.003864113 0.007103059 0.004027556 0.001278913 0.0004696944 9.253149e-005 1.716914e-005 0.002047306 0 0.0002020504 0.001968412 0.0005465316 8.979174e-005 0 0 0.0001124003 0.0003690865 0.0002007306 4.360502e-005 7.512965e-005 0.0001274914 0.000511506 0.0006572301 0.0009716327 0.001440135 0.00165461 0.002039175 0.002603902 0.003340373 0.009950588 0.01209148 0.0208765 0.009970502 0.01476109 0.02641803 0.0586315 0.02343475 0.01880451 0.02677235 0.04297801 0.05399103 0.03471774 0.01439516 0.0121371 0.03564516 0.01532258 
0.03313147 0.04085248 0.002414361 5.022807e-005 0.0001866539 0.0001303391 0.001617503 0.0003144043 0.000205653 0.0002635412 0.003228443 0.000365336 0.0002598139 0.0001873971 0.0008150495 0 0 0.003086099 0.003174118 0.0001787591 0 0 0.0001784639 0.002569159 0.001300136 8.260705e-005 0 9.914339e-006 1.389719e-005 6.196347e-005 9.828791e-005 0.0004370274 0.0005925132 0.0009143193 0.001394693 0.001624789 0.002015259 0.00256171 0.003117956 0.006195965 0.009757145 0.01457747 0.01507782 0.01820404 0.01855524 0.04019931 0.04328109 0.02935955 0.02445826 0.03476986 0.04360588 0.03431452 0.01782258 0.008669354 0.01733871 0.02201613 
