ncols         56
nrows         54
xllcorner     28.264
yllcorner     -5.7719999999999
cellsize      0.25
NODATA_value  -9999
0.1177942 0.09211477 0.04774266 0.04737993 0.06303941 0.0596634 0.04555247 0.03458188 0.04585582 0.05619021 0.07266066 0.09096028 0.08689424 0.08004995 0.07285486 0.08762756 0.06480507 0.05859618 0.05597901 0.0720664 0.07605711 0.08130605 0.09492911 0.08109293 0.06123603 0.0644825 0.06206198 0.07026587 0.07890002 0.04416667 0.05773334 0.07850834 0.08550833 0.07365834 0.07192501 0.05375 0.042675 0.04255833 0.05593333 0.04915833 0.02404167 0.01426667 0.02479167 0.03614166 0.04238334 0.03882501 0.046425 0.04665834 0.04971668 0.04829167 0.04369166 0.032575 0.03675 0.04531667 0.04344167 0.03994999 
0.1321694 0.108799 0.08355293 0.05718774 0.1090456 0.1172658 0.0765698 0.06056025 0.07647476 0.03609773 0.03893025 0.06802042 0.09587155 0.1029033 0.09183256 0.1136309 0.08176985 0.07097141 0.05606859 0.0651267 0.07510551 0.07129603 0.06948266 0.08382109 0.06253774 0.06256317 0.04959227 0.06447341 0.07932501 0.04685 0.05426667 0.06628334 0.07654999 0.06476667 0.07099167 0.06284167 0.04528333 0.05162501 0.06013335 0.06888334 0.048225 0.04199167 0.03355001 0.03187501 0.031525 0.03261667 0.03143334 0.03053333 0.0364 0.03955833 0.03709167 0.0349 0.03586666 0.02904167 0.02541667 0.0197 
0.205006 0.1390799 0.1006607 0.06875321 0.07712617 0.1045779 0.07062766 0.1044901 0.06432731 0.02943994 0.01757076 0.04242242 0.07460554 0.09182906 0.08590588 0.07262004 0.08969286 0.09258761 0.06861096 0.08539345 0.0741387 0.068241 0.1018378 0.08724318 0.0832658 0.06260218 0.05986576 0.0659591 0.05735445 0.05520833 0.04199167 0.05582501 0.06231666 0.07250833 0.06113335 0.07990834 0.08635835 0.077825 0.05031667 0.04916667 0.04266667 0.03733334 0.03078333 0.02039167 0.02130833 0.01583333 0.03463333 0.03070833 0.03306667 0.03180833 0.03079167 0.02543333 0.02648333 0.02054167 0.01963333 0.01536667 
0.1793836 0.1309102 0.1107521 0.1053306 0.05966031 0.1109563 0.1181477 0.08022013 0.06757335 0.05692149 0.04391512 0.08164699 0.09836648 0.1215566 0.1383102 0.0801559 0.08803821 0.08071184 0.07278968 0.0858359 0.08841699 0.08178584 0.07772484 0.1078933 0.09378964 0.06883526 0.05155494 0.06121095 0.05672499 0.04440119 0.0449351 0.05428235 0.06461605 0.06189397 0.06472288 0.06591163 0.06038192 0.0592054 0.03974405 0.04059225 0.0327098 0.02935348 0.03372379 0.04986667 0.04557499 0.021825 0.02988333 0.03204167 0.02850833 0.02935833 0.03060833 0.018425 0.02974167 0.02065 0.03078333 0.01298333 
0.1060991 0.1192328 0.08581854 0.1396305 0.09726857 0.1385502 0.1199738 0.09432455 0.08409081 0.06820104 0.07223152 0.164808 0.1091633 0.1060599 0.1461008 0.118572 0.08298538 0.06786215 0.06403854 0.09994633 0.09344821 0.09344849 0.09422235 0.08434275 0.06677313 0.06167879 0.08088768 0.0535977 0.04376147 0.04422864 0.03805027 0.06143025 0.06362923 0.06750401 0.0593253 0.06182681 0.06702976 0.04990577 0.03390596 0.02916169 0.02995335 0.02750333 0.03806444 0.04885 0.04763332 0.043025 0.046025 0.04661666 0.0433 0.02815 0.01885833 0.01050833 0.0159 0.01603333 0.01765833 0.014125 
0.1099147 0.1020196 0.09661892 0.1538959 0.1074735 0.1064939 0.09895702 0.098598 0.09390667 0.1160576 0.1182582 0.08648007 0.07345612 0.09215597 0.1074209 0.09569745 0.0659321 0.05268029 0.05346243 0.07227506 0.08742897 0.09173413 0.09266107 0.08989909 0.06604554 0.05699879 0.06186603 0.03732255 0.04479277 0.04161519 0.03677298 0.04381434 0.04811553 0.04961504 0.0492956 0.04789449 0.05662645 0.04618509 0.0368267 0.03669937 0.03807723 0.03657945 0.0338298 0.04723334 0.04501667 0.0421 0.05163334 0.05796667 0.03654166 0.031125 0.01735833 0.0057 0.003233333 0.004633333 0.003483333 0.003625 
0.220894 0.2105299 0.2124259 0.1635997 0.1277269 0.1294451 0.08836001 0.09205826 0.09504381 0.1164738 0.1038941 0.06096863 0.05069374 0.06450239 0.05283096 0.05402797 0.06928732 0.07163641 0.06831608 0.1140858 0.08487573 0.09696381 0.08348284 0.08455439 0.066799 0.06817085 0.04228947 0.03462491 0.04818937 0.04202138 0.03654765 0.05097361 0.05211966 0.05221466 0.05030691 0.05964098 0.05047696 0.02863259 0.02717459 0.04185227 0.03477727 0.0359022 0.04009759 0.03964999 0.033225 0.0304 0.03315833 0.0334 0.01859167 0.01384167 0.0103 0.008591666 0.007158334 0.004483334 0.003308333 0.001925 
0.203823 0.1658753 0.1411188 0.1585829 0.1438114 0.07973724 0.1139597 0.1328831 0.1546454 0.1092728 0.06943627 0.05781939 0.04337776 0.04371119 0.04871337 0.1037709 0.08971858 0.0973512 0.08402734 0.07816225 0.08143446 0.09347938 0.07418697 0.07654321 0.06118973 0.04838607 0.03297886 0.04668649 0.04623034 0.04419671 0.04529555 0.04907029 0.05194162 0.05453313 0.04836378 0.05656628 0.04994734 0.02559838 0.03330848 0.03757964 0.02804211 0.02520138 0.02883265 0.03836253 0.03426317 0.02263746 0.02024265 0.02214073 0.02304267 0.02390232 0.00890964 0.007033333 0.007441667 0.006758333 0.004791667 0.004816667 
0.1866381 0.1726786 0.1466933 0.1970737 0.2346565 0.1695383 0.1877283 0.2950905 0.2740411 0.1245071 0.07369013 0.0794116 0.1146745 0.0788984 0.0783941 0.1093401 0.1087533 0.1051447 0.08893211 0.1138827 0.1003924 0.09260413 0.07485981 0.07631607 0.06561345 0.03151746 0.02383555 0.05052324 0.06258873 0.05222033 0.03635744 0.0417176 0.03502315 0.04165349 0.03496363 0.04789786 0.05255588 0.03061929 0.03207213 0.04051616 0.02971025 0.02261308 0.01959303 0.02564968 0.02280465 0.01515978 0.01541522 0.02058301 0.02851256 0.01266061 0.01179741 0.006924999 0.005283333 0.006108333 0.004175 0.002675 
0.17462 0.120634 0.1521651 0.1912436 0.2360114 0.241033 0.2734216 0.2576139 0.1914787 0.1594466 0.09567824 0.1004314 0.1121779 0.116025 0.2026653 0.1510917 0.1022354 0.1171982 0.1418408 0.169734 0.1503887 0.07464971 0.06161289 0.07258979 0.06457668 0.02881233 0.03072049 0.05238264 0.03948697 0.02678072 0.02437675 0.03057671 0.02986234 0.03116503 0.03936237 0.06135655 0.07462995 0.04046925 0.02909281 0.02699765 0.0207205 0.02417621 0.01586542 0.01155669 0.01441225 0.007944165 0.01377812 0.01411779 0.01037674 0.01247623 0.009284424 0.004900001 0.003616667 0.00335 0.001975 0.0007166666 
0.2225789 0.11825 0.1685261 0.2579427 0.354339 0.2802199 0.2329276 0.2385825 0.2492066 0.1666785 0.1886159 0.2106537 0.1349277 0.1382012 0.1945543 0.141273 0.0957685 0.1395843 0.1807934 0.2165506 0.1369251 0.1023214 0.07782173 0.07906434 0.05878892 0.04453866 0.04157134 0.03821756 0.02373523 0.01621787 0.02209138 0.01837429 0.02243793 0.04660692 0.0390043 0.07194448 0.06716512 0.03356972 0.01952931 0.02334015 0.02078043 0.03122833 0.01488448 0.01595301 0.01078106 0.005362794 0.009464861 0.01134359 0.01075054 0.02131474 0.01236058 0.006225 0.00435 0.001441667 0.00185 0.001266667 
0.3322219 0.2346354 0.3148351 0.2279616 0.1996805 0.25844 0.2048856 0.2277987 0.2315593 0.2793594 0.2424725 0.3178191 0.2570566 0.1346801 0.1878899 0.1733838 0.0994698 0.178212 0.2722402 0.168045 0.1216795 0.1000967 0.09323658 0.07983639 0.06754266 0.05055486 0.04701981 0.05362401 0.02692047 0.01607162 0.01458591 0.01927931 0.02309155 0.02634107 0.02247051 0.03890063 0.04349963 0.0325463 0.01969345 0.01924278 0.02657614 0.0306331 0.01969065 0.02663932 0.01556049 0.009371697 0.008154076 0.01374121 0.009601404 0.01327469 0.006739691 0.00357662 0.007344312 0.004555681 0.003233396 0.000926572 
0.4228887 0.3042025 0.2336639 0.2386277 0.1890363 0.1766161 0.1891729 0.2234745 0.2853314 0.3216058 0.3012078 0.2387005 0.2028543 0.1826314 0.1412973 0.1862572 0.1270703 0.2116576 0.2778449 0.1705758 0.1300836 0.1098641 0.105852 0.08063357 0.06216405 0.06467617 0.05549668 0.04151801 0.02691878 0.01639749 0.01708911 0.02518903 0.0233444 0.01496287 0.01232593 0.01779259 0.02833903 0.03442428 0.02559146 0.02339359 0.02421712 0.02710728 0.01756524 0.03285138 0.02132927 0.01218946 0.01439081 0.01496836 0.01103578 0.009435087 0.008864169 0.005903761 0.002738803 0.001852604 0.001508423 0.0005712329 
0.3192261 0.3546325 0.2854798 0.3675184 0.2097831 0.2501171 0.1879618 0.1768847 0.2570716 0.3154269 0.3090002 0.2790689 0.2610109 0.2532609 0.2089585 0.1989271 0.2068032 0.2513748 0.2192402 0.1991439 0.1924967 0.188821 0.08622149 0.05825527 0.05172963 0.09933981 0.06428055 0.02407377 0.05662207 0.02710529 0.01774436 0.01659046 0.01069069 0.01550717 0.01713855 0.02312612 0.03267607 0.009117513 0.008856202 0.01589791 0.01264862 0.01132522 0.008334054 0.01135056 0.01469382 0.01296175 0.01994495 0.0207855 0.01420702 0.009683795 0.005730799 0.0005432846 0.0005503618 0.0005587659 0.0008465938 0.000575111 
0.3116173 0.4511839 0.4557783 0.3359545 0.2123969 0.177647 0.1945662 0.2527914 0.2320839 0.2557003 0.248477 0.2702128 0.3002242 0.2159537 0.2720875 0.2275536 0.2163648 0.2983624 0.2379014 0.1625941 0.1284372 0.1259221 0.0978108 0.08576481 0.0556797 0.05030888 0.06541502 0.04524301 0.02358749 0.02675547 0.01956716 0.01292787 0.01240639 0.02159609 0.02557644 0.02767728 0.01757157 0.009009921 0.003766098 0.01043226 0.009274608 0.003704187 0.004397281 0.006450801 0.01430042 0.01552331 0.01358208 0.01620672 0.008955605 0.009287074 0.003338479 0.002604383 0.0005561667 0.0005876991 0.0014595 0.001162526 
0.3375753 0.3373979 0.3547661 0.2363636 0.1918125 0.1636266 0.1748476 0.212342 0.2260976 0.1890147 0.1602969 0.2321195 0.2617179 0.2685272 0.1750648 0.1764585 0.1856746 0.2782199 0.2399935 0.1469354 0.1599961 0.1392374 0.1227562 0.1092278 0.07461625 0.06720395 0.05863563 0.05140838 0.03737519 0.03032022 0.01617259 0.02262247 0.02118799 0.02141254 0.02637307 0.01980871 0.01985139 0.008453562 0.005083461 0.01074135 0.007210175 0.002074201 0.002963674 0.006936133 0.005161437 0.008655236 0.0105554 0.004380718 0.001500266 0.001691284 0.001253742 0.0005515288 0.000808046 0.0005690848 0.000678077 0.0006627017 
0.5262647 0.4010541 0.3668768 0.2344722 0.1832522 0.1312561 0.1860779 0.2502688 0.2105176 0.1851731 0.1891667 0.1734411 0.2695471 0.2967692 0.1953354 0.2045766 0.2311619 0.2262643 0.1547824 0.1451618 0.1671524 0.1818531 0.1453749 0.134994 0.1012792 0.07998535 0.05958347 0.04894065 0.03869721 0.01975157 0.01495694 0.01754893 0.0165051 0.02053042 0.02505617 0.02385394 0.02351191 0.01801964 0.003147115 0.002553732 0.005562642 0.003408783 0.006675588 0.006061461 0.001111214 0.005776552 0.004340203 0.0009922725 0.001593823 0.001680791 0.001647876 0.0005561393 0.000565389 0.0005997628 0.0007211385 0.0005870891 
0.4654548 0.4100599 0.2445691 0.2912706 0.2232002 0.1688116 0.2280486 0.1833421 0.2560937 0.2601939 0.2362114 0.1855053 0.1738485 0.1963851 0.2252854 0.2530278 0.2818212 0.2768278 0.1814049 0.1267016 0.1028437 0.1152261 0.1278897 0.1074329 0.08690681 0.08152782 0.07118143 0.05654141 0.03939424 0.03277379 0.02568479 0.01901383 0.01972392 0.0113158 0.01336098 0.01605787 0.0142168 0.008827729 0.002351528 0.002386151 0.002584637 0.003109202 0.008569217 0.006248531 0.00288832 0.005540998 0.001856964 0.001506343 0.002370817 0.002263993 0.002170835 0.0008560903 0.000573043 0.0005795378 0.0005894142 0.0005939492 
0.476717 0.404424 0.3122314 0.3235226 0.2793396 0.2590143 0.2192763 0.1964721 0.208246 0.2315726 0.208782 0.2009928 0.181707 0.198883 0.2601381 0.3431454 0.2498489 0.2521639 0.2553179 0.2021597 0.2233032 0.18716 0.1611971 0.1352289 0.1020782 0.1099812 0.09684024 0.04815992 0.02957562 0.02952113 0.02919672 0.03445278 0.02515109 0.0104173 0.01734703 0.007933227 0.00491696 0.003148765 0.001988077 0.002033147 0.001794956 0.003478727 0.002912058 0.001527417 0.005443082 0.001988663 0.0009725949 0.001026971 0.001411132 0.001084411 0.002471944 0.001205298 0.0005868615 0.0005935416 0.0006013165 0.0006066359 
0.4778639 0.3292451 0.4126447 0.369156 0.3355673 0.2926215 0.2543004 0.1828587 0.2283504 0.2509722 0.2566496 0.2019877 0.1662655 0.2669642 0.2867371 0.3606603 0.2666502 0.2671646 0.337838 0.3074314 0.389329 0.2959442 0.1929384 0.1855796 0.1676289 0.1535872 0.08265961 0.07916025 0.05530574 0.04243515 0.03821161 0.04235406 0.03145328 0.01336979 0.033389 0.0162704 0.003927836 0.002704084 0.004187395 0.004026819 0.002938983 0.003221818 0.003468053 0.003394887 0.003579113 0.004782164 0.003722115 0.003917874 0.004036922 0.004131438 0.004235279 0.0013359 0.002815857 0.006004275 0.01571305 0.01926721 
0.596656 0.3962696 0.4310439 0.2430587 0.2977362 0.2611972 0.2561075 0.1671125 0.2004114 0.2333177 0.2273618 0.2015328 0.1890185 0.2697643 0.2628728 0.2707582 0.269287 0.2755243 0.3351505 0.465212 0.3971238 0.297443 0.304727 0.2783084 0.1906443 0.1272431 0.09820681 0.1044246 0.08746132 0.07950459 0.07569751 0.05130157 0.03215302 0.01833489 0.01889061 0.006879488 0.002848792 0.002033599 0.003515325 0.003057502 0.005022328 0.003221309 0.00596352 0.010637 0.007458936 0.007280732 0.004311569 0.004054365 0.004631639 0.004286503 0.004264238 0.001117675 0.001123585 0.0109944 0.01944212 0.02053469 
0.3185296 0.2915141 0.3630109 0.3748253 0.3347127 0.1888613 0.1655385 0.2294999 0.2890808 0.2064683 0.2068986 0.1669695 0.2055895 0.2578329 0.2487486 0.2222007 0.2694923 0.3239063 0.340042 0.5223964 0.4152 0.3805958 0.326722 0.3956096 0.2372715 0.1524997 0.126616 0.1575561 0.1397231 0.09508355 0.08664476 0.06100284 0.05165425 0.0436124 0.02805006 0.007236862 0.003541602 0.002396351 0.002134563 0.003126279 0.01206105 0.0131727 0.02364466 0.008012035 0.00777389 0.00597991 0.003922539 0.004120755 0.004332671 0.004328683 0.004378595 0.005298389 0.007685284 0.01647359 0.02230787 0.001324283 
0.2979014 0.293257 0.2620664 0.4411737 0.3606898 0.2202844 0.2444512 0.2727689 0.3457951 0.1702138 0.1478035 0.2225718 0.2880616 0.2374333 0.2979259 0.2041807 0.2256363 0.2516879 0.3326757 0.4341772 0.4202928 0.4119267 0.3653456 0.3946482 0.3156132 0.236486 0.1458426 0.1715695 0.1747959 0.1340038 0.1003738 0.08619275 0.06796578 0.06364794 0.05369591 0.01425463 0.006780655 0.00274498 0.0032123 0.004398487 0.01451408 0.02229541 0.01065406 0.004372106 0.004616911 0.003961192 0.004216359 0.006987629 0.00438002 0.004467518 0.006620254 0.01709024 0.006893861 0.001258289 0.01198888 0.001497164 
0.2679719 0.2414162 0.2965303 0.3376142 0.2544594 0.1934706 0.1959055 0.1962245 0.223951 0.1620532 0.2279998 0.2306633 0.1978883 0.2040855 0.1928827 0.2229617 0.2172519 0.2948618 0.3531398 0.3876913 0.399206 0.2769048 0.2818564 0.3385995 0.306841 0.3060395 0.23884 0.2395848 0.2477106 0.2026349 0.1915912 0.170504 0.0817051 0.06027641 0.07748961 0.04279308 0.01088949 0.01030087 0.007198136 0.01005015 0.01481593 0.006712717 0.005260864 0.003882193 0.003788952 0.00377791 0.00386476 0.003989683 0.006100203 0.01218126 0.03890651 0.05593275 0.02446675 0.03400202 0.003361592 0.01323519 
0.3366035 0.2596304 0.3511905 0.3960339 0.2330641 0.159757 0.1914879 0.1970149 0.1569103 0.1463463 0.2370666 0.167127 0.1622391 0.1818549 0.1865532 0.2163166 0.2368851 0.3107578 0.3357762 0.3522049 0.2935647 0.2346879 0.2401709 0.3073801 0.298303 0.2669476 0.260406 0.3135623 0.3210215 0.2758366 0.2317594 0.1987427 0.1136092 0.1491451 0.07852816 0.03704166 0.01612371 0.01286042 0.01526585 0.01237771 0.01055832 0.005281481 0.005804198 0.004460919 0.003997531 0.003930643 0.004041777 0.005400474 0.01206624 0.04044143 0.04841794 0.1012282 0.07845294 0.08708875 0.05018561 0.02216184 
0.3833795 0.327883 0.2621432 0.303978 0.1908787 0.158471 0.2068787 0.2262864 0.1230077 0.1007593 0.1524217 0.1925043 0.2392958 0.2124817 0.2881073 0.3146858 0.2975591 0.4594038 0.4468598 0.3535722 0.2713051 0.2942866 0.275428 0.3262966 0.3823811 0.3403503 0.2694779 0.3871312 0.3852964 0.312667 0.2680751 0.1910267 0.2027792 0.172853 0.09222343 0.03218498 0.02791118 0.01069521 0.0080246 0.007263608 0.006878868 0.006475457 0.006041565 0.004876947 0.004612312 0.004541697 0.008768708 0.01274628 0.02204635 0.03165166 0.04495822 0.09502456 0.09623247 0.08313692 0.0854539 0.0345282 
0.3443123 0.2544891 0.2417323 0.1738837 0.184615 0.1905499 0.2515463 0.181087 0.1121476 0.09989155 0.1995141 0.2095423 0.2853692 0.3040429 0.3640803 0.327064 0.3905367 0.5047309 0.4136299 0.3565525 0.2850969 0.2855908 0.3520354 0.3995365 0.4298654 0.3688165 0.3260755 0.3968018 0.4124808 0.3722436 0.2790651 0.2377231 0.1880874 0.2002083 0.1420603 0.04593238 0.03322171 0.01202257 0.005824348 0.009588555 0.008887526 0.008235812 0.007498168 0.006506856 0.006823954 0.007554938 0.01049996 0.01910363 0.01997077 0.02290224 0.0249045 0.07791772 0.0904473 0.08355875 0.1039407 0.06702206 
0.2957475 0.2473357 0.2058238 0.1335574 0.150457 0.1838903 0.1800891 0.177813 0.1954158 0.1617341 0.1790059 0.2944158 0.3088234 0.3067987 0.3491874 0.3083451 0.3559658 0.3959147 0.3202226 0.2558369 0.2679675 0.2980689 0.3321139 0.4265132 0.371211 0.3647859 0.341331 0.3800269 0.3614135 0.3658449 0.3031441 0.2360349 0.1911391 0.1449491 0.1182489 0.05261826 0.03812021 0.02071032 0.01667875 0.01470562 0.0137229 0.01291494 0.01149739 0.007996419 0.01255882 0.01534441 0.01527773 0.02496309 0.02887516 0.03902018 0.04746702 0.06312062 0.07377188 0.08216154 0.06666041 0.07384261 
0.3238642 0.2907206 0.3802125 0.2053481 0.126232 0.1286522 0.177538 0.2166106 0.3080224 0.1904424 0.1812776 0.2678348 0.2661604 0.2313465 0.3089241 0.3325328 0.3433772 0.3328004 0.2731471 0.2310937 0.1778243 0.2727576 0.2777655 0.3767447 0.3502584 0.3065771 0.3257869 0.448711 0.3388869 0.3621451 0.2814546 0.2442807 0.214668 0.1559259 0.1192118 0.06042684 0.05024987 0.02569033 0.02784582 0.01734553 0.01614871 0.01491765 0.01307598 0.01105914 0.01621759 0.0211575 0.01998486 0.03309011 0.03836926 0.07257592 0.05655447 0.1852193 0.1029164 0.07061724 0.1356244 0.1917704 
0.2240346 0.2052766 0.3042713 0.2432683 0.1737086 0.106838 0.1533342 0.1986406 0.1869195 0.2022682 0.3026815 0.3144587 0.2247652 0.2183133 0.2204591 0.2390157 0.2626751 0.2420399 0.1775177 0.1300287 0.1436389 0.1588061 0.1960659 0.3093281 0.3502185 0.3710936 0.3790245 0.4071854 0.3689109 0.3364821 0.2762772 0.2358802 0.2073932 0.1908068 0.1258569 0.07218313 0.06095598 0.02616538 0.02342703 0.01849162 0.01718113 0.01608061 0.01447485 0.01281214 0.01499245 0.01754874 0.02099326 0.03497837 0.04098039 0.06415197 0.09244839 0.2225544 0.1586272 0.1538514 0.1733915 0.1650174 
0.2447092 0.2031224 0.2697316 0.2490751 0.1518919 0.101272 0.1245849 0.1352455 0.2218775 0.2278015 0.2506375 0.2790822 0.2545889 0.2057044 0.1752664 0.2192951 0.1958565 0.1748431 0.1573996 0.1351406 0.1268109 0.1055661 0.1101156 0.218969 0.2747311 0.3497764 0.3401429 0.3302366 0.3443785 0.3303289 0.2413122 0.2406184 0.2340242 0.1794138 0.1489867 0.1207569 0.08821345 0.02637108 0.02118153 0.01823621 0.01676705 0.01533513 0.01509328 0.0139167 0.01629157 0.01827508 0.02242829 0.03254344 0.04950716 0.06132881 0.08629323 0.205255 0.2028282 0.2619928 0.2425 0.194352 
0.3489585 0.2212342 0.1480806 0.1499192 0.1169927 0.0881267 0.08783036 0.1735025 0.2526394 0.2053013 0.1984387 0.2232583 0.2105066 0.1853492 0.1614626 0.1689031 0.189437 0.2184445 0.2352537 0.1628383 0.1527492 0.1539538 0.129135 0.1683386 0.1725801 0.1970124 0.2157236 0.2725567 0.2723787 0.2868617 0.1846133 0.2025309 0.1867717 0.1354001 0.1049956 0.08192835 0.08446731 0.03401487 0.02377084 0.01616233 0.01712739 0.01353934 0.01459015 0.01331428 0.01631821 0.01796055 0.02218639 0.03108365 0.05168875 0.06235227 0.08992299 0.1616826 0.2943522 0.3304719 0.3124402 0.2465955 
0.3547129 0.2891333 0.138488 0.1094313 0.1133185 0.1348876 0.1612895 0.2607434 0.2524001 0.1537509 0.1750925 0.2062137 0.1761057 0.1604516 0.1376418 0.1711239 0.1723325 0.1759313 0.2039776 0.1664033 0.2203754 0.200834 0.1506059 0.1580769 0.1931238 0.3278927 0.299637 0.2968159 0.2813012 0.250417 0.183389 0.1846549 0.1639997 0.1497329 0.0942926 0.05421124 0.04209023 0.02934284 0.02592044 0.01590539 0.01677478 0.01322011 0.01562643 0.01409401 0.0169577 0.01986195 0.02576976 0.04086674 0.08158602 0.0966068 0.09353636 0.1646832 0.20362 0.2317172 0.3120601 0.3181763 
0.4008068 0.2171911 0.09710068 0.1026126 0.1241296 0.1500164 0.2515824 0.2431814 0.2159573 0.1591859 0.1729951 0.1867955 0.1573898 0.137052 0.1282384 0.1700403 0.1802302 0.160435 0.2068348 0.2238932 0.2180915 0.1845688 0.1732536 0.1570671 0.2256291 0.3235324 0.2785831 0.2202095 0.2060651 0.1900169 0.1599571 0.1707699 0.1507127 0.1075482 0.08406436 0.04533108 0.0333546 0.02781975 0.02441854 0.01783601 0.01486365 0.01388081 0.01743089 0.01630258 0.01986998 0.02417623 0.03232733 0.06540747 0.09957714 0.1124208 0.1248691 0.1755739 0.2427808 0.25726 0.2488994 0.3160484 
0.4227159 0.1998709 0.1363777 0.2398359 0.239665 0.2591366 0.210532 0.1939583 0.1647243 0.1023418 0.1311819 0.1672945 0.1153996 0.0987952 0.109273 0.1490328 0.1950789 0.2127437 0.1944618 0.1949004 0.1943506 0.1520386 0.1733452 0.1464718 0.2347848 0.2354819 0.2418946 0.1765874 0.1350035 0.1320767 0.108228 0.1196194 0.1217518 0.09907998 0.07889341 0.04194571 0.02986234 0.02653556 0.02466877 0.02146886 0.01567974 0.01522293 0.02049049 0.01991006 0.02461159 0.03780053 0.04115747 0.05961788 0.1122998 0.1155877 0.1464212 0.2249052 0.358085 0.3298427 0.1991694 0.1517636 
0.3221487 0.2461248 0.1929972 0.2841429 0.2134527 0.2550016 0.2023267 0.1965767 0.1464867 0.1179831 0.09325463 0.1259635 0.1180953 0.08023323 0.1152871 0.1646119 0.1883346 0.209292 0.2130384 0.2267473 0.2140322 0.1790822 0.1575531 0.1678533 0.1944467 0.2009405 0.1853477 0.1088933 0.08932372 0.07001098 0.04302333 0.05978163 0.06250105 0.0932722 0.04715998 0.02979263 0.02382244 0.01643253 0.02096008 0.01552767 0.009624104 0.01120251 0.018805 0.03418742 0.03086782 0.06827701 0.06233488 0.08520488 0.1456183 0.1301847 0.1634407 0.2211355 0.2616073 0.2267253 0.1901346 0.1147062 
0.2701547 0.1865839 0.1330909 0.1432549 0.1538614 0.1523632 0.1197005 0.1054428 0.1006134 0.06608105 0.0608912 0.1184194 0.0917698 0.09301981 0.1157635 0.1606403 0.2387827 0.2417051 0.3035987 0.2308469 0.1719083 0.1528497 0.1420201 0.1779894 0.254697 0.1822486 0.1671486 0.1313796 0.09715655 0.06822482 0.04106883 0.05142545 0.0633076 0.04445918 0.03381667 0.02771013 0.02354993 0.01696696 0.01911631 0.01149533 0.008827292 0.01316156 0.02004354 0.0275367 0.04467368 0.05119918 0.06704447 0.102044 0.145337 0.1763079 0.1898707 0.2027792 0.2284782 0.1964754 0.18592 0.1153292 
0.3068036 0.1607023 0.08264306 0.07573944 0.09875569 0.08505969 0.05977163 0.07505257 0.06525421 0.04552143 0.07707888 0.09941451 0.07889343 0.08453638 0.1212941 0.2219793 0.2202309 0.188895 0.2714723 0.1731343 0.1811653 0.1992838 0.16111 0.2174831 0.2698606 0.2151578 0.1209562 0.118511 0.09902322 0.05028071 0.03581895 0.05159179 0.02784322 0.03111262 0.02046909 0.02847845 0.02321776 0.02282701 0.02153528 0.01080655 0.01589247 0.01464583 0.02233371 0.03047293 0.04937584 0.05924436 0.08011379 0.1085821 0.1434876 0.1773534 0.1985303 0.1993656 0.1667119 0.1480339 0.1406638 0.04512972 
0.3197879 0.1834942 0.1158929 0.1144755 0.07195678 0.05968951 0.05702423 0.03640018 0.05298004 0.03891646 0.08685633 0.06209891 0.05804673 0.0684855 0.1450014 0.1681681 0.1569872 0.1556226 0.2287506 0.1560012 0.1737697 0.2229328 0.1685749 0.1886712 0.2294401 0.1581166 0.09909711 0.07401647 0.06281033 0.04005696 0.03223877 0.04245566 0.02195783 0.01774677 0.01653039 0.01524124 0.0175205 0.01827604 0.01765906 0.01693245 0.01850375 0.01577357 0.02411233 0.0330587 0.05621991 0.08211959 0.1271343 0.1313515 0.1424374 0.1585449 0.1735293 0.152095 0.1515625 0.1515566 0.1022733 0.05223037 
0.2260542 0.09256914 0.1210121 0.1620487 0.09093861 0.06504982 0.05873796 0.09105997 0.07801572 0.07138126 0.07945968 0.07659538 0.05832958 0.07520842 0.2513746 0.2662446 0.3014325 0.324999 0.2254056 0.1322401 0.121407 0.1658648 0.1124632 0.1415125 0.166754 0.1311906 0.08088987 0.0411102 0.02251791 0.01809541 0.01877738 0.02586808 0.01194193 0.009976372 0.0112236 0.01195362 0.01737511 0.0138553 0.0155046 0.007782371 0.008819298 0.01530962 0.02163094 0.04630202 0.06248739 0.09771415 0.1285823 0.1507419 0.1560481 0.1977927 0.161786 0.1729377 0.1642697 0.1194421 0.132319 0.08989994 
0.1798603 0.09143781 0.07665597 0.0911091 0.0717747 0.0676344 0.0801433 0.07316087 0.1111226 0.06293606 0.08939382 0.1173758 0.1256019 0.07641956 0.1783543 0.3640226 0.4251452 0.3078353 0.2145974 0.1122072 0.08816203 0.09995375 0.07475828 0.05211487 0.08001581 0.07333702 0.06851838 0.02994202 0.01425996 0.01567383 0.01227761 0.01406482 0.01068056 0.009701187 0.006626172 0.01208653 0.0111734 0.01296961 0.009283921 0.007347368 0.009808441 0.01498698 0.02255932 0.04991125 0.06792654 0.1016761 0.1219002 0.1472404 0.1561587 0.2004959 0.1710652 0.1690326 0.1176557 0.1298191 0.1425962 0.1006389 
0.1649109 0.07425167 0.06644828 0.06667754 0.05482107 0.0645204 0.07155529 0.07607432 0.08733141 0.06291682 0.06556531 0.1012597 0.09619581 0.07388745 0.1188454 0.3134405 0.3318109 0.3838242 0.2987355 0.1264075 0.1018036 0.08338445 0.06621855 0.04573036 0.05606494 0.04949354 0.06429399 0.03059032 0.0113065 0.01150869 0.009472862 0.01250515 0.009936691 0.007301355 0.00539578 0.01248879 0.01230432 0.00845312 0.009644186 0.008905444 0.01175671 0.01697257 0.02556388 0.06114661 0.08022832 0.1088495 0.1272748 0.1446717 0.1642137 0.1854319 0.1841351 0.1235362 0.1297052 0.1411019 0.164094 0.1076548 
0.1470012 0.06344203 0.03958685 0.03964857 0.05504916 0.04883245 0.03848029 0.04546716 0.05728374 0.06353314 0.05335205 0.05268988 0.05973519 0.09617471 0.1642448 0.2162651 0.1823691 0.1958137 0.1372379 0.0958336 0.08659913 0.08126771 0.05873726 0.03703435 0.03998794 0.03299916 0.0292354 0.02319468 0.01228368 0.008889101 0.02946934 0.01058859 0.008287515 0.008935365 0.007701712 0.02925491 0.1071442 0.01023862 0.01213203 0.01271033 0.01503298 0.01941321 0.02642083 0.05401835 0.07986388 0.09762632 0.1330241 0.1602621 0.1737889 0.1841825 0.2120965 0.1236919 0.153303 0.160649 0.1569265 0.1238069 
0.1107521 0.03544712 0.02288325 0.02218474 0.04550165 0.03256615 0.02144 0.03122953 0.0388738 0.05873758 0.05426022 0.03946054 0.06939237 0.08623248 0.1688358 0.1363548 0.09436747 0.1394491 0.1539123 0.069936 0.05144393 0.05360882 0.04155641 0.03163519 0.03336377 0.02617943 0.02041797 0.009875626 0.006521313 0.004887766 0.008750903 0.006856109 0.006942332 0.006979278 0.007285927 0.02490404 0.1345491 0.01343454 0.01239535 0.0168695 0.01988102 0.0261344 0.03569232 0.06254059 0.0859375 0.1104229 0.1509555 0.1980697 0.2071956 0.2274422 0.139322 0.09474634 0.1384019 0.1559236 0.1537345 0.09904167 
0.1207174 0.03469571 0.01179512 0.01145531 0.02216407 0.02584048 0.01949051 0.02787672 0.02333713 0.01338832 0.009888391 0.01543867 0.04973103 0.1075461 0.1226594 0.1239742 0.0639536 0.07201986 0.05929704 0.03783128 0.03395278 0.02980852 0.02275742 0.02950943 0.02915038 0.02382372 0.01817933 0.009431464 0.02317355 0.00349138 0.008694557 0.003959901 0.003501292 0.006243372 0.007623673 0.01094029 0.01591561 0.01385177 0.0148788 0.01925694 0.02333518 0.02933969 0.03742009 0.07192278 0.1001071 0.1295207 0.1670251 0.1884365 0.1916897 0.1287473 0.1268212 0.1161565 0.1307997 0.2140423 0.1500661 0.0935 
0.1237876 0.0247273 0.01187707 0.01314693 0.01143814 0.013354 0.01829722 0.02241663 0.03953352 0.02183979 0.01782138 0.03453236 0.09108198 0.06401206 0.06130677 0.1145931 0.06434185 0.03545696 0.04321847 0.02740668 0.02343618 0.02053435 0.02089305 0.02599525 0.02345513 0.01986559 0.02313912 0.01708445 0.004822199 0.00245526 0.02555421 0.001937144 0.004109801 0.007549182 0.009147663 0.01216214 0.01313902 0.01671461 0.01827398 0.02323749 0.02768157 0.03368135 0.04150974 0.07480291 0.1018595 0.1295773 0.1525312 0.1656803 0.1583508 0.1031511 0.12918 0.1048271 0.1459975 0.1473455 0.1099584 0.05720834 
0.03837364 0.01606015 0.004876945 0.005286294 0.01507533 0.01214513 0.01324944 0.01839859 0.02467161 0.01202331 0.01715822 0.03081737 0.05525577 0.02890107 0.03549945 0.06994473 0.06171526 0.02772543 0.01900701 0.03438839 0.01612019 0.01608533 0.01610993 0.02081187 0.01742179 0.01574523 0.03273829 0.005234228 0.002789089 0.001469931 0.002119282 0.002040883 0.004737643 0.007599823 0.009548223 0.01231697 0.01500655 0.01743913 0.0206026 0.02572489 0.03081557 0.03711453 0.04450293 0.0782104 0.089573 0.1144003 0.1296219 0.1361645 0.08625776 0.0994841 0.1057324 0.08542817 0.1086442 0.1314129 0.1264113 0.0645 
0.02849287 0.009792935 0.005543419 0.01034943 0.01204556 0.01775573 0.01542249 0.01476622 0.01277813 0.01410407 0.01698083 0.01368681 0.02430813 0.0128838 0.02198265 0.03609373 0.03035382 0.01797618 0.02691815 0.05220607 0.01817977 0.01710149 0.02119429 0.006765686 0.01695883 0.00485002 0.003743102 0.0008708512 0.0004663431 0.000234392 0.000367227 0.003485132 0.00777618 0.01210759 0.01514441 0.01857082 0.02194911 0.02528997 0.02727568 0.03340936 0.03958414 0.04585706 0.05275246 0.08015998 0.09311004 0.1002928 0.1028038 0.07162894 0.07924328 0.08143935 0.0923051 0.07658332 0.08416666 0.07120833 0.05341667 0.08908332 
0.01450525 0.01248543 0.009244426 0.02095666 0.01241139 0.01224782 0.01264048 0.01346764 0.01668431 0.01690147 0.01326417 0.01361059 0.02160472 0.00847076 0.009780866 0.01860659 0.01501945 0.01405267 0.01756095 0.01393455 0.01202452 0.0105975 0.009280502 0.003810228 0.003683266 0.00299155 0.002436316 0.0004332743 0.0002193222 0.0002116653 0.0003353304 0.005192569 0.007754021 0.0124106 0.01480115 0.02104223 0.02115985 0.02602085 0.03294192 0.03682129 0.04148224 0.04790932 0.05521271 0.08352834 0.09253339 0.1019937 0.1030526 0.06240821 0.07301831 0.07074189 0.07647566 0.040125 0.08325 0.04429166 0.05404167 0.07974999 
0.0119705 0.01380076 0.009092732 0.01414856 0.01175149 0.01220286 0.009780783 0.01516096 0.01037048 0.01965303 0.01546072 0.006579688 0.02350077 0.02248623 0.005618985 0.01160273 0.01675234 0.02423095 0.01974861 0.01173707 0.007116356 0.006027597 0.005279707 0.001844288 0.001762597 0.001493909 0.0008976886 0.000181733 8.205228e-005 0.0003060821 0.000412126 0.006232457 0.008222041 0.01277086 0.01656217 0.01906518 0.02122793 0.02510807 0.02860254 0.03687915 0.08982036 0.04811988 0.05645587 0.07813869 0.0843594 0.1020511 0.1026496 0.06223399 0.06817394 0.06276806 0.05100414 0.01375 0.01879167 0.038125 0.04529167 0.04408333 
0.01546039 0.006587993 0.009029936 0.01715974 0.008533599 0.007797484 0.008676568 0.009148045 0.007737254 0.0128051 0.008798005 0.006648725 0.01591869 0.01225343 0.01245985 0.04119951 0.01839291 0.02459949 0.01746191 0.007139542 0.004958682 0.004590352 0.003878741 0.001355284 0.001598414 0.0008753175 0.0006519104 0.003745451 0.004876091 0.008615234 0.00215608 0.005601887 0.009373524 0.01245553 0.01502748 0.01810486 0.0208786 0.02298116 0.02671252 0.03508763 0.04147903 0.04583854 0.06353131 0.06837451 0.0773617 0.100483 0.04860465 0.05626259 0.05801277 0.05282117 0.04606451 0.02208334 0.0225 0.02825 0.01579167 0.041625 
0.01979159 0.009832838 0.01170779 0.02206886 0.009380573 0.007734957 0.01435299 0.01025014 0.02337825 0.02846241 0.01532986 0.008907599 0.008520925 0.009723875 0.01330317 0.02453922 0.0289623 0.009546334 0.01732126 0.01010196 0.003626674 0.0008976354 0.0004932343 0.0001316544 0.0003439437 0.0001783694 0.001188434 0.0009907809 0.000740496 0.0007772101 0.00275757 0.007473322 0.008353492 0.01496585 0.01714503 0.02036825 0.0208355 0.02260897 0.02770894 0.04356528 0.0394374 0.05302335 0.05642622 0.05685652 0.06144062 0.07759316 0.03858939 0.02881351 0.0323495 0.0248132 0.03486174 0.03275 0.02091667 0.01266667 0.007041666 0.02091666 
0.01713059 0.007397501 0.009361985 0.01179263 0.0108491 0.007638399 0.0110536 0.00771509 0.01026524 0.01149269 0.0061179 0.002449847 0.001989149 0.003672082 0.001320977 0.01349203 0.01214485 0.00705632 0.0118148 0.008603841 0.006898113 0.0001933116 0.0001655776 4.751247e-005 0.0002891071 2.915329e-005 2.199457e-005 6.017546e-005 0.0001502103 0.0005584561 0.003253645 0.006150491 0.01115628 0.01093496 0.01762805 0.01880988 0.0193663 0.02153772 0.0364213 0.03193513 0.03540863 0.04783164 0.04737534 0.05283922 0.05080725 0.0748246 0.03553985 0.02646101 0.03081703 0.03335986 0.03725551 0.016 0.015125 0.012 0.011125 0.018875 
0.021813 0.007683069 0.009934378 0.01848284 0.01844385 0.01322539 0.009747696 0.007234877 0.006927927 0.006430923 0.005589293 0.007454423 0.006890337 0.007371948 0.0009969168 0.001811227 0.006008307 0.01012595 0.01020822 0.006433651 2.68622e-005 2.084608e-005 1.666172e-005 4.306052e-006 2.839656e-006 2.194887e-006 2.330768e-006 9.986368e-006 0.0004332662 0.001965298 0.004127592 0.007010211 0.0164366 0.01384102 0.01327305 0.01717863 0.01889731 0.02050791 0.02293403 0.02818191 0.03220131 0.04346975 0.04501122 0.04636211 0.0479076 0.05829398 0.04183898 0.0409789 0.02660277 0.02274738 0.01404442 0.005458333 0.01066667 0.01054167 0.0235 0.013125 
