ncols         56
nrows         54
xllcorner     28.264
yllcorner     -5.7719999999999
cellsize      0.25
NODATA_value  -9999
0.1238305 0.1213733 0.1620843 0.1080177 0.07911573 0.08320288 0.06726831 0.04914659 0.04090957 0.0641571 0.04673813 0.119239 0.08915412 0.05735197 0.04969145 0.05482706 0.07327732 0.06340823 0.05069751 0.0405001 0.03093022 0.03564752 0.06450853 0.0794597 0.1071508 0.08532412 0.1048295 0.08155386 0.03427726 0.03497743 0.05409896 0.04434837 0.06355742 0.0651494 0.06397138 0.05165391 0.02989653 0.04161537 0.055966 0.03697291 0.03131181 0.06023846 0.0612128 0.01200749 0.04942029 0.03603637 0.02353521 0.09549419 0.05830142 0.1049085 0.237731 0.1882782 0.1158983 0.1512647 0.1832505 0.1989803 
0.1572281 0.1016305 0.1482508 0.1146878 0.06393936 0.05476091 0.05674829 0.05213831 0.07797196 0.04522236 0.05190661 0.1295374 0.08812634 0.06669576 0.05608369 0.07356449 0.05072188 0.04068174 0.04689278 0.04522952 0.02833496 0.04883943 0.05866434 0.07145885 0.07537184 0.08225239 0.05538238 0.08123073 0.06352577 0.05930189 0.06550533 0.05858672 0.06681252 0.08695877 0.08354685 0.08616123 0.04240268 0.05850604 0.05763318 0.03424165 0.04947161 0.04328714 0.02659099 0.02175044 0.01876347 0.0348452 0.03126325 0.09401403 0.1321908 0.1344365 0.1805139 0.1285549 0.07070082 0.131872 0.1699292 0.1567476 
0.100299 0.1105819 0.1693638 0.108257 0.0557938 0.04630114 0.0570837 0.06181166 0.101046 0.06574069 0.09288542 0.1149432 0.112346 0.08466256 0.05239146 0.04151776 0.05434499 0.06030253 0.0500109 0.0525206 0.04829903 0.05511254 0.05984046 0.08604875 0.09485596 0.08933228 0.05943567 0.07737649 0.0832532 0.03725915 0.04244117 0.1072966 0.1198204 0.106486 0.1248814 0.1059468 0.07517355 0.07945497 0.06983396 0.09192341 0.1349043 0.09517737 0.03770396 0.02700373 0.05678945 0.026864 0.03806853 0.1255519 0.1427344 0.1542594 0.2222115 0.2224448 0.08886343 0.08755288 0.1185858 0.1601959 
0.1746998 0.1414105 0.1065299 0.1788786 0.09583353 0.06598954 0.06952927 0.0823267 0.1240749 0.2197778 0.1917144 0.1321329 0.09608483 0.06010086 0.04864288 0.03683989 0.05967662 0.07252441 0.1056349 0.09543091 0.06103551 0.03379432 0.06949127 0.06270798 0.1014267 0.0798532 0.08042863 0.06480765 0.0730442 0.06215859 0.07237113 0.1571089 0.1648874 0.2164136 0.1964206 0.1507249 0.08102467 0.06066899 0.05646637 0.1696909 0.2195005 0.1520776 0.1319629 0.1659697 0.100588 0.07687202 0.0786932 0.1155824 0.1446381 0.1665071 0.1497399 0.196559 0.1296842 0.1146315 0.1498225 0.1721503 
0.1146994 0.1465303 0.1264244 0.1317258 0.1208538 0.07669462 0.05979792 0.08897842 0.07858074 0.1490536 0.1277054 0.0792942 0.06621014 0.1022641 0.04379418 0.02492383 0.06080564 0.0709944 0.09347932 0.06493042 0.05863509 0.03619025 0.06810147 0.04870578 0.06403255 0.07413902 0.07653482 0.07573196 0.06281224 0.0771718 0.09485959 0.1390533 0.2279229 0.2343888 0.1946317 0.1632236 0.08675219 0.07169475 0.05311922 0.2075956 0.24967 0.1782032 0.2189967 0.2207156 0.1979405 0.1494348 0.1427926 0.1124339 0.1809067 0.2355973 0.2437066 0.1862077 0.1478367 0.1041665 0.1574426 0.1991559 
0.1536962 0.1843452 0.2070313 0.1586551 0.1277769 0.1049408 0.08703867 0.1257479 0.1010574 0.0908832 0.1034048 0.06856269 0.05452239 0.04237491 0.02860371 0.02278793 0.03976074 0.06059645 0.08993998 0.06304941 0.05110401 0.03892884 0.06695964 0.04778767 0.0562247 0.06612474 0.05818515 0.09200923 0.0607625 0.04060859 0.06588887 0.1176841 0.1953458 0.1806034 0.1007061 0.1205976 0.1252481 0.07648794 0.1105678 0.1834206 0.1872025 0.1584854 0.2163554 0.2290502 0.2523856 0.1951997 0.09677935 0.1409505 0.2643862 0.2505786 0.1656083 0.1012564 0.1346268 0.1338602 0.1931618 0.1461658 
0.1472074 0.1188317 0.1345562 0.1317794 0.09906968 0.08620228 0.07622679 0.08869997 0.1059222 0.1024191 0.06110189 0.0552649 0.04594277 0.02245346 0.009688222 0.01791015 0.03615373 0.05888789 0.09268408 0.06695544 0.06789544 0.07068907 0.06284027 0.07084002 0.06682348 0.04461741 0.05459316 0.06403693 0.04516117 0.02454745 0.05401664 0.07569399 0.1150095 0.1175217 0.07746684 0.1866501 0.1562478 0.08486763 0.09603292 0.2448884 0.1484767 0.1106612 0.113782 0.1535893 0.1882848 0.1251781 0.1091859 0.1499364 0.2005034 0.1554308 0.129185 0.1525192 0.143329 0.178685 0.2525763 0.1856481 
0.1486862 0.1720791 0.1426483 0.1410005 0.1059181 0.06195896 0.08236592 0.06570509 0.06526484 0.08001296 0.07796222 0.04051534 0.02237777 0.02908881 0.02941406 0.03409709 0.04226932 0.06461429 0.09425544 0.05559885 0.06876695 0.06145582 0.06282395 0.04805751 0.06405443 0.04567135 0.03199098 0.02339648 0.01479559 0.02369846 0.06337917 0.09993996 0.1642256 0.1178837 0.09018517 0.1875814 0.1566606 0.1329716 0.1406215 0.204337 0.1886015 0.1832682 0.1311572 0.1467573 0.1483808 0.1579677 0.1875587 0.1693239 0.1246507 0.1030934 0.04636995 0.09530469 0.1316296 0.1875011 0.1992861 0.3331665 
0.1084796 0.1267945 0.1450064 0.1581086 0.1074836 0.07760502 0.1292571 0.1158736 0.06572346 0.0673175 0.03339954 0.04133656 0.02613656 0.04759506 0.05770132 0.05803844 0.07417765 0.07394726 0.1070247 0.07131982 0.08527368 0.08659215 0.07714837 0.03590283 0.05416909 0.0340936 0.02726549 0.02755559 0.02428549 0.02956701 0.07444839 0.1308514 0.1600616 0.1197219 0.1218456 0.2644768 0.1721236 0.1323274 0.1190159 0.1714953 0.1749328 0.1498131 0.150814 0.1820824 0.1602492 0.1228942 0.1455516 0.1737023 0.1136254 0.1063494 0.07313898 0.09961569 0.115755 0.1852372 0.1583105 0.3273037 
0.09298445 0.1107691 0.09104643 0.1555679 0.1239948 0.1008628 0.107913 0.1079763 0.07620692 0.1233905 0.07493821 0.03489798 0.03743529 0.05913005 0.08209842 0.0651524 0.09017473 0.08117863 0.1350143 0.1220001 0.111246 0.07256993 0.0341652 0.02673815 0.03108558 0.0263186 0.03214075 0.02850049 0.01875453 0.01870736 0.04567021 0.09360147 0.1595543 0.1246835 0.08337328 0.1749601 0.1653938 0.1213105 0.1083483 0.1628807 0.147957 0.139237 0.1150487 0.174752 0.2082808 0.09676334 0.1090589 0.1640045 0.089961 0.1214518 0.05479898 0.06719136 0.1183604 0.1474945 0.1469936 0.158392 
0.09406252 0.09299997 0.06615285 0.1245808 0.1418558 0.1161878 0.1194784 0.08016954 0.1178583 0.2003056 0.1029745 0.06590702 0.0541864 0.06644798 0.100256 0.09278065 0.1096667 0.09985566 0.1495374 0.1482176 0.0781979 0.03913123 0.02710095 0.02114422 0.0117732 0.02986988 0.056837 0.03274752 0.01630614 0.01006086 0.03732459 0.1015224 0.09805536 0.07177253 0.08785769 0.1483209 0.1882512 0.1246034 0.1191137 0.1432186 0.1326843 0.1186217 0.1364485 0.1751804 0.2209539 0.118635 0.1409274 0.1659126 0.1835403 0.1919452 0.1123376 0.07811588 0.1317872 0.08663499 0.0745137 0.0721211 
0.1365071 0.1096573 0.1037043 0.1771126 0.1820886 0.1531688 0.1167409 0.09301285 0.102465 0.105767 0.1048459 0.0661331 0.05702967 0.04188208 0.05572932 0.05575329 0.09716246 0.08748233 0.1117307 0.1796449 0.09030525 0.07885679 0.0363448 0.008151356 0.01231065 0.01358329 0.02914987 0.01881588 0.006425429 0.005874038 0.03091876 0.02854793 0.08419122 0.05328188 0.04622868 0.1072392 0.2036951 0.168365 0.1375576 0.06704124 0.0370025 0.07162461 0.1216407 0.1074347 0.2157476 0.2252509 0.1370542 0.1180239 0.1398625 0.1582228 0.1502887 0.1073308 0.07814437 0.04149164 0.03743682 0.0446638 
0.1609473 0.1710392 0.1820678 0.2150758 0.179417 0.1214286 0.09030186 0.08953774 0.0817678 0.07345679 0.102354 0.08277526 0.05483277 0.0426553 0.03180191 0.0572031 0.07251564 0.1065598 0.05560792 0.05945215 0.06523571 0.1000566 0.03082947 0.008524251 0.00959963 0.01360363 0.006501643 0.02210998 0.003690005 0.005163268 0.008516898 0.02124225 0.03349999 0.03686314 0.04924073 0.09308298 0.1874373 0.1699598 0.1265406 0.093462 0.0238606 0.06101451 0.1059917 0.09343696 0.1488855 0.2791198 0.2507765 0.1128167 0.1189283 0.1524586 0.120085 0.09364333 0.06288978 0.02464366 0.01908982 0.03631304 
0.1588874 0.1480241 0.1599413 0.169057 0.189901 0.1923066 0.1154822 0.09087895 0.08069317 0.06602534 0.08924492 0.08479377 0.07995374 0.09647147 0.07271815 0.05580871 0.04369289 0.0412081 0.03087326 0.03205938 0.04176404 0.0314955 0.01712587 0.004688368 0.006506046 0.001726761 0.002933811 0.004259895 0.0007896877 0.00368145 0.00781875 0.03009386 0.02413919 0.03740673 0.05741192 0.1513978 0.1634897 0.1578747 0.1495033 0.1114417 0.0664381 0.1131271 0.1204868 0.147838 0.1273341 0.1687558 0.1293733 0.1480567 0.1458403 0.1528307 0.1150063 0.08643808 0.05573846 0.05044659 0.03591265 0.06210579 
0.1913801 0.150994 0.1340976 0.1597023 0.1714825 0.1949552 0.1340475 0.1138297 0.07719439 0.06168851 0.06419684 0.09624546 0.118585 0.129703 0.1266095 0.1058821 0.07522743 0.06314351 0.03096706 0.02452197 0.02343218 0.03420974 0.02509477 0.01197275 0.009491965 0.005150468 0.001036309 0.0006616802 0.002595748 0.004495542 0.001542571 0.01178012 0.02104523 0.01958823 0.02523068 0.03355495 0.04933225 0.03703179 0.1225119 0.07752875 0.06292471 0.07834864 0.09197029 0.1234579 0.1043913 0.1154182 0.1625791 0.1754979 0.1881195 0.1155729 0.09048821 0.05222363 0.07404101 0.05534093 0.06690439 0.05959906 
0.2369753 0.1933592 0.1792047 0.1886898 0.1543864 0.1481629 0.1338382 0.1321912 0.09060901 0.06843833 0.05668887 0.08746847 0.1404104 0.1346862 0.1261862 0.05826083 0.04614406 0.06455626 0.0379249 0.01865391 0.0269056 0.01864764 0.01601934 0.01782534 0.009513151 0.003949796 0.001432291 0.001325203 0.001285517 0.003430702 0.002652859 0.008702329 0.01097307 0.01647785 0.02472167 0.02611407 0.02167021 0.03697842 0.03650193 0.04454608 0.04217301 0.0651937 0.09467814 0.1024603 0.1162084 0.08503565 0.1351496 0.1288663 0.1187471 0.132669 0.08505133 0.05609059 0.06961513 0.07149315 0.08490448 0.02992853 
0.194034 0.1632557 0.1945074 0.1674249 0.1133684 0.1221318 0.1486296 0.1445505 0.1146638 0.06353731 0.07095073 0.09031571 0.1244667 0.1028153 0.1099394 0.05991761 0.06645674 0.06832067 0.04738709 0.02605931 0.02852898 0.02217739 0.006460948 0.01161398 0.00848449 0.00265656 0.0009958415 0.002234213 0.0008425341 0.002801551 0.002629826 0.008365235 0.01052347 0.01287084 0.02214034 0.01498277 0.0170681 0.03432845 0.04795888 0.03774755 0.06936941 0.08558261 0.1066709 0.1104167 0.09716935 0.1167925 0.18879 0.126753 0.1083068 0.07805059 0.06261644 0.1017424 0.053872 0.04545587 0.09221784 0.06584995 
0.1764635 0.1746054 0.1874336 0.1525238 0.1100497 0.139734 0.1906173 0.146681 0.08820985 0.05030165 0.05585397 0.08322997 0.08577698 0.0829294 0.1118605 0.08962388 0.08151028 0.06518437 0.03762363 0.02768352 0.0222412 0.008950231 0.004923763 0.007410192 0.02848438 0.004192313 0.005706294 0.002205783 0.001203668 0.002160777 0.002970879 0.01633566 0.01309501 0.01433498 0.01841135 0.01334177 0.01588368 0.01794272 0.028335 0.03803156 0.09265916 0.1069486 0.1032741 0.09822086 0.09926005 0.07712063 0.1610123 0.1300281 0.1201221 0.1147831 0.1049515 0.1120672 0.09351157 0.06975798 0.09103815 0.09708649 
0.2123593 0.2545594 0.2483885 0.177951 0.1646424 0.2250663 0.1893947 0.1212767 0.1043645 0.04579611 0.06206952 0.1008669 0.08456201 0.1023685 0.1065214 0.1000913 0.09088065 0.06102199 0.0384692 0.0329139 0.02959887 0.01731346 0.01007622 0.005901063 0.01201478 0.01714683 0.009546069 0.009961855 0.003442325 0.004262335 0.005389655 0.01157651 0.02092089 0.01825976 0.02005655 0.01434565 0.01722447 0.02586431 0.02022424 0.03421525 0.03935215 0.0570103 0.08661282 0.06989887 0.1050814 0.09612314 0.1149918 0.1134239 0.09747706 0.06398105 0.06006213 0.06039945 0.0959907 0.1458544 0.0912821 0.1440079 
0.3079183 0.2874807 0.2785808 0.2534983 0.2266612 0.2353781 0.1527646 0.1066964 0.06519049 0.04443032 0.07365266 0.1080005 0.1020626 0.1081801 0.1141978 0.09708805 0.07301458 0.07815114 0.07196515 0.05719412 0.04207619 0.02060244 0.008945015 0.007863267 0.008782343 0.008473334 0.007725343 0.008911061 0.00665309 0.007145846 0.01117959 0.01671955 0.0226923 0.02074433 0.04570411 0.05267612 0.04372202 0.04810978 0.04973609 0.05485059 0.06869565 0.08057474 0.09528474 0.1016815 0.0965107 0.1014546 0.09090502 0.08635961 0.09470638 0.06799991 0.0813865 0.06671277 0.09443904 0.1203568 0.1420445 0.206014 
0.3980389 0.293149 0.2634887 0.2618946 0.2568396 0.2207498 0.1521898 0.1142126 0.07462995 0.05211898 0.06931439 0.07179087 0.0668216 0.08606052 0.08314508 0.08890367 0.09804928 0.135244 0.09676828 0.06329642 0.04752901 0.04168694 0.02551627 0.02506488 0.01971374 0.01214403 0.005434784 0.008649113 0.01132494 0.01846652 0.01493216 0.01913863 0.02151521 0.03876206 0.05188419 0.06963336 0.05221494 0.0546161 0.06003326 0.07645964 0.1047662 0.09908899 0.08638339 0.07407994 0.07755993 0.08114425 0.1007493 0.09721003 0.1384206 0.09288613 0.1069437 0.08777691 0.1372792 0.1812284 0.2114931 0.2779507 
0.3966741 0.3097296 0.2376981 0.2116449 0.2384528 0.2880415 0.2433957 0.1772644 0.0688685 0.04354948 0.0446549 0.03920775 0.05525433 0.08454206 0.06936143 0.09501301 0.09831079 0.1242575 0.1338574 0.1017897 0.07470418 0.1010329 0.05147441 0.04981659 0.03021425 0.02195929 0.006217523 0.01697282 0.01064509 0.008166013 0.01296965 0.02129835 0.02101568 0.03419943 0.03379161 0.05628479 0.06221165 0.06467719 0.08215581 0.07577474 0.09188536 0.09884547 0.09355801 0.08186859 0.09783737 0.09196573 0.06830878 0.117671 0.1260978 0.122881 0.1124008 0.1759457 0.1966611 0.2394941 0.2860747 0.3170086 
0.3239995 0.2896163 0.2236538 0.2017014 0.1670447 0.2582148 0.3174347 0.2462724 0.1013579 0.02966466 0.03435707 0.03996513 0.05400872 0.09864242 0.06731416 0.09889989 0.08825146 0.1104952 0.1003998 0.1521731 0.08260132 0.08447465 0.04827261 0.05329158 0.05598931 0.03939213 0.02144161 0.02775899 0.04730884 0.01973785 0.02448388 0.02793313 0.02845326 0.04364485 0.03587687 0.05103469 0.06072447 0.07190013 0.08445325 0.07079286 0.09176334 0.09480821 0.1025867 0.1012363 0.1119174 0.09700519 0.07949296 0.1116674 0.1255346 0.1236434 0.13343 0.1472245 0.2500764 0.3075885 0.2743217 0.3806144 
0.2941243 0.3596112 0.2262862 0.1675295 0.1451262 0.2224078 0.2467126 0.2047255 0.07783802 0.02109251 0.04655598 0.07366358 0.07764234 0.1004391 0.06127952 0.07681465 0.09709369 0.1198505 0.1259537 0.17487 0.1059682 0.08133851 0.04966868 0.05486253 0.07059788 0.05213444 0.0354167 0.02645923 0.06098394 0.04709344 0.03541654 0.02406033 0.02269424 0.04482513 0.08732719 0.07986273 0.06876539 0.07999963 0.07762079 0.07361628 0.07450582 0.08586124 0.09948915 0.08650195 0.1058019 0.1262583 0.1550331 0.2011799 0.2108302 0.1698852 0.1534258 0.2060794 0.2707364 0.3267837 0.3011613 0.4921223 
0.261689 0.2878595 0.2201194 0.183413 0.1511627 0.1629646 0.1489625 0.1056489 0.05651724 0.0532117 0.07080022 0.08266287 0.08773528 0.07564472 0.04420249 0.0893339 0.08890805 0.09933714 0.09359693 0.08075022 0.07399288 0.07725602 0.04417332 0.06501278 0.05539557 0.05118915 0.04608513 0.05463632 0.05781907 0.05847453 0.05150282 0.02885399 0.03598076 0.03276745 0.05918716 0.1144938 0.08836155 0.08236401 0.0808078 0.07899364 0.08993679 0.09582109 0.1044175 0.1029968 0.1200894 0.1467102 0.1714073 0.2206367 0.1944056 0.2011844 0.2847154 0.3659674 0.3187837 0.3270152 0.268503 0.327728 
0.2060162 0.2198327 0.1606059 0.1701802 0.1104884 0.1135292 0.116166 0.06633622 0.0684014 0.04930814 0.07659642 0.1516724 0.1447871 0.08299112 0.06146044 0.06659912 0.1030637 0.1057789 0.09632553 0.07845154 0.08565229 0.1337269 0.09208737 0.09382743 0.09097845 0.0554444 0.05064189 0.09044898 0.06232582 0.09317013 0.08240134 0.08432414 0.0676318 0.1320879 0.1583505 0.1360579 0.1396727 0.09428872 0.09047444 0.100909 0.1044631 0.1088347 0.1061772 0.1028321 0.1164789 0.1093786 0.1454078 0.1861839 0.1577777 0.2233696 0.2549112 0.3607325 0.2993581 0.2761148 0.2158647 0.29837 
0.2044758 0.1947335 0.1589112 0.1965029 0.1518558 0.1805617 0.1070775 0.08705407 0.08017699 0.05402723 0.06045625 0.1111326 0.1043987 0.1067133 0.08932422 0.06416391 0.07295033 0.09471029 0.1678367 0.1674084 0.1269593 0.1731401 0.1320399 0.1261175 0.1354738 0.07881176 0.08911747 0.1428755 0.06267593 0.07657913 0.08242044 0.1173482 0.0988192 0.1087796 0.164654 0.1467802 0.156149 0.1255684 0.102974 0.107243 0.1055508 0.1041891 0.09078537 0.1067789 0.09833168 0.09065246 0.1233793 0.1646655 0.1547749 0.1591144 0.2503615 0.3250302 0.3117011 0.2066142 0.2314513 0.2895023 
0.1857726 0.1954924 0.1641657 0.2101041 0.1830723 0.1626534 0.159324 0.1741498 0.153011 0.1481216 0.2041372 0.1811992 0.1719143 0.1140176 0.1120318 0.08977846 0.0836172 0.09846907 0.1254209 0.1461282 0.1557198 0.2740748 0.2739127 0.1535199 0.1089377 0.09392995 0.118227 0.09774413 0.06029777 0.0802649 0.123496 0.156784 0.1285241 0.1423818 0.1873836 0.2059342 0.2194218 0.2285944 0.2071922 0.1422596 0.1301431 0.1215598 0.104769 0.06884 0.07894854 0.08772618 0.07571434 0.1143306 0.1123874 0.154017 0.1836111 0.2487409 0.1863747 0.1722044 0.1849301 0.2205688 
0.1961855 0.2162274 0.174222 0.1688583 0.1426184 0.1146498 0.1150329 0.1548721 0.1533652 0.1579552 0.2252999 0.2220945 0.1870441 0.1797547 0.09736128 0.1243266 0.1258137 0.1598513 0.1141585 0.1145995 0.1900244 0.2897467 0.3831783 0.248079 0.2052364 0.1474454 0.1692717 0.09568723 0.07136613 0.11376 0.1157767 0.2021851 0.1477911 0.1625171 0.1716286 0.2196053 0.2539354 0.2722427 0.2236811 0.153041 0.1402609 0.1255061 0.1055857 0.05984924 0.068973 0.06760357 0.05987994 0.06702138 0.1185025 0.09070197 0.09691221 0.1350132 0.1783406 0.2546231 0.196078 0.2543054 
0.2265069 0.2292772 0.1636066 0.1747435 0.1427123 0.08107567 0.08335659 0.1232973 0.1459992 0.07374898 0.1302313 0.1659532 0.1376737 0.1484378 0.09239377 0.07155791 0.0918033 0.1177542 0.1104422 0.09858564 0.1600958 0.1894686 0.1568166 0.1655997 0.2335883 0.2498704 0.1726096 0.1136458 0.1022124 0.1103324 0.1384447 0.2018689 0.1636994 0.1961989 0.2017022 0.239345 0.2768503 0.3061449 0.3226912 0.159402 0.1422502 0.1255704 0.1059826 0.06040259 0.0407768 0.04020504 0.04920875 0.09465288 0.08350333 0.08809441 0.07862519 0.1349472 0.1811581 0.2390405 0.2269071 0.230057 
0.2342679 0.2358164 0.1697597 0.1569264 0.07966235 0.0790589 0.07384548 0.114095 0.1474905 0.06847088 0.06975674 0.1686888 0.1480919 0.09339923 0.07256464 0.05883271 0.07285951 0.110526 0.1921061 0.1176475 0.1678299 0.1312634 0.1378668 0.1425643 0.1135009 0.1458616 0.1460115 0.1321186 0.08924211 0.1188785 0.1637528 0.1558446 0.1554686 0.1901886 0.2651122 0.2979537 0.3214757 0.3810622 0.3692825 0.2188474 0.1477102 0.1507219 0.1052209 0.05167438 0.04451422 0.03810961 0.08228316 0.1302643 0.1383872 0.1056844 0.06657778 0.1164149 0.1150093 0.1723624 0.145175 0.1342882 
0.2790004 0.1648709 0.1476954 0.09129569 0.06321607 0.06677813 0.1189731 0.2173923 0.1880266 0.09966245 0.08882396 0.1275556 0.1138774 0.1213731 0.07956909 0.06829147 0.1058729 0.1631857 0.231907 0.1738001 0.1380814 0.1545536 0.09743037 0.1001709 0.04544191 0.058019 0.1257668 0.1298955 0.09073104 0.1468491 0.1386183 0.1771115 0.1576656 0.1972828 0.232251 0.308745 0.3634563 0.3711783 0.3669906 0.2401446 0.1961143 0.2228896 0.1677618 0.0811713 0.1400258 0.0834652 0.1919303 0.2279607 0.1984908 0.186638 0.1270867 0.1273278 0.2223275 0.2058523 0.1535227 0.08229129 
0.2806194 0.1722047 0.0873182 0.0546972 0.04386716 0.04616002 0.1151136 0.1731153 0.1626535 0.1155944 0.09584748 0.1246819 0.1038216 0.1055327 0.07370284 0.09112509 0.1634074 0.1605466 0.1706221 0.1416574 0.1685646 0.1197565 0.08506587 0.05266524 0.06064656 0.08775435 0.1469571 0.1667314 0.1398782 0.1334486 0.103401 0.1742964 0.1714394 0.1977986 0.2625026 0.2950226 0.3429824 0.3595177 0.3558242 0.2128594 0.2401 0.2032907 0.1567432 0.1267128 0.1000574 0.1356341 0.261401 0.2201634 0.1688801 0.1087901 0.1823961 0.4401523 0.2833185 0.2012683 0.108009 0.06130115 
0.2428847 0.1405093 0.08071406 0.07802546 0.08630043 0.05947043 0.101623 0.1167613 0.126531 0.104121 0.06617377 0.135438 0.09943609 0.09037285 0.1272508 0.09476075 0.114882 0.1588021 0.1509264 0.1029576 0.1358579 0.1477364 0.07404794 0.09286263 0.08741549 0.2181026 0.1639943 0.1607591 0.1308885 0.1218264 0.09429028 0.1575593 0.1886082 0.1784406 0.2438612 0.2877971 0.292947 0.3095001 0.2815216 0.2049503 0.1958245 0.183434 0.1346254 0.05293871 0.04300414 0.0695313 0.1806485 0.2250841 0.1923659 0.131154 0.1463847 0.3284924 0.2985562 0.07792985 0.03673037 0.01333767 
0.2245839 0.1484307 0.1166021 0.1375936 0.137896 0.1101067 0.07904994 0.1035111 0.1142736 0.07634693 0.05918847 0.1131144 0.1197235 0.09977636 0.147569 0.1605712 0.1666947 0.1514848 0.12664 0.08930693 0.1040154 0.08220167 0.0617048 0.08950871 0.0836776 0.1974021 0.1219163 0.09156838 0.07581099 0.07683891 0.08816009 0.09816056 0.1825161 0.1244821 0.150943 0.2050312 0.209102 0.2186375 0.2186603 0.161703 0.1549525 0.1394753 0.1004953 0.05905086 0.03181684 0.07907472 0.1894192 0.2622575 0.2980863 0.190588 0.1025541 0.0705794 0.1238631 0.07956468 0.04640111 0.01371637 
0.2914169 0.1781775 0.1298818 0.1519518 0.1154731 0.07732326 0.06284203 0.08889461 0.1018031 0.09930114 0.076899 0.133893 0.1300567 0.0956175 0.126256 0.1980776 0.2217527 0.1911158 0.1215824 0.1305877 0.06350448 0.05130113 0.06692176 0.09167818 0.1105853 0.132268 0.1013305 0.07782555 0.05466041 0.02325952 0.02527337 0.05779168 0.04760325 0.06117857 0.07438469 0.08422416 0.09393664 0.1160372 0.1147285 0.137403 0.1027019 0.133138 0.0859282 0.03657623 0.05794687 0.03350203 0.025668 0.05672053 0.1680471 0.1768497 0.1298083 0.1146615 0.1066155 0.02487617 0.01025029 0.01139625 
0.3086998 0.2178081 0.1362308 0.1240436 0.0972852 0.06872497 0.07360829 0.1089115 0.1500144 0.13065 0.07874847 0.120244 0.118232 0.1283852 0.1429215 0.1943545 0.2190814 0.1868951 0.1222613 0.08789198 0.04509337 0.04858791 0.1364524 0.1019556 0.1233029 0.150676 0.1291783 0.09914939 0.06566808 0.03872474 0.04476871 0.05722142 0.04813742 0.06308274 0.06136066 0.06269046 0.08347348 0.09413268 0.1146733 0.1515615 0.138489 0.06580639 0.04038874 0.03047492 0.0207471 0.04536933 0.08688317 0.121557 0.1231793 0.09666058 0.1789058 0.1041727 0.05290668 0.0151909 0.007119714 0.03803184 
0.2298746 0.1940073 0.08593439 0.07406193 0.06582277 0.06301429 0.06855167 0.08806545 0.1096445 0.08330857 0.07995949 0.1202476 0.1171045 0.1192683 0.1634777 0.202571 0.1809801 0.1389675 0.09608491 0.05411322 0.0567516 0.06944933 0.1152216 0.1168849 0.1742354 0.1368183 0.0887531 0.07461251 0.04280633 0.02900282 0.03292793 0.04056686 0.02801906 0.04327334 0.03597141 0.06356558 0.06781693 0.06983415 0.05982581 0.05577206 0.05812139 0.04270714 0.04865371 0.07219643 0.02065942 0.07887042 0.1292358 0.08570842 0.03405781 0.1867593 0.155117 0.05184605 0.02626788 0.007906173 0.01699011 0.03616012 
0.2967571 0.1606088 0.06964915 0.06521358 0.06279159 0.06902707 0.05309857 0.07371736 0.111282 0.1041079 0.09738586 0.1114647 0.1121564 0.1183029 0.1612985 0.2228794 0.2175058 0.1320604 0.08159118 0.06118368 0.08931051 0.05548269 0.1105939 0.1466187 0.2957687 0.1225975 0.0729882 0.04778333 0.03196037 0.01515403 0.0134979 0.02699683 0.02678074 0.05085243 0.0226608 0.04010632 0.04851189 0.04500097 0.04327894 0.04897344 0.04839125 0.04784053 0.04394021 0.02855353 0.01855271 0.06067678 0.07436809 0.1355763 0.1339533 0.1718877 0.06966199 0.02169333 0.01324741 0.007179184 0.04353298 0.07070241 
0.2470985 0.1476033 0.06761646 0.1195433 0.07174044 0.08426319 0.06712054 0.09075268 0.1322183 0.1230988 0.112583 0.1119966 0.07217214 0.1032047 0.2479785 0.2543218 0.1477089 0.0974628 0.07674957 0.06175797 0.06837181 0.07408559 0.1246963 0.1125794 0.1043342 0.09732424 0.06439631 0.04170099 0.02360764 0.01593231 0.01099059 0.02240972 0.01739188 0.0134789 0.01281099 0.01663615 0.01815796 0.02623393 0.01865845 0.02738296 0.02949002 0.0415516 0.03695332 0.02366882 0.03178287 0.1243581 0.1914439 0.1580628 0.1243993 0.06835768 0.06587258 0.02134331 0.02827378 0.01428799 0.04590134 0.05504024 
0.2365793 0.1448295 0.0907409 0.1194501 0.07424769 0.07332592 0.06536757 0.09407455 0.1154322 0.09330355 0.08405873 0.1193165 0.07666741 0.1005789 0.2268551 0.2056171 0.1284297 0.1037774 0.05346783 0.04559599 0.04398594 0.06373668 0.1016869 0.1664155 0.1294421 0.09444213 0.05951465 0.02150321 0.01763475 0.01360504 0.00851172 0.01544093 0.01400729 0.007287751 0.007936688 0.01102498 0.01950282 0.03198696 0.01559702 0.02721373 0.02702542 0.02518801 0.06123824 0.05174282 0.04624397 0.140148 0.1026673 0.04184191 0.05550081 0.04496162 0.02424701 0.03952129 0.03814662 0.02766567 0.02154874 0.03159689 
0.2544421 0.1432181 0.0684959 0.0998465 0.08638629 0.06544204 0.07837991 0.1232229 0.105985 0.07767284 0.06759909 0.09955881 0.08181331 0.1071917 0.1512022 0.1269678 0.08792908 0.05613357 0.05693797 0.04556829 0.04505971 0.08933217 0.09502005 0.08861608 0.06978127 0.04431315 0.03365032 0.02239821 0.009828331 0.006095696 0.006436054 0.01385831 0.00661435 0.004458531 0.004974519 0.005111568 0.01973382 0.01458314 0.01864736 0.01531862 0.02408012 0.03740097 0.0350159 0.04300976 0.06580169 0.1120542 0.1009373 0.03141554 0.03350594 0.0869727 0.04954463 0.04987969 0.03605199 0.03698231 0.04219685 0.04842948 
0.2049835 0.112387 0.06803936 0.09611078 0.1094615 0.1206082 0.107587 0.1267333 0.07719464 0.05628075 0.07889093 0.0973077 0.0858257 0.06536329 0.1234644 0.1413094 0.0801251 0.03749683 0.04027304 0.04086392 0.04287295 0.04574352 0.06492888 0.05746419 0.05083174 0.02327815 0.01372903 0.01896701 0.00692846 0.01907307 0.01643837 0.005244542 0.006046299 0.003503955 0.01645854 0.09468301 0.1721807 0.01342904 0.01864856 0.02147432 0.03966315 0.05911309 0.03996854 0.0996801 0.1359011 0.1167436 0.148605 0.02865189 0.05833754 0.067022 0.07840368 0.06703182 0.05158632 0.09407813 0.09783528 0.06786215 
0.1609057 0.08728845 0.03870783 0.06293627 0.1194464 0.1158367 0.1097367 0.145047 0.1117779 0.09692739 0.08222374 0.08805828 0.05595474 0.0528698 0.09271359 0.08197444 0.06440627 0.06241237 0.03951218 0.02446514 0.02948056 0.01832669 0.02006952 0.02106368 0.04116073 0.01960313 0.01308114 0.01442639 0.03003096 0.03003222 0.007339075 0.008391 0.00447575 0.001500869 0.01892588 0.07247541 0.3643182 0.0627678 0.03905733 0.02709894 0.03818958 0.05908058 0.09420913 0.1273254 0.1265103 0.08782925 0.08153764 0.04423127 0.03716638 0.1239343 0.06378099 0.06912775 0.09344151 0.04553618 0.06207382 0.0546371 
0.1549756 0.07389905 0.03864283 0.06465161 0.08588524 0.08514801 0.07543468 0.1013612 0.09487393 0.139048 0.10762 0.05559835 0.04794519 0.03569212 0.05782456 0.07393671 0.06570631 0.06584988 0.01952298 0.01881018 0.01657745 0.01438764 0.01301051 0.01619056 0.01569868 0.01290914 0.01066133 0.006187771 0.0179123 0.01346297 0.01172745 0.0008329701 0.0008922926 0.001378801 0.003690103 0.0101377 0.02798358 0.06449817 0.04054606 0.06600674 0.08492678 0.04501826 0.1316001 0.1888077 0.1828465 0.1049936 0.1025115 0.07528581 0.06120823 0.06737468 0.06869626 0.05969706 0.06746624 0.04078694 0.02116804 0.02443548 
0.2408094 0.0810834 0.04838589 0.0362056 0.06093024 0.06000184 0.04307113 0.06922264 0.07155601 0.1076736 0.05147024 0.04303778 0.03702094 0.02482028 0.02698646 0.04994211 0.05490946 0.02482849 0.02308851 0.01141469 0.01165209 0.01109458 0.01062622 0.0127059 0.01222953 0.01082673 0.008482981 0.014527 0.002049694 0.001393702 0.02710221 0.0004246661 0.001066613 0.0004274461 0.00123652 0.008096174 0.01119101 0.020118 0.02386788 0.04192356 0.05600957 0.07631182 0.08408291 0.1304623 0.1175755 0.09416661 0.08354521 0.09313572 0.08038658 0.07094713 0.05443554 0.04592413 0.0312139 0.02925546 0.02087887 0.02721774 
0.1677914 0.06459675 0.05867853 0.04229911 0.06643713 0.07271355 0.03879945 0.03803505 0.04145242 0.06223455 0.04263309 0.02815212 0.01988143 0.03710224 0.02875461 0.03932082 0.02534783 0.01138433 0.009036153 0.01286573 0.01053341 0.009006212 0.01275358 0.0102066 0.00971705 0.01221199 0.03005478 0.00260201 0.0014302 0.0008440057 0.0005969889 0.0003437097 0.001064259 0.01519088 0.005231044 0.005863635 0.03045791 0.0498291 0.1080898 0.1207601 0.06880566 0.1023945 0.07434417 0.1099522 0.1159623 0.08885718 0.08033283 0.07429162 0.06975967 0.07976853 0.07445457 0.05671249 0.04989112 0.03304539 0.02938074 0.03012097 
0.08258202 0.04749015 0.05607925 0.04776069 0.07215846 0.06358445 0.07438798 0.05553639 0.03841821 0.03494342 0.02822008 0.01393265 0.02835588 0.04347957 0.02031434 0.0245017 0.02579556 0.0115518 0.009748991 0.01579694 0.01383824 0.01655184 0.01799348 0.01205835 0.05597553 0.01737974 0.004120929 0.0003769175 0.0001947469 0.002547732 0.00228025 0.0001974724 0.0001620073 0.0102131 0.0180297 0.008300781 0.007198258 0.04377611 0.1819285 0.1814407 0.05928094 0.05800637 0.05141402 0.08847964 0.09954885 0.09209574 0.06615372 0.05806332 0.064941 0.09005193 0.07383515 0.02241935 0.02330645 0.02733871 0.01762097 0.03540323 
0.1224726 0.08792204 0.04270887 0.06283142 0.07733671 0.05238583 0.05506831 0.06853887 0.05109722 0.03339031 0.03344159 0.01636519 0.01882494 0.01751896 0.01218305 0.01790326 0.01585777 0.006083535 0.00606155 0.008135842 0.01047553 0.007401066 0.009620001 0.03498692 0.002452386 0.002057535 0.001560973 0.0002062316 0.0005339767 0.0010751 0.002089334 0.0001355012 0.00389728 0.02747136 0.008878629 0.03521926 0.01043285 0.03031489 0.1215831 0.1886605 0.09827071 0.1429805 0.2393568 0.1314109 0.1027131 0.09179281 0.09604297 0.06939813 0.07418564 0.07956515 0.07815477 0.03254032 0.03016129 0.01927419 0.03592742 0.03983871 
0.1706357 0.1300646 0.05667915 0.0775009 0.06422241 0.05901781 0.06063948 0.06981774 0.06703656 0.0844868 0.0408535 0.03007668 0.02833463 0.02186922 0.0122347 0.03294314 0.02204428 0.004369648 0.004223018 0.00515163 0.005181275 0.004932178 0.006054598 0.004004735 0.001492503 0.001196308 0.0008856133 0.000445439 0.0003964847 0.001596853 0.0043906 0.001893036 0.006272543 0.01188423 0.01681718 0.07834872 0.03288978 0.05751573 0.1769648 0.1899052 0.1334187 0.1456172 0.182113 0.1053496 0.08429109 0.0977924 0.09981202 0.0844429 0.08102812 0.07841453 0.08689594 0.02298387 0.02616935 0.02729839 0.05201614 0.03278226 
0.1114137 0.1020967 0.08561943 0.1207612 0.08997601 0.07659571 0.06256422 0.0847593 0.09525369 0.08146022 0.04031762 0.02304433 0.02490187 0.02295449 0.02038081 0.03551819 0.03047453 0.003648282 0.003606834 0.004351193 0.007656232 0.007553135 0.007089204 0.008682326 0.004220308 0.002213218 0.0007171275 0.003385121 0.002951222 6.788437e-005 0.005000004 0.003711698 0.01218397 0.002746985 0.005293915 0.01395095 0.03949007 0.04221205 0.1044078 0.1223264 0.06373958 0.09111941 0.1318649 0.07559355 0.07551296 0.1171514 0.06729185 0.06006192 0.08059346 0.08681285 0.07680054 0.02350806 0.0191129 0.0246371 0.04665323 0.04552419 
0.07100405 0.08894752 0.1075292 0.153799 0.1090012 0.1140997 0.08910283 0.09449399 0.06783251 0.05914327 0.0551564 0.04651263 0.04151715 0.03946882 0.02568288 0.03491493 0.01409246 0.007756878 0.01313671 0.01792027 0.005066967 0.006965213 0.008350467 0.006029394 0.001101461 0.002593491 0.005388523 0.002725926 0.002965825 0.007350752 0.008711098 0.001065503 0.004010588 0.002780011 0.008985827 0.01305321 0.03174164 0.04935847 0.04889714 0.07999792 0.1012981 0.1626448 0.09413536 0.0599448 0.05777412 0.06614578 0.0681163 0.03036539 0.04189297 0.04302872 0.06255443 0.03782259 0.03995968 0.04689516 0.04258064 0.03016129 
0.04198147 0.0799818 0.09957547 0.1552234 0.1400981 0.09747292 0.09471983 0.112652 0.06972314 0.04439123 0.04539118 0.03699474 0.03758517 0.03657249 0.02584013 0.04152808 0.01964732 0.01243877 0.007567242 0.01031495 0.004878082 0.002261378 0.00857506 0.0009431608 0.0007506489 0.0005856582 0.02161609 0.001393754 0.005615486 0.008698256 0.0006740079 0.001344894 0.001814429 0.003373314 0.006050868 0.02800361 0.03385904 0.06636623 0.03683528 0.101013 0.1243941 0.1240959 0.09535177 0.0679598 0.09456041 0.108583 0.07204487 0.03776596 0.04875268 0.05393496 0.0598232 0.04750001 0.03850806 0.03645161 0.04068549 0.04229839 
0.08760276 0.1085478 0.07608596 0.1024044 0.1358439 0.1135113 0.1079987 0.09265002 0.06456248 0.06329791 0.03783707 0.03679648 0.0401309 0.01622614 0.01675111 0.01394323 0.01357657 0.006907766 0.00522517 0.002288899 0.002117871 0.001884995 0.009027547 0.000744848 0.0005631267 0.0004264827 0.0003304563 0.001309288 0.001340259 0.0004746835 0.0003614443 0.001672742 0.002634484 0.005206813 0.007119926 0.01016246 0.0660677 0.08053291 0.02656439 0.07161008 0.08713333 0.1032375 0.07277082 0.08515362 0.1367133 0.07645731 0.06556932 0.02895852 0.04227507 0.04229668 0.0497109 0.0325 0.02495968 0.03495967 0.03443549 0.03822581 
