ncols         56
nrows         54
xllcorner     28.264
yllcorner     -5.7719999999999
cellsize      0.25
NODATA_value  -9999
0.136224 0.1039506 0.08667365 0.08995987 0.08158386 0.04777932 0.06425884 0.07782745 0.08351007 0.06785122 0.09107377 0.1142626 0.09406627 0.06947794 0.07874046 0.07324509 0.07618567 0.05772474 0.07606477 0.08379122 0.08947998 0.1168839 0.1214667 0.09878528 0.1338838 0.1438267 0.198892 0.2325905 0.2453947 0.2344323 0.2198986 0.2005388 0.1601037 0.1157795 0.09327813 0.1478533 0.1804506 0.1881002 0.1261637 0.0761015 0.0434913 0.04342194 0.05038958 0.04769654 0.02418789 0.04093878 0.06958789 0.1371627 0.1227887 0.1632002 0.1665991 0.1487036 0.2136588 0.1411508 0.08725966 0.08343188 
0.145561 0.09573147 0.08481405 0.09413052 0.0888439 0.1066614 0.09759573 0.103712 0.07732902 0.07006633 0.05509396 0.07322271 0.06676003 0.05094442 0.06367491 0.06288976 0.06243839 0.06872533 0.07584605 0.09795822 0.1317606 0.1543186 0.1717861 0.1414567 0.1499714 0.1936106 0.2002724 0.2265961 0.2211539 0.2201571 0.1921718 0.2104364 0.1535604 0.1259698 0.1592199 0.2886429 0.197548 0.1724654 0.1048263 0.06242622 0.04951104 0.06406716 0.03482619 0.03148499 0.0180454 0.05220927 0.08486123 0.155989 0.1655822 0.2294711 0.187 0.09101002 0.1062069 0.1070073 0.08713222 0.1517068 
0.1433322 0.108819 0.1145369 0.1122618 0.09210436 0.07664519 0.08501604 0.08508307 0.08492807 0.06547152 0.06159488 0.1027715 0.1018407 0.08014718 0.06749213 0.07719638 0.06950967 0.08548222 0.1060492 0.1304357 0.1984227 0.2073527 0.2476358 0.1990275 0.1839761 0.1862332 0.22222 0.1997875 0.2104684 0.2526814 0.1964324 0.2074102 0.2690452 0.2473297 0.2477372 0.3344878 0.297531 0.219125 0.2079821 0.1475274 0.1003863 0.1040028 0.06693206 0.04694517 0.03554732 0.04055117 0.05806608 0.1357016 0.1684793 0.2257924 0.1539696 0.09730092 0.06877191 0.08199704 0.07547771 0.09547459 
0.1147997 0.1184138 0.116597 0.1598145 0.08386662 0.07937501 0.07832438 0.08887438 0.06513024 0.05617921 0.05096076 0.09886341 0.1048175 0.09609331 0.08091882 0.10584 0.102666 0.1137736 0.1610847 0.1750045 0.2258785 0.2093943 0.2155029 0.2493268 0.2537752 0.2477278 0.2540312 0.2547847 0.1987099 0.1984716 0.1833332 0.2831822 0.375943 0.4111526 0.3452229 0.3728314 0.3350401 0.2134143 0.1139833 0.1717492 0.1830328 0.1836256 0.1443269 0.1243431 0.1415186 0.1084194 0.1345749 0.1327268 0.2128914 0.1985654 0.1418104 0.1405966 0.06794937 0.03969064 0.05821535 0.05449677 
0.144252 0.1473182 0.1301189 0.09719476 0.06152586 0.06789541 0.07601642 0.1682067 0.09990659 0.05506842 0.07102946 0.1041103 0.1112439 0.09942351 0.09348422 0.09779494 0.09788899 0.1184705 0.2039799 0.2178806 0.2209064 0.2038956 0.2153511 0.2468161 0.2293253 0.2286387 0.2354751 0.202745 0.1640271 0.1643609 0.2195835 0.3273494 0.5194281 0.5196987 0.3890449 0.3618125 0.2888112 0.1886093 0.1459641 0.2015235 0.2253646 0.2175712 0.1763142 0.161159 0.1823882 0.1686178 0.1762034 0.1632298 0.2180654 0.2454359 0.1912339 0.1921606 0.1292923 0.06726757 0.04449668 0.05267495 
0.1087619 0.1327979 0.1638709 0.1143199 0.0966955 0.1408325 0.1098797 0.1231402 0.1100583 0.08129207 0.11648 0.1187041 0.1097508 0.09003061 0.0634675 0.1290605 0.1012304 0.1260263 0.2069976 0.2193589 0.1893911 0.2019178 0.2037935 0.2076563 0.2578233 0.2583359 0.1934181 0.1745686 0.1800503 0.1630361 0.1984195 0.2998036 0.3870502 0.3575207 0.2885896 0.3105593 0.2138939 0.1637102 0.1479134 0.2417245 0.211819 0.167519 0.1512082 0.1532622 0.1866237 0.1888436 0.1838306 0.1593046 0.1799435 0.1482689 0.1777122 0.1514431 0.1151312 0.1336996 0.06123049 0.09461512 
0.1629073 0.1632765 0.2091412 0.174025 0.191996 0.1551969 0.09914259 0.1041379 0.1239988 0.08553622 0.1096433 0.129487 0.1021216 0.09181285 0.06182671 0.08350404 0.12275 0.136504 0.1578174 0.1216218 0.1197367 0.1406128 0.1470298 0.172237 0.1589325 0.1727056 0.1593136 0.1763529 0.2200296 0.2151508 0.2461325 0.2093218 0.2136148 0.2262255 0.1983137 0.2642528 0.1955615 0.1745031 0.1543348 0.2599064 0.2483706 0.1420947 0.1274911 0.1310442 0.1648488 0.2046239 0.1816832 0.1881463 0.1850558 0.2593008 0.2233912 0.2150362 0.1299791 0.1799257 0.1734537 0.1608119 
0.1758646 0.1995768 0.2142947 0.223115 0.2536089 0.1727227 0.1489465 0.1465549 0.137621 0.1077297 0.1461503 0.1666993 0.1357331 0.1157631 0.06356383 0.06013022 0.09403263 0.09938233 0.09020214 0.08351992 0.07565296 0.09621292 0.08672996 0.1212646 0.1295299 0.1430694 0.1400425 0.1578917 0.1868619 0.1872568 0.184582 0.2496245 0.2529233 0.2145964 0.1894248 0.2124855 0.2126019 0.189548 0.1600997 0.2108605 0.2305829 0.197058 0.1541391 0.1484321 0.1826762 0.2198695 0.1863884 0.1514389 0.205854 0.2569093 0.2168291 0.192551 0.1188377 0.1006401 0.1523221 0.1476592 
0.191754 0.2248946 0.2951741 0.3531268 0.190628 0.166666 0.2032648 0.1816798 0.269646 0.136471 0.118794 0.2063547 0.1431383 0.08373775 0.05587694 0.05467142 0.0816111 0.08599935 0.1102337 0.11437 0.09675384 0.08056816 0.08670528 0.08578357 0.07154978 0.1044957 0.09238596 0.09692294 0.1014477 0.113253 0.1328773 0.2518563 0.2805675 0.2099919 0.2190648 0.2572785 0.2131745 0.164582 0.149262 0.1357806 0.1986005 0.2327723 0.1635301 0.2202169 0.2143982 0.1715379 0.2044614 0.2224052 0.2527379 0.2881577 0.3279541 0.2358662 0.1445598 0.08202949 0.1498386 0.16696 
0.4918679 0.3163878 0.3415528 0.2381825 0.1608224 0.1811822 0.2117807 0.2201057 0.230147 0.156626 0.1157899 0.1334023 0.1333031 0.09280568 0.04629835 0.07331299 0.07861681 0.06569054 0.07348611 0.1239469 0.08962888 0.06550594 0.07629033 0.07636032 0.05947504 0.07606205 0.07467136 0.102593 0.1083483 0.08864225 0.1116402 0.2093088 0.2648301 0.1947981 0.2078515 0.2770213 0.2136775 0.1691415 0.1038003 0.1169359 0.1282691 0.1895172 0.2168498 0.2155752 0.2098933 0.1647468 0.1536376 0.1643352 0.2151798 0.2219026 0.2264116 0.2123665 0.1552092 0.1012116 0.1029729 0.1230494 
0.3349163 0.2766002 0.2253409 0.2116711 0.2124121 0.2329182 0.1865764 0.2452064 0.1610416 0.1937085 0.2425574 0.1684171 0.1249347 0.144627 0.09487747 0.09568784 0.1164949 0.07936392 0.1057353 0.109189 0.08728094 0.0817882 0.05130842 0.03344047 0.03536137 0.04226175 0.06183673 0.07645833 0.09394723 0.07354844 0.08876085 0.1500685 0.1839089 0.1999271 0.1833874 0.2744768 0.2503673 0.1650008 0.1408754 0.1365606 0.1605739 0.2082469 0.2373665 0.2029336 0.3125655 0.1939759 0.1637104 0.2130975 0.2502335 0.1966849 0.2197213 0.1496484 0.1104937 0.0618057 0.067104 0.07333402 
0.303442 0.3945148 0.4181337 0.3121088 0.3725081 0.3655145 0.19681 0.2421616 0.2581334 0.2419925 0.2605569 0.1627688 0.118747 0.1676625 0.1283641 0.1710857 0.1243233 0.1107851 0.08784927 0.08285469 0.07090183 0.06593405 0.05597914 0.04174008 0.04823181 0.05025951 0.06043097 0.08728039 0.08662053 0.07168535 0.09240689 0.1277088 0.1824122 0.2073997 0.1471679 0.219575 0.2731759 0.1680602 0.1588129 0.1366306 0.1328638 0.139497 0.121267 0.09992961 0.2150504 0.1498194 0.2309886 0.1772063 0.1777351 0.2091424 0.2813284 0.1760048 0.1028709 0.0861599 0.125022 0.07939503 
0.3499393 0.6293764 0.3878288 0.3464411 0.507138 0.4255819 0.2520663 0.1884816 0.2529821 0.2705175 0.2893487 0.2048356 0.1942016 0.1730064 0.1927873 0.1722729 0.1823567 0.1533392 0.216189 0.1047793 0.08183818 0.06394667 0.04525177 0.04994135 0.05166736 0.05330367 0.0574153 0.04450197 0.04355155 0.04481329 0.0600492 0.1082573 0.14438 0.1645788 0.1094426 0.1587111 0.2180294 0.2016166 0.1406256 0.09469257 0.1050834 0.09664214 0.1084868 0.09146394 0.1084573 0.144733 0.1361665 0.1604974 0.1093801 0.1251228 0.3818998 0.2673957 0.09174735 0.06807775 0.08687115 0.06681159 
0.3417563 0.3336421 0.2741452 0.2591419 0.272918 0.2720361 0.2519694 0.2464859 0.29 0.3921838 0.2953595 0.2241507 0.2228268 0.1683774 0.156447 0.2063686 0.203303 0.1939 0.1261446 0.1486104 0.1088972 0.06370047 0.09575307 0.1131509 0.09471681 0.06399306 0.04995286 0.040908 0.02414504 0.04375641 0.06029227 0.1232936 0.1230592 0.1097199 0.1236822 0.1449821 0.1552396 0.2337631 0.1546607 0.1317847 0.1651841 0.1948705 0.154585 0.1481088 0.1170267 0.1056472 0.1068987 0.172861 0.1044181 0.1255167 0.1373829 0.1418664 0.1646868 0.07525783 0.05501505 0.04340289 
0.2990959 0.3077494 0.2148702 0.3465659 0.2701647 0.3032053 0.2470046 0.2375995 0.2442539 0.279135 0.2557774 0.2612488 0.2115284 0.1725771 0.180836 0.2318683 0.3063272 0.3228041 0.2506029 0.2051917 0.1627621 0.06985155 0.08753015 0.09531802 0.05981488 0.05526368 0.04773355 0.03524315 0.03097445 0.04912598 0.08567815 0.1376301 0.1545033 0.1216865 0.1168455 0.1370457 0.1036 0.1209844 0.1299673 0.1303825 0.1505861 0.217031 0.1820535 0.1058335 0.1137015 0.1907675 0.1578992 0.08732074 0.1018589 0.1206221 0.2099076 0.1145325 0.09714407 0.06790674 0.09676188 0.07071464 
0.3932371 0.3387406 0.3293512 0.4972191 0.3690259 0.3288482 0.300485 0.2230963 0.3549276 0.3552081 0.3357457 0.2752501 0.2113678 0.2015475 0.1697513 0.1776299 0.2663686 0.268092 0.2493452 0.1909345 0.1454082 0.09133256 0.07708372 0.06117245 0.04955447 0.03400654 0.05534634 0.08700722 0.08718761 0.1121592 0.1476671 0.1756675 0.1394274 0.1339522 0.1087769 0.1023806 0.1013817 0.1206449 0.1139349 0.1100692 0.1437417 0.2095177 0.2755694 0.122129 0.1086 0.1670063 0.1760722 0.1342017 0.1368367 0.1438706 0.2966737 0.124456 0.08315393 0.07799017 0.1631296 0.1338923 
0.5702676 0.4255434 0.5329102 0.5601912 0.4771925 0.3708808 0.3016882 0.3154458 0.3684534 0.2678598 0.2383876 0.2457452 0.2135816 0.2281263 0.171711 0.2470725 0.236442 0.2256999 0.187978 0.179782 0.1785878 0.1444498 0.04913427 0.04688798 0.0639377 0.04702155 0.05168479 0.1332773 0.1040077 0.1189003 0.1467409 0.1626662 0.1430301 0.1196168 0.09767475 0.1036263 0.1133331 0.1170401 0.1455822 0.1335384 0.1370269 0.2397452 0.257244 0.1196094 0.09958085 0.1239049 0.09814416 0.1192632 0.2133734 0.2027662 0.1470531 0.1101012 0.08729531 0.1108244 0.07729425 0.09173043 
0.6394283 0.4713955 0.4411242 0.4651408 0.4611016 0.5084035 0.3173087 0.2673737 0.3215074 0.2152635 0.2026799 0.1787215 0.2443029 0.2986513 0.3994562 0.4865499 0.310798 0.3077994 0.2370296 0.2133693 0.1672469 0.1066189 0.04837784 0.05425626 0.07516669 0.07037405 0.07016893 0.14757 0.1164982 0.1129693 0.1328159 0.1698206 0.1547423 0.1340101 0.1111305 0.0841458 0.07737899 0.1400859 0.1773954 0.1526393 0.1445301 0.1680345 0.1641339 0.165663 0.1382068 0.1477486 0.1090443 0.09581064 0.1248116 0.1308006 0.1888894 0.1424783 0.1562874 0.1741141 0.1003242 0.09083576 
0.6654194 0.5261772 0.4291212 0.3972827 0.3624592 0.3558614 0.3130437 0.2839256 0.2052827 0.1317431 0.1239297 0.1661483 0.2096195 0.2650157 0.3253745 0.32227 0.2543981 0.2866292 0.2701992 0.2264452 0.1890779 0.1025074 0.07542969 0.04442232 0.05830815 0.07239643 0.08830415 0.2241087 0.1278471 0.1227196 0.1246991 0.1337078 0.1499609 0.1305159 0.1182036 0.1197734 0.09773745 0.09450878 0.1173214 0.1088105 0.1443494 0.1818511 0.2113447 0.2482858 0.2953134 0.1721949 0.1726483 0.1747246 0.1675991 0.1723115 0.1709993 0.09554487 0.1479522 0.1539595 0.09275735 0.09885839 
0.6079389 0.4636632 0.5257619 0.5244755 0.4244696 0.4769281 0.4640884 0.2246347 0.1998837 0.1422683 0.1160331 0.1503522 0.2166738 0.2749385 0.2682057 0.366775 0.351311 0.2175081 0.2328355 0.197533 0.1911411 0.07428647 0.05816025 0.08228125 0.07836363 0.0661397 0.06256611 0.1166361 0.1136054 0.1327494 0.1365905 0.1428769 0.1740413 0.1756183 0.1625527 0.1462561 0.1133737 0.1080414 0.1267228 0.1456653 0.1867007 0.2017679 0.2353176 0.2924101 0.2470252 0.1899809 0.1198001 0.1134689 0.1531527 0.2026711 0.1885506 0.1220871 0.1140936 0.1763968 0.143542 0.1215913 
0.6159652 0.4832139 0.4791206 0.5114816 0.5096446 0.4967707 0.4207776 0.2915758 0.2510934 0.2134809 0.1555147 0.1489951 0.1694981 0.2563976 0.2536688 0.4326713 0.3085156 0.2617201 0.331668 0.2398743 0.1815504 0.09446745 0.1319845 0.1247972 0.1003829 0.08025556 0.05354718 0.1093076 0.1210867 0.1294581 0.1429496 0.1504886 0.1662233 0.186469 0.1716756 0.1785473 0.1420221 0.1263644 0.1147889 0.1133754 0.1845191 0.244458 0.2182289 0.2118955 0.1663976 0.15059 0.2067694 0.1461612 0.1759023 0.2203566 0.2191184 0.1290425 0.1274117 0.2455282 0.2310279 0.1590478 
0.5585306 0.5182749 0.4788525 0.5809908 0.4909649 0.4010385 0.3023145 0.3272905 0.2434279 0.2317416 0.1197576 0.1171492 0.1550277 0.2129092 0.2550843 0.2499398 0.2412707 0.2529525 0.3053679 0.2912295 0.1615325 0.12219 0.1412139 0.1414499 0.1096727 0.0907281 0.07015473 0.1512007 0.1224227 0.1353971 0.1537191 0.164843 0.1409132 0.13813 0.170905 0.1561603 0.1536415 0.1724918 0.1633552 0.1338518 0.1880681 0.2225591 0.3146468 0.1985083 0.1375589 0.1444575 0.2552981 0.1713377 0.1613777 0.153083 0.1680901 0.1128494 0.1281523 0.2760196 0.2177421 0.1663984 
0.5259715 0.4710173 0.5000113 0.5419011 0.4119011 0.3904001 0.2678744 0.2136489 0.1714309 0.2361341 0.1520324 0.1540001 0.1198542 0.211034 0.3626359 0.1872323 0.1998136 0.289593 0.2754346 0.2767597 0.2682711 0.1706202 0.1130478 0.1559753 0.1435836 0.1166888 0.07969208 0.1663731 0.1734864 0.1467263 0.1360178 0.1585477 0.1603516 0.1690591 0.1702787 0.1399579 0.1557644 0.1513987 0.1886541 0.1744499 0.1595966 0.1827318 0.1829316 0.2160309 0.1849857 0.1427351 0.1995877 0.1592732 0.1199158 0.1544259 0.1506013 0.117601 0.1108294 0.2105872 0.210227 0.1810425 
0.5472714 0.598914 0.4687987 0.4784564 0.3878038 0.2843782 0.1683172 0.1787714 0.1747269 0.2222403 0.2975862 0.3021058 0.1708195 0.1734291 0.2451595 0.2160689 0.2697857 0.3441337 0.3803743 0.3252994 0.2782634 0.2293577 0.2079274 0.1765411 0.1503945 0.1390426 0.0981033 0.1446636 0.1571811 0.1315081 0.1119529 0.1425506 0.1358117 0.1294342 0.1231681 0.1963367 0.1779684 0.1828696 0.1912235 0.1776577 0.1551425 0.1658045 0.171465 0.1974396 0.2077206 0.2086533 0.2443054 0.1680005 0.1752976 0.1392867 0.1856614 0.1933508 0.1216791 0.1664183 0.1969863 0.1965872 
0.5289848 0.5897842 0.4420689 0.360391 0.2839725 0.1991411 0.2686349 0.1260307 0.1652 0.2115656 0.2022583 0.2741281 0.2086516 0.2000862 0.3168713 0.2922901 0.2552129 0.2694567 0.3915953 0.4111368 0.3232154 0.3049282 0.3834836 0.2404881 0.2060155 0.1600286 0.124714 0.169304 0.1608079 0.1281612 0.1350823 0.171716 0.1230583 0.1500023 0.143097 0.2059338 0.2724584 0.2571802 0.2070242 0.2183382 0.1676867 0.1666576 0.1855286 0.239384 0.2596971 0.2173423 0.1998095 0.1432049 0.201423 0.1985462 0.2600267 0.2109585 0.1457403 0.188101 0.2118504 0.1687037 
0.5948802 0.5472031 0.3817057 0.2953049 0.2838222 0.1191082 0.1259748 0.1661033 0.2190868 0.101494 0.1434761 0.2453449 0.1814308 0.2240946 0.4096195 0.3165818 0.3359221 0.439478 0.479809 0.5256684 0.47673 0.3638096 0.4274857 0.3093077 0.2507705 0.160193 0.1062166 0.1515849 0.16971 0.1578146 0.1454831 0.1437719 0.1431973 0.2082786 0.2431877 0.2694242 0.3116557 0.2699952 0.2745261 0.221017 0.2067434 0.169985 0.1819111 0.2225059 0.2752995 0.2314747 0.2294624 0.1976134 0.1727496 0.1778167 0.2140886 0.1978789 0.1760211 0.1883223 0.2783578 0.1524518 
0.5287758 0.5120832 0.3804747 0.3242471 0.34008 0.1687915 0.1661397 0.1300316 0.1066546 0.1615623 0.1202672 0.2138502 0.1697046 0.2110249 0.2863701 0.4007933 0.3538215 0.3859627 0.3739107 0.4029757 0.430286 0.3138849 0.3963066 0.2974944 0.2438424 0.1396507 0.1336476 0.1579543 0.1427348 0.1480876 0.1281584 0.1850649 0.1716132 0.2034476 0.21603 0.1918142 0.1904844 0.2506594 0.2738262 0.2751912 0.2387856 0.2130938 0.2126445 0.1682521 0.1813676 0.2131024 0.2103085 0.2304806 0.2181938 0.329905 0.2202529 0.2063823 0.224652 0.1905389 0.2095121 0.2140326 
0.3682833 0.4983173 0.4739011 0.4418488 0.2724732 0.1884169 0.1764309 0.196011 0.1381025 0.1065591 0.1684543 0.4486685 0.3924883 0.2968281 0.4235936 0.5471281 0.4763006 0.5484768 0.4384935 0.3627147 0.3507793 0.2873369 0.3702238 0.2852178 0.2296953 0.1837736 0.1562012 0.1521023 0.120156 0.1341468 0.1417934 0.1544353 0.1164644 0.1138612 0.1459033 0.1647995 0.20392 0.2335465 0.2776556 0.2904241 0.299656 0.351254 0.3023305 0.2153177 0.2269879 0.246099 0.1862651 0.1947224 0.2157009 0.3038065 0.2869624 0.2094298 0.1783319 0.1549 0.1614971 0.2247538 
0.3954326 0.6278771 0.5783024 0.3803295 0.3503068 0.1501755 0.1717805 0.136795 0.1402876 0.1574246 0.1355153 0.3576172 0.2274883 0.2149212 0.3066584 0.3730271 0.3040601 0.3483174 0.3981846 0.3154656 0.3416169 0.3159519 0.4040977 0.3186272 0.2781245 0.2497315 0.1673809 0.1645255 0.1340774 0.1206865 0.1040962 0.1226762 0.1025891 0.09950495 0.125917 0.1826003 0.2119156 0.2590552 0.2890531 0.2401259 0.2512378 0.3078892 0.3019577 0.2407697 0.1782767 0.1774218 0.1878909 0.1548212 0.1924944 0.280071 0.2355421 0.1747909 0.1491661 0.1836569 0.2587723 0.228755 
0.5495416 0.4830884 0.2621899 0.2063817 0.1669173 0.09349653 0.1095924 0.1114895 0.1371381 0.09006761 0.1679005 0.201378 0.1880377 0.1551494 0.1766064 0.2335817 0.2573872 0.2901127 0.3154298 0.3560804 0.2677738 0.2224954 0.2290546 0.3309231 0.3377909 0.2795621 0.2431369 0.1906628 0.1575724 0.1470668 0.1205817 0.1170693 0.107297 0.1189229 0.1413478 0.1799215 0.2237048 0.2921946 0.3097432 0.2941778 0.2332789 0.2080908 0.2143496 0.1955923 0.1395019 0.1134129 0.1537717 0.1461676 0.1772138 0.2187886 0.1837562 0.1577424 0.1510871 0.1401605 0.2076479 0.1743371 
0.4765921 0.3616992 0.3844413 0.1793385 0.085395 0.07935712 0.1139546 0.1440476 0.2277662 0.104404 0.1140893 0.1827249 0.1813976 0.2089889 0.2267852 0.2771043 0.3363826 0.3983746 0.5012948 0.5026873 0.441005 0.3288466 0.2619571 0.2451632 0.2392476 0.2992187 0.2623549 0.2630942 0.1781227 0.1405129 0.130713 0.1392748 0.1212893 0.1093952 0.1634844 0.1866549 0.2555065 0.30309 0.3559441 0.4160572 0.2689936 0.1974942 0.1894189 0.1532557 0.1961014 0.1888318 0.1158755 0.1193142 0.1449203 0.1449859 0.1817578 0.1735213 0.1814775 0.178881 0.1556764 0.16561 
0.4329787 0.3583309 0.2263964 0.1193935 0.05311351 0.04927244 0.08124835 0.1961085 0.1762953 0.1449431 0.1207854 0.2113885 0.2326635 0.3145035 0.4219753 0.5030659 0.5825534 0.558818 0.5374377 0.5417726 0.4840384 0.3759066 0.2625272 0.2325491 0.243486 0.2245419 0.1977313 0.2746019 0.1749756 0.1124303 0.158544 0.1544897 0.1326322 0.1103875 0.1261698 0.2432743 0.3044929 0.3773222 0.4210942 0.4647572 0.2413063 0.1975861 0.179626 0.1410438 0.2137657 0.2837768 0.1940385 0.1635906 0.1903831 0.1833438 0.1831 0.1901627 0.1860463 0.153842 0.1608023 0.09605932 
0.4133719 0.2277289 0.1535551 0.1257589 0.07376352 0.07944565 0.07224236 0.1525005 0.1172723 0.1285958 0.143211 0.255188 0.2804758 0.4236425 0.5536125 0.5702147 0.6022499 0.4886869 0.5156887 0.5067888 0.479273 0.3657218 0.2772177 0.2390241 0.2350271 0.2277163 0.2216003 0.2998302 0.2403448 0.1415601 0.1315488 0.1379197 0.1445657 0.1217393 0.1354219 0.2881273 0.3608201 0.393155 0.4307581 0.3825152 0.1705551 0.1868488 0.1894548 0.1658597 0.1959227 0.2180666 0.1664533 0.1409251 0.1603289 0.1991708 0.1935815 0.2033409 0.2336822 0.1688277 0.1567655 0.06005623 
0.4184531 0.1573515 0.09381697 0.1080817 0.08628424 0.1140855 0.1362371 0.1315976 0.09215679 0.1128267 0.1587546 0.2295395 0.2759324 0.3440092 0.5318472 0.5158784 0.5012934 0.5091042 0.4865516 0.4137995 0.3855357 0.2449973 0.179934 0.1953645 0.2337933 0.301234 0.2265378 0.3273011 0.2801519 0.1420293 0.1242734 0.1193383 0.1231439 0.1344462 0.1616122 0.2639658 0.3381445 0.3528391 0.3414161 0.2891784 0.267013 0.2044289 0.2067793 0.1551322 0.1835886 0.1566274 0.07742254 0.08634665 0.1761442 0.1864824 0.2122578 0.1887533 0.1486735 0.1259869 0.138957 0.04027157 
0.3355653 0.1855613 0.1463348 0.1372789 0.130937 0.1367311 0.1010854 0.1213248 0.08802972 0.1069658 0.166077 0.1949088 0.2504565 0.3880744 0.5507898 0.4872415 0.5251322 0.5141574 0.4019003 0.3317893 0.3480406 0.2159916 0.1523996 0.1517966 0.1983718 0.2490531 0.1738799 0.1833017 0.1320769 0.1188852 0.1297646 0.125875 0.1381589 0.1406289 0.1830328 0.2841546 0.2939807 0.2576523 0.2817963 0.2597643 0.2605922 0.2525208 0.2113308 0.1323401 0.1334295 0.144681 0.1041442 0.09880967 0.1393253 0.1229089 0.1243115 0.1416042 0.1616528 0.1102388 0.05039471 0.04691387 
0.3894728 0.2656056 0.2078774 0.2423344 0.2340463 0.1846401 0.1062591 0.1734722 0.1435086 0.1711753 0.1931154 0.2206507 0.3308158 0.462433 0.6095113 0.5255109 0.5102949 0.5620838 0.4872023 0.3024981 0.3022992 0.1944769 0.144335 0.1497753 0.1787026 0.2175189 0.08234436 0.07985558 0.05007531 0.08922499 0.09927125 0.1105532 0.09871725 0.1413854 0.1707624 0.2422376 0.1888582 0.1754128 0.2657559 0.2984405 0.3304567 0.3441902 0.2336517 0.1096395 0.1202926 0.08852526 0.05729593 0.09974597 0.07595842 0.07098406 0.1716493 0.1305285 0.08538072 0.07557625 0.02799469 0.02413724 
0.4122776 0.2856056 0.1982648 0.3054316 0.2288535 0.1389022 0.1943835 0.1674938 0.1360236 0.121473 0.1574298 0.2580279 0.3566172 0.4625147 0.5807849 0.5291996 0.4983848 0.5026437 0.4867663 0.3543513 0.3098111 0.2146101 0.1099091 0.1784768 0.154227 0.1447695 0.1000278 0.1098124 0.09341924 0.08746382 0.1127077 0.1422832 0.1057545 0.1097759 0.1258774 0.1614438 0.1716718 0.1466882 0.1764082 0.2258966 0.2669114 0.2347037 0.157981 0.07515432 0.05020428 0.03451384 0.08346853 0.1135792 0.06282569 0.1159928 0.1426692 0.1318465 0.09430106 0.0236385 0.02205608 0.02921115 
0.3538267 0.2696978 0.1879585 0.1362983 0.1428765 0.1224335 0.1448602 0.1804844 0.1483073 0.1658939 0.2047992 0.2396104 0.3530627 0.4032672 0.636353 0.4836304 0.4788874 0.444521 0.4699772 0.3096977 0.2364941 0.1495233 0.117477 0.1784794 0.1638256 0.1413904 0.09899317 0.1336447 0.09301258 0.09257706 0.1261621 0.1320934 0.1198403 0.1234089 0.1027763 0.153619 0.1860154 0.1312613 0.1147478 0.1356128 0.1687378 0.1563767 0.1495209 0.08385533 0.06152821 0.03979036 0.08946109 0.1238882 0.1319967 0.168484 0.1313557 0.1207424 0.05344479 0.01857721 0.04934224 0.01979226 
0.3034966 0.1860077 0.1253486 0.1181553 0.1170827 0.1022319 0.09871261 0.1333215 0.1517117 0.1508019 0.1858326 0.2176428 0.2505009 0.2788414 0.5200332 0.3547021 0.3362632 0.3782135 0.3300072 0.1916832 0.1373732 0.09747846 0.1394962 0.1541162 0.1338989 0.2517275 0.1117454 0.08338311 0.07288449 0.1061679 0.1533546 0.122545 0.09987617 0.1002339 0.08033871 0.1203464 0.1158496 0.0976726 0.1022119 0.08410958 0.1073759 0.1165816 0.1140138 0.1264732 0.09367897 0.09029181 0.1241012 0.2054542 0.2601785 0.200256 0.16169 0.04982008 0.02973841 0.03966955 0.04151809 0.01884523 
0.2939422 0.134032 0.1170831 0.1624532 0.1167731 0.09927244 0.08533406 0.141321 0.1890674 0.1044952 0.1322325 0.1167953 0.1534347 0.1662855 0.2196137 0.185576 0.1803598 0.2798398 0.2567097 0.1599488 0.09961885 0.09442606 0.1354149 0.1938472 0.1906777 0.2331278 0.11262 0.08466167 0.1286733 0.207758 0.2391785 0.1723572 0.1558757 0.0925744 0.09838872 0.07944448 0.08238654 0.1016737 0.1114068 0.07411926 0.09609595 0.1363097 0.1210084 0.1946684 0.1006723 0.1659108 0.2821863 0.3388514 0.3016435 0.2099066 0.1496939 0.0809259 0.05870738 0.03456918 0.03694239 0.02439859 
0.2955323 0.1198216 0.04805161 0.1271892 0.1689873 0.1449975 0.1404263 0.2186299 0.1821815 0.1153534 0.1030876 0.115027 0.1148409 0.128308 0.1662235 0.1078473 0.09245266 0.1059768 0.1064329 0.08497015 0.06700038 0.06877702 0.1641353 0.2431399 0.2357293 0.134012 0.05715924 0.06877274 0.1139151 0.1704689 0.1986098 0.1580988 0.1099769 0.1136881 0.1052373 0.1112065 0.118647 0.1280874 0.1224658 0.06870939 0.08895072 0.08374667 0.09702314 0.1086043 0.1152306 0.2651178 0.3276296 0.1897323 0.1579344 0.1014387 0.04470532 0.03237731 0.02921025 0.0423044 0.03640318 0.01386147 
0.2689812 0.1555097 0.1235635 0.1859193 0.202526 0.1850331 0.2281488 0.2385639 0.175999 0.1629259 0.131177 0.1453898 0.1242861 0.09792762 0.1038283 0.1033623 0.1163903 0.1716919 0.1229966 0.1126745 0.09110449 0.1184818 0.1680556 0.2245485 0.2651505 0.1375591 0.08302207 0.1254748 0.1366224 0.09447764 0.1291133 0.1740078 0.1334882 0.112641 0.1031379 0.1400304 0.111949 0.1496923 0.1205588 0.08659266 0.0695525 0.1041258 0.09409886 0.09853578 0.126961 0.2245458 0.2221615 0.1708295 0.2034778 0.1827126 0.104557 0.03693071 0.05433802 0.04466305 0.04077657 0.0239471 
0.30271 0.1460667 0.1859704 0.2090676 0.2093246 0.2366593 0.1672329 0.1781918 0.1596567 0.1292519 0.1752518 0.2245282 0.1604797 0.1476517 0.1525825 0.130779 0.1055827 0.1133351 0.115193 0.1225262 0.1623358 0.1948687 0.3066389 0.2087155 0.2897049 0.1843155 0.1113442 0.1668304 0.151006 0.17578 0.1784078 0.1982568 0.1723294 0.1299548 0.1298333 0.2007197 0.3593368 0.1856228 0.1663698 0.1422864 0.07714355 0.142335 0.2577407 0.2483885 0.1665495 0.116272 0.120212 0.1024773 0.1666554 0.1932542 0.1315179 0.04864261 0.05025702 0.04268968 0.0300492 0.01736104 
0.3120343 0.1482293 0.1355797 0.1734473 0.1954982 0.1454324 0.1653326 0.2003372 0.2007223 0.204962 0.1921975 0.1691448 0.1478847 0.1596987 0.1978344 0.1511419 0.09762492 0.1361691 0.1343266 0.1605956 0.2545199 0.2133269 0.1792681 0.1290574 0.1541603 0.1346763 0.1127611 0.1936766 0.189225 0.204089 0.1403841 0.194553 0.247069 0.268631 0.2859774 0.4286102 0.6242502 0.2114113 0.1951534 0.178265 0.1299891 0.209436 0.3336339 0.2540103 0.2776448 0.1470589 0.1357709 0.1267184 0.1207593 0.1365179 0.1075815 0.03467407 0.04124293 0.05349291 0.03772629 0.01225 
0.3061261 0.1095282 0.1138519 0.1101797 0.103303 0.0897129 0.1248822 0.1854833 0.2549888 0.20938 0.2001956 0.2009599 0.1918916 0.1876726 0.1604438 0.1251285 0.1098693 0.1398688 0.1734704 0.1581472 0.1657133 0.1275917 0.1258384 0.1496817 0.1210874 0.1029939 0.061255 0.06838996 0.1378844 0.3040121 0.1253536 0.1380692 0.2709522 0.3619344 0.4280985 0.4300508 0.2605021 0.1392345 0.1983908 0.1524576 0.202404 0.25657 0.2660789 0.2062575 0.1687689 0.1527792 0.1605667 0.1017615 0.1179127 0.09145575 0.09994517 0.05231015 0.03200553 0.04433493 0.05069135 0.03545833 
0.3296911 0.1556109 0.1364287 0.1220197 0.1242308 0.1122731 0.1072981 0.1367975 0.2395232 0.2154934 0.2157542 0.2077979 0.2581836 0.1779975 0.1605249 0.1725496 0.1607912 0.2389084 0.195566 0.1386933 0.1551063 0.1311173 0.08451878 0.1173768 0.1127223 0.1565267 0.05375407 0.06513358 0.1614576 0.1874378 0.1068269 0.1469354 0.1592182 0.2008247 0.1779268 0.2070165 0.1425448 0.1885652 0.1662207 0.1815197 0.170344 0.1810258 0.2195739 0.2011395 0.1737108 0.165957 0.1200491 0.1092219 0.1538959 0.1010589 0.1069821 0.07000112 0.06222721 0.04314211 0.06058912 0.03766666 
0.2190529 0.1535428 0.2029819 0.1601043 0.1108483 0.1214293 0.1287427 0.1561118 0.220336 0.2232874 0.2049946 0.163383 0.2031817 0.1796265 0.1346826 0.1276537 0.1769168 0.1605718 0.1275292 0.1284968 0.1251383 0.2012146 0.07507318 0.09736142 0.1051445 0.1389481 0.09852587 0.07343978 0.1442431 0.2185176 0.1561748 0.1556765 0.1632635 0.1994346 0.1615249 0.1553723 0.2201995 0.241212 0.1921203 0.2634727 0.3052431 0.1895151 0.1393477 0.1487153 0.1655556 0.1803094 0.1825803 0.2839879 0.1876351 0.1903906 0.160993 0.09052276 0.05984252 0.06342428 0.07089141 0.01325 
0.182035 0.1722471 0.2442952 0.2285073 0.1678627 0.1425024 0.1615569 0.1846544 0.1578816 0.1534054 0.1950081 0.1937983 0.1827142 0.1767603 0.1081336 0.1109837 0.1187654 0.108754 0.1111237 0.1378691 0.09989204 0.1023377 0.07544696 0.09919617 0.1542313 0.167996 0.09352171 0.1066981 0.09260794 0.1009146 0.09800918 0.1025333 0.1289578 0.1242329 0.1213183 0.1798929 0.2502091 0.1809059 0.1963009 0.3004937 0.3052459 0.1917225 0.102602 0.1280182 0.1432507 0.1710262 0.2804751 0.1975901 0.1963719 0.1912852 0.1568118 0.1054167 0.08675001 0.05783333 0.0225 0.01116667 
0.1566859 0.151622 0.2269487 0.2408065 0.15236 0.1279014 0.1413679 0.1919314 0.1875075 0.1656276 0.163009 0.1552554 0.1644768 0.1401486 0.112509 0.1105729 0.1108317 0.1141483 0.1063577 0.129592 0.08453067 0.103784 0.09015775 0.07202893 0.07490682 0.07290054 0.05818144 0.08088564 0.08425843 0.0667107 0.09154028 0.1726787 0.1135195 0.1064371 0.114279 0.1486512 0.1741509 0.1060216 0.1637042 0.204142 0.2281641 0.1433049 0.1917063 0.1648914 0.2106276 0.2247481 0.2663907 0.2179406 0.2314963 0.2186246 0.173322 0.08449998 0.05225 0.04841667 0.045375 0.01375 
0.1456408 0.1899993 0.2130559 0.2459502 0.1618069 0.1451579 0.1454929 0.1964057 0.2008862 0.1614631 0.1370142 0.1592244 0.1829578 0.09460288 0.1050744 0.1315568 0.1094563 0.1008455 0.1288639 0.1318288 0.1030448 0.09519639 0.09747208 0.06212018 0.04512481 0.03978568 0.03510224 0.05108591 0.0792947 0.08257151 0.09252851 0.1595773 0.1199025 0.1747738 0.1182069 0.09245785 0.1058577 0.08988383 0.09573402 0.152426 0.1996662 0.1560169 0.2223865 0.2658931 0.2517997 0.337036 0.4103095 0.2736819 0.2655414 0.2403885 0.2061222 0.08833334 0.08570834 0.06741666 0.08245835 0.03566666 
0.1056547 0.1882439 0.2172069 0.2547725 0.1840444 0.1487534 0.116779 0.1588282 0.1848822 0.1588738 0.1630488 0.1502141 0.1348219 0.1068055 0.1182138 0.1094837 0.1214145 0.1203804 0.1063153 0.09113708 0.1224829 0.1129162 0.07150999 0.04427825 0.04489891 0.03401514 0.03745868 0.08045541 0.09806231 0.112619 0.08962165 0.1199239 0.1307655 0.1683262 0.1448457 0.1054765 0.148299 0.1723015 0.2046001 0.1553162 0.1921433 0.2608682 0.2773348 0.2927518 0.376275 0.5608403 0.3016165 0.3181539 0.3169475 0.295107 0.2512144 0.162875 0.13925 0.104625 0.1040417 0.08858334 
0.08743939 0.1805814 0.2301481 0.2885736 0.2238477 0.1583205 0.1303916 0.1844072 0.1785524 0.1484936 0.1877293 0.172368 0.1661722 0.1558042 0.1776203 0.1669161 0.1266983 0.1050485 0.1015779 0.1134955 0.1265307 0.07094511 0.05844637 0.04336032 0.03896252 0.05112031 0.04601935 0.05453352 0.05721362 0.07219493 0.06694311 0.08512069 0.09991312 0.1253563 0.1345613 0.1382756 0.1488669 0.1947508 0.2822143 0.3575346 0.4082406 0.4255084 0.4257869 0.4278344 0.555875 0.5768244 0.3121457 0.2815389 0.3552534 0.3773381 0.3310263 0.2435 0.2190416 0.1975833 0.2097917 0.135125 
0.06209473 0.0969767 0.1735364 0.2748142 0.2099939 0.1803852 0.1662248 0.1845488 0.1675006 0.1929168 0.2180748 0.2024073 0.2006347 0.2023099 0.2183577 0.1546549 0.1377472 0.09934742 0.08604507 0.08761834 0.05909537 0.0514889 0.1076813 0.03146831 0.02082091 0.0639305 0.08792181 0.1099261 0.05594723 0.07092013 0.07980257 0.1229622 0.07150367 0.1005852 0.1611991 0.1734137 0.2338745 0.2883517 0.3598975 0.6031075 0.5407168 0.5101029 0.4791461 0.5149262 0.5582335 0.5804189 0.4020867 0.317902 0.3880247 0.423945 0.3639605 0.1855 0.1887083 0.2481666 0.2395833 0.1175417 
0.09101453 0.07822407 0.1186557 0.2000118 0.2034094 0.168651 0.1791015 0.1850491 0.1599656 0.2167053 0.2271127 0.2444409 0.2466367 0.2149817 0.1946715 0.1914352 0.1551802 0.119344 0.09699399 0.0742171 0.05876958 0.04626157 0.04693108 0.03009661 0.02754792 0.03965752 0.08428141 0.07197416 0.05422493 0.06386945 0.07328304 0.0972438 0.08288161 0.1042451 0.1579145 0.2209317 0.2595694 0.275551 0.3893109 0.5644145 0.5742698 0.5080327 0.4832964 0.4961868 0.6121961 0.6855291 0.5383745 0.3963788 0.4246188 0.5118972 0.4097433 0.3187917 0.3033333 0.2769167 0.172625 0.1609583 
