ncols         56
nrows         54
xllcorner     28.264
yllcorner     -5.7719999999999
cellsize      0.25
NODATA_value  -9999
0.004930372 0.001476757 0.0008756534 0.0008702683 0.002579385 0.0008601148 0.001300445 0.0008943891 0.0009052687 0.0009079499 0.003349767 0.002851669 0.004151349 0.008798642 0.01600382 0.01022934 0.007105188 0.01518122 0.01463005 0.007349734 0.00752454 0.007638763 0.006019532 0.01893636 0.03348468 0.0392524 0.0449426 0.06948993 0.05154073 0.04112104 0.02827265 0.02358179 0.03446548 0.05287984 0.0600826 0.03969296 0.06338006 0.07291629 0.107539 0.13331 0.1495109 0.245069 0.1616023 0.1588351 0.1247929 0.108282 0.06520703 0.09934214 0.1103531 0.097134 0.06728995 0.05253493 0.1163659 0.1941395 0.2119362 0.1756849 
0.005242916 0.002013886 0.001116356 0.00153382 0.001483587 0.001223025 0.003115745 0.002918749 0.001123672 0.002262732 0.00297224 0.008816606 0.007887147 0.01032184 0.01469348 0.008538874 0.005172647 0.01086736 0.01207396 0.006752711 0.009731492 0.01716683 0.0213485 0.02731491 0.03209022 0.04237957 0.06101033 0.05368488 0.0463158 0.03774955 0.02582251 0.03353525 0.04106769 0.03874496 0.04628783 0.03943309 0.06712323 0.07996967 0.1319314 0.1443399 0.1436751 0.1958847 0.1310264 0.1066771 0.1103333 0.08633988 0.06376079 0.09870121 0.1314725 0.0996509 0.1144083 0.05913715 0.08512457 0.1882838 0.1656938 0.1862095 
0.01029146 0.006627244 0.002261289 0.003579946 0.003530555 0.003065476 0.01474882 0.002814701 0.00655738 0.009526399 0.004197931 0.005354018 0.00569252 0.007612608 0.005757175 0.005239447 0.00476282 0.01347797 0.02244478 0.01509191 0.02214083 0.02802913 0.02500369 0.03209094 0.0328364 0.03246674 0.06150106 0.04569652 0.05082507 0.04751769 0.0250632 0.04059548 0.04369368 0.0534064 0.04669114 0.04086507 0.05504641 0.08501294 0.105346 0.1478179 0.157223 0.1290231 0.1038174 0.09108397 0.1108771 0.08212616 0.07136872 0.09680057 0.1087455 0.110646 0.1023776 0.0906828 0.1146495 0.1654297 0.1614831 0.138583 
0.01640618 0.005946096 0.004213098 0.002790528 0.003922975 0.004911623 0.007962449 0.006513502 0.01521365 0.005268088 0.005213237 0.003948599 0.002408101 0.004380088 0.00744471 0.01039735 0.009841568 0.01508853 0.02765395 0.02727201 0.0260209 0.02524792 0.0323851 0.03382342 0.03514423 0.0357273 0.04470114 0.03893941 0.04787425 0.05231881 0.03486137 0.05642917 0.07039122 0.07742715 0.08821794 0.051872 0.06911739 0.09244365 0.08885357 0.1411105 0.1315623 0.1609521 0.2023959 0.1610071 0.1611222 0.1699965 0.2396845 0.2058812 0.1716097 0.174445 0.135161 0.1231628 0.1741288 0.1518613 0.1628656 0.1331924 
0.01005036 0.004566644 0.004388969 0.003454976 0.003067888 0.004656481 0.005741684 0.00755538 0.0169675 0.003000567 0.001908724 0.002745334 0.002069436 0.005947648 0.003170168 0.02073398 0.01571401 0.01626813 0.03157552 0.02305696 0.0226369 0.01940763 0.03243519 0.02188898 0.04076315 0.05960299 0.04726884 0.04473262 0.03939189 0.04653768 0.04645102 0.05577431 0.0653412 0.09475364 0.08508371 0.08429544 0.07918809 0.07755802 0.07852219 0.06495259 0.09878217 0.1233327 0.2000975 0.2071388 0.2757594 0.3139877 0.3974083 0.2629596 0.1847667 0.1862358 0.1617346 0.1480595 0.1877296 0.1331062 0.2031612 0.0890909 
0.004226324 0.004767856 0.007554355 0.007668409 0.007434989 0.005016535 0.00373699 0.004229779 0.002740462 0.002829165 0.002302568 0.006688587 0.01891339 0.01541281 0.01335691 0.02107234 0.0211626 0.02346259 0.03515297 0.02630019 0.03289051 0.02455358 0.0275723 0.03435648 0.05055179 0.05401279 0.04864014 0.04970918 0.03768872 0.04884758 0.05727758 0.08374684 0.08384962 0.09800784 0.08991331 0.09397995 0.08554319 0.09213753 0.09191202 0.110735 0.1633082 0.1500865 0.1398287 0.1717141 0.265417 0.3610975 0.3452758 0.2697102 0.2098938 0.1730995 0.1303823 0.1612694 0.1661063 0.1707375 0.108665 0.09593618 
0.005353719 0.009416907 0.009795194 0.005857863 0.004885099 0.005844681 0.003276918 0.003870835 0.003556788 0.003991649 0.002708624 0.01818483 0.0320629 0.01684601 0.009134484 0.0192374 0.0264311 0.03573481 0.03433 0.02782605 0.02924411 0.03182464 0.0351767 0.03541587 0.03527925 0.06898414 0.03427106 0.05318897 0.06111309 0.07629223 0.08470171 0.08553673 0.08942911 0.09135303 0.1259734 0.09614056 0.08497669 0.09870587 0.07553837 0.1062779 0.1719851 0.1763329 0.1783354 0.230161 0.220949 0.2390615 0.2782148 0.2062835 0.1589409 0.1681714 0.16654 0.1886917 0.1826231 0.2200498 0.2284238 0.1677757 
0.01162108 0.01537145 0.01220552 0.01032388 0.008287149 0.007460228 0.007101918 0.01786333 0.008153601 0.004254976 0.01269695 0.02724041 0.01671226 0.0145139 0.01704006 0.02631238 0.02937095 0.03079724 0.02954798 0.0318606 0.03136712 0.03112652 0.02998745 0.03637848 0.03355695 0.05790543 0.04516972 0.05016807 0.05582051 0.06068045 0.0800376 0.07068608 0.0590849 0.09717624 0.1161673 0.1400521 0.1377781 0.200151 0.1864399 0.2343024 0.2102597 0.2214238 0.2108798 0.2859547 0.2911524 0.2643968 0.298753 0.1956542 0.1470347 0.1293957 0.171113 0.2127206 0.1786027 0.1626294 0.2142559 0.1793474 
0.009371628 0.01274842 0.01143275 0.01121671 0.01724715 0.01555288 0.02551528 0.01402138 0.02192924 0.01574089 0.01819442 0.01619952 0.01340001 0.01965876 0.03000604 0.03304056 0.03651695 0.03676739 0.03381845 0.04256953 0.03499478 0.0301619 0.03621171 0.04123194 0.05244127 0.04880701 0.03079643 0.02097474 0.04019584 0.07441945 0.06873665 0.09858605 0.09118664 0.09681328 0.09869531 0.1375293 0.1442702 0.1318332 0.1748257 0.1883413 0.2062744 0.1844944 0.2254104 0.3310148 0.3343159 0.325524 0.3251055 0.2357278 0.1737604 0.1450356 0.1555698 0.1613841 0.1678916 0.1198583 0.1155762 0.1682593 
0.02428113 0.01932025 0.0156766 0.007656819 0.007624027 0.01447943 0.01256542 0.01399976 0.022805 0.02412987 0.02449174 0.01619637 0.01749654 0.03355161 0.04351002 0.05250438 0.05219667 0.05341106 0.04567942 0.04912378 0.05323221 0.05024907 0.04733764 0.04868729 0.0547825 0.04510849 0.03423178 0.01408275 0.04701746 0.07471388 0.1311206 0.1322594 0.1332761 0.1184051 0.1123232 0.1586289 0.1851843 0.151132 0.1461044 0.1241762 0.1444678 0.1771277 0.2448177 0.3698867 0.2555757 0.2272753 0.2062953 0.184781 0.1764025 0.165973 0.1368157 0.1556242 0.1737702 0.1058677 0.09364007 0.1033664 
0.0369694 0.02895861 0.01893081 0.01856483 0.01704612 0.01241597 0.01482239 0.02333552 0.03092624 0.04782564 0.02692098 0.01991126 0.02601671 0.04669193 0.05207396 0.0654131 0.06873973 0.06139214 0.05495678 0.0565116 0.07717188 0.07038154 0.07097198 0.05965996 0.02733043 0.01907578 0.0170298 0.01827558 0.0564688 0.06748759 0.1407224 0.1182353 0.1211299 0.1375192 0.1536552 0.1440274 0.1770687 0.2265728 0.2149206 0.1633823 0.1385315 0.1296818 0.1948038 0.2261035 0.1997653 0.1334677 0.125839 0.1400421 0.1632076 0.1519841 0.1446321 0.1132511 0.1337824 0.09274539 0.07615002 0.06474182 
0.02905568 0.01808835 0.01751536 0.0125552 0.01609268 0.01152448 0.01729437 0.02425348 0.02462518 0.03128072 0.0361553 0.02224962 0.02317133 0.0455038 0.06040102 0.06690444 0.06171595 0.05462272 0.05794951 0.0692921 0.0832383 0.08465225 0.08276189 0.06247796 0.04828528 0.03412628 0.02208846 0.03906627 0.06695436 0.05361826 0.05926771 0.1011296 0.1230793 0.137928 0.1432042 0.1222819 0.1033375 0.1451231 0.134156 0.1631169 0.1782704 0.1352069 0.2234364 0.2754987 0.1610426 0.1879297 0.2145369 0.1342319 0.1175052 0.1222735 0.1265635 0.1056531 0.1156055 0.08848935 0.07905512 0.09089901 
0.03025663 0.02486035 0.02241921 0.01421156 0.01619451 0.02853075 0.02316488 0.02431649 0.02369156 0.02098503 0.0411245 0.03209574 0.02279816 0.0320697 0.05008949 0.0648144 0.07887155 0.05792972 0.05701448 0.06009908 0.07809472 0.08595765 0.08590898 0.06254105 0.05501652 0.02672343 0.03554634 0.04097358 0.05669001 0.03131416 0.04448789 0.06019195 0.09335639 0.09744691 0.110496 0.1222856 0.06877046 0.102024 0.1230926 0.1860477 0.1190193 0.1445355 0.157023 0.1848091 0.08802314 0.1189643 0.1853303 0.1661208 0.119561 0.1359477 0.1266802 0.1413267 0.1652055 0.07743511 0.06694077 0.08496988 
0.03126497 0.02805316 0.03545944 0.01824766 0.02344797 0.02125615 0.01725321 0.01342265 0.01685877 0.010933 0.01265139 0.04411621 0.03478985 0.03899508 0.03856192 0.06177945 0.07034402 0.0450028 0.04567121 0.06365953 0.09504011 0.09317444 0.08509202 0.06177376 0.04710547 0.02680348 0.04307919 0.04073591 0.03783885 0.02691296 0.01795732 0.02889808 0.04461681 0.07221511 0.08510783 0.1634945 0.1429602 0.1259076 0.1408274 0.142384 0.1327566 0.1161258 0.1591232 0.1635678 0.08288207 0.127267 0.1765533 0.1654453 0.1808174 0.1686565 0.1463326 0.2192189 0.1852047 0.070622 0.06748752 0.1115787 
0.03905825 0.03528091 0.03191334 0.04095306 0.0332694 0.02097587 0.0127295 0.01516519 0.0126858 0.01071186 0.00931839 0.02640551 0.04380623 0.04771085 0.03690383 0.04231954 0.05473556 0.05648848 0.05620913 0.06581982 0.07379385 0.0863355 0.0809201 0.0802566 0.05626728 0.01972526 0.02659137 0.02375627 0.04771375 0.0576162 0.03808981 0.04617031 0.1099815 0.1330938 0.113547 0.1703932 0.1491925 0.1400556 0.1016612 0.1490874 0.09421931 0.163993 0.1646888 0.1882398 0.1309991 0.1052276 0.1632485 0.1834126 0.1622518 0.1479324 0.1779597 0.2059177 0.1478896 0.110835 0.09117864 0.122899 
0.03142513 0.02810648 0.02617885 0.0239873 0.02447726 0.01657199 0.01717948 0.03609157 0.01723829 0.01321357 0.008062316 0.0151053 0.02749748 0.03853763 0.06012499 0.05991237 0.07410292 0.06264344 0.07368381 0.07038561 0.07574941 0.06123213 0.05265151 0.06196148 0.06703714 0.04000256 0.03353041 0.04876816 0.04857831 0.06824968 0.07652204 0.07497881 0.07209386 0.07890569 0.08596703 0.1399782 0.1064929 0.08595837 0.05826872 0.1597866 0.1395574 0.1886575 0.1650685 0.1807113 0.1709476 0.1390359 0.1395903 0.2860434 0.1875433 0.2235107 0.2277731 0.1953333 0.1529406 0.1260115 0.1208655 0.1737161 
0.02661126 0.03503072 0.046274 0.03729028 0.02995178 0.04454703 0.02217662 0.04219586 0.02489673 0.01330613 0.01037634 0.04094829 0.02353137 0.03628004 0.06086755 0.06136915 0.06241966 0.05978272 0.05318893 0.0835735 0.09535687 0.08690926 0.06832951 0.05032586 0.06271128 0.05035093 0.02881822 0.04217371 0.05395407 0.05222834 0.0713563 0.08191232 0.06021701 0.03234787 0.0558037 0.1254107 0.1204515 0.09084504 0.1427717 0.1514758 0.1299247 0.1348282 0.1418274 0.1492523 0.1777456 0.1952634 0.2052958 0.2091131 0.1884018 0.1769649 0.1634239 0.1890139 0.1745231 0.1990122 0.2971801 0.2818553 
0.05600419 0.0539968 0.07651643 0.05867136 0.04946401 0.05453395 0.0415685 0.03751402 0.02689713 0.02003119 0.01657028 0.04964418 0.02689565 0.02943975 0.07027882 0.04220355 0.08824927 0.09779412 0.09111477 0.09009349 0.09839463 0.09698316 0.07166846 0.0414063 0.05681014 0.04608217 0.03938911 0.04755045 0.04829941 0.05193167 0.04704143 0.04334159 0.05483212 0.03238787 0.03392449 0.05673829 0.1717618 0.2263565 0.1376937 0.1611273 0.2034822 0.2523742 0.2732286 0.2825332 0.2237315 0.2335923 0.2409267 0.2389327 0.1671415 0.1591959 0.112229 0.1762023 0.2603486 0.242585 0.2165568 0.2451365 
0.09569379 0.06730607 0.06428715 0.06561043 0.05341579 0.05406313 0.04428556 0.04515344 0.04507652 0.02488062 0.01632008 0.06344465 0.0678838 0.04799134 0.0820284 0.08008493 0.08266214 0.1299059 0.1151359 0.1220146 0.1401537 0.1265894 0.07743342 0.05582339 0.09215309 0.1046521 0.08422272 0.07587504 0.06548943 0.06033371 0.05395248 0.03317558 0.04692803 0.0408764 0.05567935 0.07119229 0.152836 0.1198382 0.1199769 0.08330502 0.2053739 0.2098153 0.2786631 0.2660872 0.2824572 0.2774092 0.2275676 0.1948737 0.1370179 0.09316429 0.09921538 0.2236816 0.3728474 0.2593355 0.2583891 0.275625 
0.1044047 0.07648172 0.08021913 0.0872542 0.06280097 0.06408719 0.06952219 0.05925592 0.03261065 0.02142634 0.02407839 0.08517112 0.1158552 0.1087506 0.08174549 0.06889974 0.0627188 0.1403288 0.1293946 0.08717584 0.1108161 0.09687391 0.08133628 0.1053856 0.1116676 0.116006 0.07090259 0.06003185 0.06298842 0.0684205 0.0558791 0.02961514 0.02118066 0.01989303 0.06021659 0.09576797 0.056369 0.06274072 0.05308615 0.08305234 0.2174786 0.3520651 0.3898502 0.2815155 0.2759246 0.2552749 0.2783743 0.1795631 0.1358721 0.1258558 0.1271565 0.1382826 0.1524916 0.2096841 0.1856209 0.2111964 
0.09045599 0.1053059 0.0940192 0.09062392 0.07930167 0.0409548 0.0521653 0.06577724 0.03132316 0.02513535 0.03961239 0.0946742 0.1042344 0.08813348 0.08660667 0.0703643 0.04970232 0.0702924 0.07522395 0.08712018 0.1087876 0.09866924 0.09586893 0.1041949 0.1158643 0.1423931 0.09796682 0.09634998 0.1136757 0.07233042 0.05522561 0.04860077 0.04170544 0.06203015 0.08014721 0.1182231 0.07274045 0.0619697 0.08736971 0.1355335 0.2615422 0.4591632 0.3579722 0.3378805 0.2668294 0.2535737 0.2641362 0.2143448 0.1642742 0.1497183 0.1685921 0.1779281 0.2039739 0.2424596 0.2244053 0.2663516 
0.1008051 0.09839955 0.1127642 0.09952353 0.08069066 0.06644744 0.05464271 0.09376751 0.03229824 0.03524618 0.03572556 0.0536313 0.06589545 0.07243975 0.05336701 0.07424334 0.06118884 0.05073479 0.08460844 0.07680619 0.08517977 0.09713216 0.1129126 0.1287222 0.1563835 0.1169889 0.113887 0.1139146 0.1062317 0.05652935 0.05858322 0.03822323 0.05031978 0.07066429 0.07891508 0.1347893 0.07330339 0.08968727 0.147298 0.2387939 0.239723 0.3193335 0.2398091 0.2039114 0.1827564 0.2272404 0.2989995 0.2035305 0.1707514 0.1507008 0.2062371 0.1675764 0.193444 0.232797 0.2445478 0.2379921 
0.1286037 0.1388884 0.09374329 0.1042116 0.09567334 0.1333401 0.07441614 0.1368362 0.07708795 0.07266396 0.04348266 0.07017199 0.06180316 0.0581199 0.08702698 0.1227052 0.07567313 0.04918087 0.07708675 0.0941956 0.10835 0.1394569 0.1614507 0.1852509 0.2090592 0.1702552 0.1393478 0.1159403 0.1261125 0.09385505 0.07788931 0.04649265 0.04349099 0.05580552 0.08219863 0.1244857 0.08176577 0.1125569 0.1655037 0.249418 0.2694329 0.2166686 0.1115999 0.1551562 0.1566147 0.2429575 0.289457 0.2287238 0.2069993 0.1498014 0.15905 0.2116247 0.2627702 0.2106046 0.1989457 0.2947351 
0.1176971 0.1297282 0.1106469 0.1122824 0.1240193 0.1638393 0.1089819 0.1063565 0.05840048 0.06148883 0.09269592 0.06236099 0.0414522 0.0453346 0.09047464 0.1130176 0.0897201 0.07356869 0.1003763 0.0987801 0.1262678 0.1480274 0.162175 0.1558467 0.2275382 0.1822206 0.1565024 0.1420397 0.1651047 0.1393729 0.09618413 0.07834904 0.09236845 0.1163358 0.1073085 0.118953 0.1072461 0.1017543 0.1126665 0.1321999 0.1518505 0.1470811 0.157536 0.2542925 0.2118286 0.1934442 0.2167549 0.2444662 0.2185104 0.1762622 0.1888179 0.1984361 0.2219455 0.2134729 0.182211 0.2303212 
0.1401428 0.1465406 0.135256 0.120439 0.09657525 0.0916962 0.06667393 0.0657076 0.06063108 0.08905844 0.1440391 0.04058579 0.04158544 0.05801844 0.05797339 0.1279134 0.06785381 0.047254 0.08381171 0.1027225 0.1300245 0.1516148 0.1635714 0.1545147 0.1416954 0.14368 0.1117136 0.1326192 0.1760477 0.1565992 0.1396903 0.1352967 0.152125 0.1441953 0.09188039 0.1269311 0.1350541 0.1115724 0.1025125 0.1229987 0.1201668 0.1476389 0.1514259 0.2480856 0.2524038 0.2007503 0.23135 0.242158 0.2082078 0.2094797 0.3020858 0.1524095 0.188783 0.1692318 0.1762545 0.2316782 
0.119448 0.1650157 0.1627549 0.1283308 0.09542244 0.06802245 0.04188201 0.05571298 0.03408679 0.03426858 0.03172515 0.1000954 0.1264443 0.0465795 0.07315503 0.1053098 0.0421508 0.04073843 0.04760494 0.09405878 0.1050091 0.1104185 0.1356394 0.1629272 0.1515688 0.152308 0.1398126 0.1128923 0.1305766 0.1521575 0.1325045 0.09396349 0.07441135 0.1068712 0.09767855 0.2099612 0.1983113 0.1184025 0.1114333 0.1801769 0.1438249 0.135143 0.1500655 0.1624707 0.1705834 0.2498749 0.3288553 0.3261736 0.2335859 0.201348 0.218649 0.1785505 0.2312444 0.1979276 0.190775 0.234208 
0.1246193 0.1597896 0.2050309 0.120846 0.08141501 0.05987798 0.06471038 0.07075446 0.0469128 0.03079363 0.03451157 0.1066277 0.1093587 0.08069225 0.1257294 0.08874082 0.05716363 0.05359404 0.05463094 0.1040901 0.1198592 0.1193082 0.175956 0.1847753 0.1833165 0.1792985 0.1560317 0.1570008 0.113506 0.149983 0.1248007 0.08586469 0.06473624 0.1297946 0.1496324 0.2319222 0.2723924 0.179426 0.1234611 0.1259993 0.1595276 0.1517733 0.1162084 0.1290498 0.187222 0.1999349 0.1883875 0.2116418 0.2350075 0.2036903 0.2418859 0.2576129 0.2732321 0.2893212 0.298672 0.2167974 
0.1181021 0.1599865 0.1716792 0.1414962 0.1052204 0.1044691 0.06088651 0.0703507 0.07174754 0.07719073 0.08054449 0.1467871 0.1246274 0.09349654 0.0717815 0.05144515 0.05216216 0.05030748 0.05636897 0.08059317 0.1212147 0.1765607 0.2223098 0.1915189 0.2038345 0.1761739 0.1377063 0.1279079 0.1364032 0.1613511 0.1943341 0.1637532 0.1454325 0.1473929 0.1867262 0.233913 0.273934 0.2777077 0.2682522 0.1679594 0.1853375 0.1864692 0.1900911 0.2453413 0.2415045 0.1680078 0.1576115 0.1751651 0.1459215 0.1368049 0.165739 0.1750346 0.2249084 0.212807 0.264899 0.2506351 
0.1409372 0.145748 0.1372478 0.1442286 0.1241909 0.09312307 0.06355105 0.07449109 0.1015523 0.08616278 0.1493464 0.1963119 0.1218988 0.1030961 0.06355762 0.05134442 0.05855794 0.06878446 0.0878363 0.07245342 0.09258821 0.1129085 0.1624957 0.2033915 0.2776409 0.2656208 0.2221476 0.1578085 0.1644799 0.2604021 0.2266466 0.1773469 0.1548472 0.1601876 0.1964472 0.2289122 0.2736293 0.2798285 0.3019925 0.2200983 0.2120137 0.1665809 0.2001819 0.1821269 0.19957 0.1493716 0.1758287 0.1755963 0.1614915 0.1806612 0.1841051 0.1424461 0.2202328 0.208503 0.2518675 0.3475215 
0.1708729 0.1671695 0.1585744 0.1570586 0.1002799 0.08820236 0.07357942 0.1135569 0.1154864 0.1217141 0.1185572 0.1415802 0.1065458 0.1244996 0.1033522 0.07196507 0.06063394 0.07898286 0.06558708 0.06474552 0.0861778 0.1227092 0.1587017 0.1900997 0.2746882 0.2906028 0.2827015 0.1869859 0.1849181 0.2203198 0.2005268 0.1700836 0.1588089 0.1760662 0.2074835 0.2458888 0.2795074 0.2876754 0.2681803 0.278064 0.3174571 0.2097647 0.1921618 0.183995 0.1819488 0.1977576 0.1632351 0.1604018 0.1728766 0.1962814 0.2262435 0.1802806 0.2262054 0.2145972 0.225154 0.2215741 
0.1894743 0.1885223 0.1560557 0.1423391 0.1001325 0.08496249 0.07202818 0.1053635 0.1006391 0.1081302 0.1129122 0.1081685 0.1311596 0.1438213 0.1052808 0.07738286 0.0588631 0.0713569 0.07300506 0.08702828 0.1555782 0.1502508 0.1769874 0.2150311 0.242378 0.2229647 0.260815 0.1933591 0.1719411 0.1784905 0.1794052 0.1766539 0.1679158 0.1729379 0.1838434 0.2283756 0.2544509 0.2580383 0.256746 0.3348507 0.2632572 0.1859465 0.1652501 0.1546956 0.1805724 0.1774781 0.1520277 0.1678745 0.2137769 0.271641 0.2676282 0.2039988 0.3056487 0.1900094 0.1988242 0.2120993 
0.2948552 0.2349319 0.1555672 0.1639253 0.1072523 0.07420798 0.07095511 0.1625776 0.1334768 0.1724572 0.1681326 0.1366617 0.156074 0.1862253 0.09315221 0.07207359 0.06451939 0.09377109 0.07743949 0.0826882 0.1259594 0.1512206 0.1869392 0.2204389 0.2126587 0.1902395 0.1615067 0.1750737 0.2071997 0.1567263 0.1541877 0.167034 0.1540101 0.1613772 0.1761397 0.1996024 0.2268366 0.2856354 0.254893 0.2711375 0.2395536 0.1933029 0.1785304 0.1567801 0.1451557 0.1889385 0.2151596 0.2320397 0.2895038 0.2877778 0.294272 0.3050123 0.2217289 0.231403 0.2254479 0.2971243 
0.3969003 0.2770087 0.1614113 0.1482395 0.09513822 0.09411292 0.09995025 0.1911205 0.1619864 0.1314759 0.1324404 0.1895123 0.1273978 0.1131715 0.09880324 0.1174108 0.09830736 0.1237515 0.1241865 0.1302556 0.1501303 0.1802662 0.1749806 0.1985289 0.1886817 0.1824881 0.1835726 0.2158193 0.2094484 0.160725 0.1543605 0.1659639 0.1533162 0.1518927 0.1648521 0.1841852 0.2078598 0.2250169 0.2237771 0.199287 0.1862946 0.1853499 0.1719945 0.127221 0.1262271 0.2019792 0.2162262 0.2604393 0.2779878 0.2956089 0.2887286 0.2864117 0.2762432 0.2255163 0.2197917 0.2218089 
0.3140471 0.1849972 0.1200328 0.1139159 0.07999225 0.1361871 0.1439171 0.1477111 0.1037812 0.08036061 0.07847397 0.1173619 0.1145458 0.1052216 0.1466065 0.1470465 0.1816862 0.2022132 0.2444367 0.1743327 0.1406411 0.180779 0.1672423 0.1759252 0.1898255 0.1953492 0.1957577 0.202323 0.1911392 0.1559527 0.133205 0.1770196 0.1503526 0.1513113 0.1420092 0.167967 0.1677976 0.212339 0.2257308 0.214204 0.2426401 0.2280686 0.205148 0.1612363 0.1805064 0.2295088 0.2749042 0.2436736 0.2498784 0.2945401 0.2850629 0.2348952 0.2708966 0.2442932 0.2074162 0.1413337 
0.3091719 0.1790516 0.1439139 0.131107 0.1313099 0.1442443 0.1116148 0.08886805 0.1010181 0.08346371 0.0982173 0.1245614 0.153976 0.1594504 0.2192684 0.213651 0.1917849 0.2880705 0.2785068 0.2031114 0.1540683 0.1777541 0.1627496 0.1811204 0.184841 0.1798237 0.2014447 0.1725584 0.1974961 0.1653534 0.1317311 0.1386794 0.1485699 0.1309873 0.1615643 0.1970124 0.191887 0.1678089 0.1757803 0.1576388 0.2156008 0.2426938 0.2068751 0.1900807 0.1812064 0.1824803 0.2116238 0.2439805 0.3099442 0.3351911 0.3139022 0.3498901 0.2399105 0.1872946 0.1376369 0.09002451 
0.4254923 0.2626256 0.1660748 0.1997087 0.2005837 0.1816902 0.1088507 0.09316324 0.116528 0.136343 0.1790099 0.1347508 0.1575124 0.2217175 0.2303523 0.1963216 0.2286503 0.2921713 0.2798377 0.1956337 0.177478 0.1657013 0.1494436 0.1494273 0.1758796 0.1842043 0.205089 0.2073058 0.1647025 0.1563749 0.105673 0.1120568 0.09698492 0.1652007 0.2661264 0.2934336 0.276105 0.1801018 0.2235936 0.2517443 0.3021475 0.3195263 0.2511117 0.1609247 0.1354509 0.1503647 0.2112979 0.2508562 0.3103126 0.2921467 0.3000593 0.2609416 0.2711158 0.1383943 0.08090928 0.08168565 
0.4340827 0.3151146 0.201015 0.2394906 0.1827109 0.1663185 0.1346643 0.1178537 0.1427813 0.1409326 0.1561059 0.1424125 0.1363151 0.1593615 0.1803338 0.2270017 0.2512068 0.3046262 0.2396166 0.1617892 0.1506961 0.1923934 0.1536456 0.1705245 0.1849858 0.1860541 0.1891808 0.2109089 0.2017637 0.1537803 0.1125269 0.1033489 0.0961666 0.1414814 0.225309 0.2428268 0.2482778 0.1651633 0.2321856 0.3156228 0.3440472 0.3299379 0.2709449 0.1678126 0.139987 0.2221726 0.250461 0.2815759 0.2643604 0.2443953 0.240131 0.1581687 0.1468114 0.1036227 0.08636866 0.08183765 
0.4582989 0.334466 0.1681173 0.1356222 0.09055486 0.1234103 0.1597044 0.1750558 0.1407583 0.1468282 0.1212761 0.1770423 0.1520457 0.2139428 0.1920477 0.1887193 0.2325996 0.2429436 0.1997264 0.1507828 0.1643214 0.1725658 0.159598 0.1766736 0.1895492 0.1781739 0.1688924 0.2002775 0.1696255 0.1171494 0.1232218 0.1471863 0.1254591 0.1900875 0.2145104 0.1848317 0.2111549 0.1591143 0.2723628 0.3097532 0.3303924 0.3615578 0.3503377 0.2340128 0.1615135 0.1794337 0.2407297 0.2241538 0.205555 0.239944 0.2513188 0.2441391 0.1644001 0.1136793 0.09064876 0.0279555 
0.4016146 0.29271 0.1461258 0.1159883 0.1115108 0.1306359 0.1607729 0.2164699 0.1269458 0.1196117 0.1587376 0.1607391 0.1763462 0.2617449 0.2072318 0.1995045 0.1802821 0.181603 0.1928152 0.1514627 0.146209 0.1567845 0.1598482 0.1848556 0.2040422 0.2194114 0.1746051 0.2004477 0.136161 0.1129026 0.09129106 0.1412 0.1496451 0.173436 0.1776738 0.1328342 0.1795195 0.2340979 0.2675157 0.2908263 0.3016723 0.3191198 0.3005696 0.3170947 0.1903108 0.1173125 0.1201872 0.2322772 0.1963937 0.2013337 0.1906857 0.1876141 0.1008424 0.09499712 0.02538224 0.01757227 
0.4708256 0.3062806 0.1710624 0.1917715 0.1656511 0.1585877 0.1345905 0.1102528 0.1781101 0.125604 0.1160061 0.09243016 0.1108639 0.114288 0.1803402 0.1593081 0.1729975 0.186876 0.1601028 0.1477397 0.1581627 0.1468955 0.1291863 0.1826753 0.2204411 0.2606838 0.1805393 0.1642377 0.1139749 0.0903982 0.08775693 0.1504025 0.1240861 0.1288319 0.1359245 0.1238055 0.1533915 0.1430118 0.191207 0.2404072 0.3040593 0.2753531 0.2540606 0.2106211 0.1347877 0.08832254 0.1873022 0.3281175 0.3560098 0.2843002 0.1895376 0.1722793 0.1270589 0.03788285 0.01942029 0.01466472 
0.5528554 0.3516504 0.2370746 0.2480966 0.1489054 0.1357507 0.1407804 0.1058905 0.1709301 0.107843 0.117235 0.1111593 0.1153767 0.07512926 0.1510338 0.1380598 0.208649 0.2269258 0.2077132 0.1774377 0.1440143 0.1420429 0.1565532 0.1914646 0.2138983 0.1904091 0.1291128 0.1384936 0.0942566 0.09408916 0.08824389 0.1275503 0.1608841 0.1786721 0.1641178 0.1350738 0.07653795 0.09001997 0.1372507 0.2295809 0.2102039 0.1864605 0.1381678 0.1193273 0.1349733 0.1088828 0.1900274 0.3030938 0.2399719 0.1499256 0.1347533 0.1057001 0.02923982 0.01857072 0.01972547 0.02004139 
0.5179173 0.3709357 0.3300408 0.3185748 0.1722865 0.1438697 0.1860897 0.1543866 0.153906 0.09230958 0.09032281 0.09147898 0.1579272 0.09293996 0.1509238 0.1479048 0.1687018 0.2241907 0.1970996 0.1570053 0.1269166 0.1576382 0.1853622 0.1944449 0.2070968 0.1931033 0.1459115 0.1308699 0.1043649 0.1166034 0.1372275 0.1643345 0.1716615 0.1856763 0.1510653 0.1338513 0.1084821 0.09433999 0.2133323 0.209698 0.1838806 0.2040536 0.09522012 0.03373673 0.09347991 0.1455322 0.2520306 0.2053715 0.09045952 0.1265397 0.09958491 0.01607797 0.01469199 0.01174987 0.01168873 0.0315509 
0.3968791 0.2983654 0.272259 0.2688096 0.222356 0.1470861 0.1377588 0.1484473 0.1574578 0.1289881 0.1006185 0.2753699 0.1716587 0.1272565 0.1957746 0.1465237 0.1325938 0.1584776 0.2122879 0.1665074 0.1459231 0.1597392 0.1876429 0.1562873 0.217518 0.2416097 0.1821899 0.1300935 0.115321 0.1098017 0.1420071 0.1647763 0.1683822 0.1823932 0.1514803 0.155008 0.1594397 0.121104 0.152193 0.2101031 0.2168548 0.1837201 0.08838034 0.08226202 0.09209999 0.1348686 0.1763862 0.1180528 0.1328782 0.1216915 0.06979772 0.01887766 0.01236794 0.01166973 0.01159364 0.01886709 
0.3717089 0.2235357 0.2130407 0.2437931 0.2456844 0.1828675 0.1197313 0.1093459 0.179571 0.1364161 0.1144032 0.154098 0.1586266 0.2076909 0.1796825 0.1548632 0.1462057 0.1232982 0.1619495 0.1169363 0.1086782 0.1291366 0.1772161 0.1687575 0.2025037 0.2297507 0.173033 0.1280918 0.09119675 0.1004533 0.1170201 0.1283279 0.1548841 0.1695437 0.1633239 0.1501362 0.2782152 0.1608241 0.1083261 0.1723672 0.1759829 0.1700819 0.08061481 0.1024522 0.1537536 0.1658118 0.1730475 0.08931638 0.1207321 0.09392717 0.07048417 0.02317351 0.02379688 0.02825221 0.01669506 0.000125 
0.3398525 0.2265207 0.1700182 0.1754928 0.2031655 0.1749083 0.1461193 0.1482589 0.1641421 0.311333 0.2230525 0.1590394 0.2015632 0.155593 0.143794 0.1479091 0.1690851 0.1899525 0.1357665 0.1112815 0.1341534 0.1005328 0.1287412 0.1729999 0.1793014 0.1626724 0.1246912 0.09686117 0.09336819 0.09127422 0.1432458 0.1942648 0.1674579 0.1715298 0.180309 0.1099395 0.1342777 0.1529656 0.1243442 0.1185953 0.1667089 0.1470497 0.1013042 0.1549041 0.1617963 0.1585456 0.1043219 0.08218197 0.0907623 0.09153721 0.06948398 0.02929677 0.04812307 0.04750143 0.02536827 0 
0.5410404 0.2677616 0.1797688 0.1476549 0.2094551 0.1948256 0.1341556 0.2293804 0.2613861 0.1909531 0.1614052 0.1674824 0.1780313 0.1661372 0.234079 0.1746646 0.1793859 0.1928149 0.1454729 0.1190862 0.1227032 0.06445319 0.07451088 0.1765244 0.1530035 0.115298 0.08408693 0.09181419 0.07275783 0.1024244 0.1587516 0.2151712 0.2330629 0.2461257 0.1778702 0.107508 0.09120376 0.1060626 0.1224295 0.1336748 0.138198 0.1215593 0.1344352 0.1459067 0.1601744 0.120681 0.0874164 0.1264711 0.1455764 0.1078792 0.08117811 0.03849817 0.05093829 0.04900942 0.02793853 0.003041667 
0.4796294 0.3211802 0.1651229 0.1914756 0.1720125 0.222914 0.1854792 0.2125237 0.2720878 0.2448188 0.2340029 0.210758 0.2550367 0.279811 0.243405 0.1612242 0.1436015 0.1307166 0.1516299 0.111515 0.08084956 0.06257677 0.05761139 0.1148177 0.1254404 0.1037266 0.08966874 0.09803382 0.08153527 0.1346514 0.1188207 0.197333 0.2309199 0.2668593 0.2729942 0.1463634 0.09985977 0.1137385 0.1848058 0.2445299 0.1963207 0.1743532 0.1654471 0.1924857 0.1320109 0.08835814 0.09713881 0.1205285 0.1271296 0.1504419 0.09964051 0.03972359 0.0627335 0.05182286 0.02852335 0.002958333 
0.3300666 0.234836 0.1632307 0.2457139 0.2538267 0.2939903 0.2442148 0.2549249 0.2166844 0.3415878 0.2857754 0.2649728 0.2476052 0.2966243 0.2721458 0.168613 0.130928 0.103535 0.1527469 0.1203131 0.06983496 0.07512265 0.08441464 0.1307934 0.1608223 0.1388591 0.1351998 0.099347 0.07488703 0.1419436 0.1394722 0.1724664 0.1852662 0.1705871 0.1651219 0.1319295 0.1218887 0.1052248 0.2434843 0.2632725 0.2463683 0.1631666 0.238075 0.1581532 0.1011143 0.1018047 0.0953752 0.08361149 0.09489021 0.1081704 0.08068673 0.04375 0.058875 0.05083333 0.037 0.01895833 
0.2666946 0.2422219 0.1638034 0.3373576 0.4193882 0.4094954 0.3955383 0.2901892 0.2044507 0.2340797 0.2056426 0.197274 0.1935243 0.2078841 0.1629909 0.1739553 0.1602517 0.158993 0.1446419 0.1010452 0.07368673 0.07935819 0.0898228 0.1186423 0.1996822 0.1323388 0.1027982 0.1090093 0.1120302 0.1062569 0.09596857 0.135985 0.1758327 0.1639112 0.164989 0.131946 0.1711918 0.137314 0.2037951 0.1785495 0.2148508 0.1335206 0.13278 0.1521908 0.1033022 0.1180665 0.1270387 0.09148934 0.1029409 0.1019299 0.08379807 0.02925 0.056 0.05075 0.043 0.01366667 
0.1943503 0.1999955 0.2334539 0.4057002 0.3998692 0.4060653 0.348499 0.42668 0.243642 0.2324379 0.2401944 0.1775862 0.1871685 0.1748425 0.1956437 0.1779367 0.1906884 0.2107458 0.1625565 0.09295441 0.0931477 0.09835559 0.1028194 0.1091876 0.127834 0.08583734 0.08162412 0.0934481 0.1249807 0.1147165 0.09500521 0.1036182 0.1320645 0.1409966 0.1220458 0.1323834 0.1324607 0.1027181 0.1027771 0.1336241 0.1497854 0.127688 0.120361 0.1695682 0.1330936 0.143688 0.1390598 0.08534552 0.08630463 0.07837692 0.07339625 0.04941667 0.03845833 0.05575 0.03079167 0.009708333 
0.299945 0.2543088 0.2822406 0.5050445 0.3443519 0.3057911 0.2891604 0.2616402 0.2703319 0.3375869 0.2417028 0.1668976 0.1534062 0.2010631 0.2502754 0.1852934 0.2012587 0.2023534 0.1663196 0.1070154 0.1052719 0.1035873 0.08215964 0.1017559 0.09667378 0.09994923 0.1043195 0.1340711 0.1036552 0.1314472 0.07142995 0.123943 0.1453971 0.1355902 0.1040678 0.1342312 0.163368 0.1165214 0.147513 0.1668385 0.1835648 0.1425686 0.1763681 0.1421183 0.1142438 0.1551177 0.1212723 0.1072131 0.1076537 0.09598342 0.0925243 0.05599999 0.04804166 0.06654166 0.05779166 0.02258333 
0.3302515 0.2633422 0.2737916 0.4256916 0.3033905 0.2470735 0.2657273 0.2687185 0.3033803 0.2489491 0.1728895 0.1299041 0.1347995 0.1940846 0.2007838 0.1655205 0.1854204 0.19162 0.1616981 0.1326312 0.124111 0.1052536 0.1266718 0.1605476 0.1327285 0.1409114 0.1213483 0.1022657 0.1036921 0.1112485 0.0780373 0.07600734 0.07956222 0.09345029 0.08843187 0.132152 0.1621557 0.1778763 0.1763071 0.2000842 0.163455 0.1922412 0.2021906 0.1231826 0.121983 0.1433443 0.1130514 0.07656395 0.1067321 0.1087332 0.1056892 0.09329166 0.08495834 0.06983332 0.04791667 0.02245834 
0.3733871 0.3144782 0.2164268 0.2866566 0.3215516 0.3095387 0.2569246 0.2726956 0.2818415 0.2297379 0.1831581 0.1162307 0.1391939 0.149526 0.1733822 0.166818 0.1884097 0.1766712 0.1490908 0.1646064 0.1427303 0.1450534 0.155304 0.1696984 0.155255 0.1326226 0.09570054 0.09231706 0.09082326 0.08346378 0.07892731 0.09585638 0.08021566 0.06641088 0.1063763 0.1644287 0.1994399 0.2074129 0.1873167 0.1726181 0.1881214 0.2083353 0.1695705 0.1471149 0.1581469 0.2052807 0.1183361 0.0639767 0.05650856 0.07442605 0.08248009 0.09729166 0.0865 0.07275 0.041375 0.046625 
0.3957598 0.3524606 0.3191644 0.2518113 0.2154906 0.2115361 0.2084167 0.2440726 0.263262 0.220091 0.1772757 0.1375716 0.1453062 0.1554633 0.1451643 0.172111 0.1645758 0.1322102 0.1253467 0.1258315 0.1065678 0.1073496 0.1231126 0.1591558 0.1379537 0.1151098 0.07183775 0.06746012 0.08892704 0.1025546 0.08758139 0.07241206 0.05358216 0.09126651 0.08309302 0.11463 0.1619561 0.1405511 0.143168 0.1725585 0.2602136 0.1865541 0.1947367 0.186434 0.2354241 0.2046804 0.1337043 0.06307205 0.0701789 0.07229445 0.09521505 0.1065417 0.133625 0.09966666 0.08870833 0.05095833 
