ncols         56
nrows         54
xllcorner     28.264
yllcorner     -5.7719999999999
cellsize      0.25
NODATA_value  -9999
0.004849998 0.006352793 0.01756391 0.007755184 0.007827687 0.006676299 0.005412028 0.003970568 0.002553417 0 0 0 0 0 0.003078723 0.007265902 0.0105519 0.007211555 0.00414639 0.02440243 0.04098685 0.04005243 0.04242973 0.06220053 0.02526393 0.06743576 0.07601945 0.06023136 0.05688066 0.05185664 0.07268065 0.0687918 0.07723615 0.0919475 0.09473991 0.09883064 0.08557242 0.09100339 0.07851569 0.07396558 0.06988989 0.06527209 0.06780197 0.05979316 0.0557452 0.03657125 0.03798279 0.03114506 0.03242515 0.04249332 0.03174928 0.01869663 0.02366018 0.01276956 0.0161981 0.02034204 
0.003621425 0.005560113 0.00560382 0.005420789 0.006278372 0.004270509 0.002595922 0.008966902 0.004526907 0.002947408 0 0.000129305 0.001775401 0 0.002245534 0.001960215 0.007500682 0.007933823 0.01134554 0.02573324 0.05702864 0.06713762 0.07562533 0.07463454 0.05333425 0.07798579 0.1148817 0.06038265 0.07476596 0.07872023 0.07822677 0.07674026 0.08472025 0.09286474 0.1075608 0.09917454 0.1058549 0.1045485 0.08788647 0.09766461 0.09290205 0.08380008 0.05806325 0.05775217 0.03722433 0.03960727 0.04175381 0.03968001 0.0407698 0.02833831 0.02559435 0.0165553 0.01162705 0.00621925 0.009017169 0.005184885 
0.001952588 0.0009927843 0.001592532 0.002792302 0.0006741174 0.001263567 0 0.003486166 0 0.001234974 0.004564578 0.005418281 0.002091001 0 0.0002920503 0.003245673 0.006839555 0.01834406 0.0327612 0.05190155 0.08343904 0.08762773 0.06049443 0.09222047 0.08225851 0.09020779 0.1156166 0.07960693 0.1072222 0.117454 0.0925256 0.08633088 0.1061976 0.1294431 0.1199772 0.1240634 0.1045158 0.09649394 0.09749852 0.09526426 0.1042148 0.08299354 0.09968235 0.06390865 0.05258331 0.04210896 0.05155834 0.04944992 0.04480885 0.03190434 0.0342943 0.01594071 0.006834771 0.008362722 0.005610976 0.004641054 
0.004192521 0.002043148 0 0 0.001979975 0.001055687 0 0.001257768 0.007430148 0.01839704 0.008477248 0.004953126 0.0001142032 0.001132252 0.009837655 0.007165654 0.02072848 0.02507515 0.02261235 0.02638574 0.05716754 0.06812318 0.06256542 0.07653967 0.08456638 0.1153981 0.1290573 0.1203039 0.128072 0.1314331 0.1128091 0.1107949 0.1997925 0.1637203 0.1747776 0.1828252 0.1090169 0.1193259 0.1153124 0.09269588 0.08724637 0.1063427 0.1218657 0.09067635 0.06730844 0.05500882 0.04698746 0.05011569 0.03961577 0.0380408 0.02909375 0.01355531 0.01268839 0.01022059 0.009064485 0.007661712 
0.003068734 0.0002572313 0 0 0 0.001966282 0.006580392 0.001542483 0.005262427 0.02517407 0.009590662 0.00526504 0.008510686 0.01276317 0.01698233 0.0181173 0.01770891 0.02261337 0.02885372 0.03897344 0.06235374 0.07334519 0.0697023 0.09314677 0.07501196 0.08084904 0.1135465 0.1088739 0.08111313 0.0950541 0.156066 0.152869 0.1781581 0.1797105 0.1570753 0.1695791 0.1288828 0.1085768 0.07730682 0.07117914 0.1007562 0.09768716 0.08504774 0.074466 0.06219978 0.05699615 0.07525982 0.04914311 0.0481232 0.03298338 0.02422785 0.01164746 0.01123186 0.01041048 0.01160076 0.008982339 
0.009543844 0.001751924 0.001370831 0.005905892 0.0002171873 0.004267498 0.01016528 0.001697381 0.0047042 0.003777016 0.00157705 0.00539026 0.009558592 0.005585359 0.004591734 0.01976004 0.01555072 0.02482047 0.02343503 0.02915564 0.05446105 0.06037864 0.05829705 0.0952424 0.09392067 0.1248345 0.1236882 0.09667929 0.08985855 0.08976402 0.1454666 0.145086 0.1517603 0.227257 0.1416129 0.1430245 0.1233308 0.07347719 0.06553832 0.0628903 0.07957696 0.06785148 0.07339622 0.06433908 0.05966324 0.05756494 0.05458522 0.04059522 0.03460285 0.02724498 0.0259141 0.0172728 0.01061314 0.009741547 0.01146477 0.01250428 
0.02456286 0.01301467 0.01070706 0.003572028 0.0006034573 0.00135115 0.004700892 0.006202457 0.008341003 0.008099491 0.02087442 0.006497933 0.00142456 0.009319986 0.006616118 0.01965499 0.01443846 0.01263306 0.01413715 0.02120017 0.0501508 0.06069953 0.04603969 0.06555474 0.1389765 0.1877573 0.1493975 0.1372918 0.09349394 0.1266445 0.1550301 0.1373638 0.1250466 0.1466083 0.09649371 0.09750206 0.1075712 0.08254893 0.08246598 0.09018281 0.07136934 0.05680467 0.05339831 0.04854438 0.04744357 0.04484631 0.03597504 0.02788544 0.02288074 0.02253241 0.02308698 0.01132267 0.01592488 0.009327946 0.01893286 0.006167594 
0.002746025 0.0009323964 0.002449166 0.002604228 0.002944363 0.003026884 0.002255839 0.002738687 0.006919787 0.004879585 0.008421132 0.03534556 0.005344844 0.005131613 0.01174841 0.01448176 0.02256117 0.01485264 0.01348569 0.04149634 0.06665636 0.0655616 0.05575591 0.1031654 0.1316779 0.1282344 0.1057685 0.06951876 0.0897037 0.1187443 0.1485522 0.1660965 0.1631279 0.1656053 0.1179633 0.09602325 0.09246119 0.09688528 0.1223807 0.08906803 0.04849652 0.05196371 0.02850381 0.02961019 0.0299672 0.02813233 0.0207892 0.01407085 0.008339102 0.007696101 0.01171107 0.02517694 0.04340167 0.005184171 0.003022925 0.002473293 
0.003678139 0.001700535 0.001598851 0.00418836 0.009168308 0.005817003 0.008674723 0.003626023 0.005841456 0.005873666 0.0154162 0.01080392 0.002601818 0.002019205 0.002131289 0.02202776 0.01852485 0.03115398 0.03820425 0.07172634 0.07871696 0.061251 0.07604141 0.08571251 0.1002124 0.09312483 0.09100811 0.08206208 0.1004367 0.104742 0.1425391 0.1613403 0.2036968 0.164901 0.1379734 0.1304474 0.1175851 0.121601 0.1032009 0.0695864 0.0571909 0.04326573 0.03611002 0.03976319 0.03919905 0.02623777 0.02726552 0.01769722 0.009896617 0.01288782 0.01124568 0.02361809 0.009529734 0.003612157 0.003288041 0.009878891 
0.001250641 0.001017844 0.0002256874 0.001010152 0.002866722 0.0007348849 0.007147356 0.00390503 0.01207257 0.01301038 0.01353001 0.01202976 0.01389181 0.01023091 0.005255858 0.01558967 0.01294962 0.01520068 0.05015324 0.07087833 0.06285345 0.06922813 0.08319897 0.1157942 0.1256277 0.104968 0.10918 0.09824652 0.09093657 0.09186039 0.1633951 0.1801917 0.1806498 0.1800206 0.1532566 0.1884896 0.1681007 0.1599955 0.09586004 0.08562829 0.0553746 0.04659771 0.08498441 0.0751245 0.05399344 0.02633292 0.01434862 0.01070688 0.01276002 0.01287297 0.007492014 0.004839406 0.002478799 0.00201701 0.006609973 0.001380126 
0.001864484 0.0009942797 0.0009737351 0.003663387 0.006586898 0.002214519 0.004361846 0.009323721 0.02763363 0.02811759 0.0261885 0.02377292 0.06090682 0.013616 0.002414155 0.01124337 0.02359517 0.02272787 0.04091641 0.06852937 0.07082216 0.09025584 0.09765802 0.1300252 0.1439922 0.1511097 0.1837215 0.105166 0.1042486 0.07500196 0.1082718 0.1479128 0.1960142 0.1758753 0.1398174 0.1521309 0.1468444 0.1763073 0.1411185 0.08213186 0.09665219 0.08232103 0.09412508 0.0512686 0.04622632 0.02467531 0.02676942 0.02222731 0.0106929 0.009126819 0.007189223 0.002977044 0.002038946 0.001606924 0.002126971 0.002330175 
0.009925139 0.002099907 0.003124645 0.007733452 0.006471314 0.00784398 0.005032835 0.0133095 0.01897974 0.03340648 0.03261704 0.04719938 0.04211685 0.03288144 0.0158762 0.0194446 0.01917355 0.04459979 0.08683251 0.08157707 0.08404583 0.1101416 0.0960734 0.09276582 0.1411804 0.1877278 0.1504292 0.1394005 0.120892 0.1036006 0.114519 0.1720401 0.2271103 0.2360108 0.1712795 0.1888842 0.1989633 0.1830004 0.1838145 0.092671 0.09885357 0.06532975 0.05499069 0.04166789 0.03292182 0.03066819 0.02625323 0.01533973 0.0234984 0.01257896 0.004058903 0.002960182 0.007051548 0.002694287 0.003073533 0.003258531 
0.01953898 0.02514698 0.02079399 0.01575659 0.01436092 0.01852474 0.01277792 0.01142273 0.02925833 0.04582546 0.02890245 0.05349977 0.03603476 0.02964198 0.02886289 0.02632864 0.04385048 0.06335873 0.1189857 0.07008176 0.06548747 0.1269468 0.1331652 0.1110055 0.1455573 0.1543172 0.1282806 0.1011186 0.08978402 0.08185647 0.1035682 0.1698285 0.211007 0.2158058 0.2267487 0.2406633 0.2564088 0.2369211 0.2010154 0.1016404 0.07147701 0.06151802 0.04002221 0.02848648 0.02745876 0.03028795 0.02207798 0.009958645 0.009809492 0.02164932 0.03159175 0.008919495 0.005953431 0.003059389 0.003343404 0.003679597 
0.04013513 0.04995868 0.03930224 0.02573707 0.05635848 0.06128412 0.02786737 0.01186274 0.03035525 0.0657234 0.05317224 0.0621401 0.0208367 0.0258046 0.03469993 0.0455291 0.0769219 0.06765931 0.08748986 0.07588469 0.1191812 0.1138805 0.131039 0.1536477 0.1416328 0.1168889 0.1173101 0.07733506 0.08435 0.09072321 0.101119 0.1245246 0.1671614 0.1501353 0.1765023 0.1814899 0.2144397 0.2324464 0.1724888 0.09642909 0.0704592 0.04532674 0.03159153 0.02237823 0.02916885 0.05711965 0.02729007 0.02594067 0.01995024 0.03385192 0.03762681 0.01339559 0.008072042 0.00705403 0.003855996 0.004140913 
0.05444058 0.05375649 0.04756235 0.03536067 0.05544028 0.07565238 0.06873754 0.06558037 0.04377308 0.04860032 0.0522861 0.05075957 0.06454057 0.09824886 0.09263007 0.1060299 0.08605649 0.1051112 0.08430196 0.1089932 0.1362304 0.1126502 0.1430092 0.1610795 0.1468326 0.08227304 0.08815177 0.1014354 0.1059134 0.1097782 0.103257 0.1071809 0.1097856 0.1552965 0.1855119 0.1890475 0.1822307 0.1723559 0.1760847 0.1116516 0.07831322 0.0663315 0.04970543 0.03682319 0.03400449 0.03899474 0.0490027 0.05487682 0.02085831 0.01424439 0.003954124 0.004113746 0.004389319 0.009232691 0.02097806 0.005086498 
0.07963064 0.1105489 0.07735229 0.08680786 0.09320769 0.1019178 0.1590367 0.1213719 0.07991853 0.09622487 0.08697589 0.08970759 0.1142179 0.09958059 0.1659105 0.1738174 0.09700283 0.2025473 0.1156991 0.167196 0.1553775 0.1369096 0.1439169 0.1483081 0.1427033 0.1262077 0.101975 0.1050477 0.1062657 0.1292012 0.1164585 0.1081246 0.174633 0.149298 0.1380244 0.1430309 0.1617989 0.1820762 0.1522816 0.1569224 0.1607122 0.1536291 0.1281825 0.05044823 0.05373631 0.09778215 0.07498138 0.05928329 0.04921246 0.02055207 0.01596352 0.02035558 0.02124812 0.02132116 0.02335388 0.01057536 
0.07657983 0.1143468 0.06791382 0.08744641 0.07467286 0.107255 0.1411556 0.1062473 0.1520965 0.08397634 0.07176454 0.1502866 0.1542914 0.1644117 0.1924974 0.1727881 0.1068194 0.1616953 0.1481113 0.1657867 0.1957708 0.2181729 0.1083758 0.09636395 0.1319983 0.1166968 0.1051209 0.1104612 0.08271062 0.098894 0.1140663 0.1103385 0.1245035 0.1101929 0.121145 0.1088029 0.1070177 0.131279 0.1053885 0.07144377 0.09487752 0.1140281 0.1567635 0.07461819 0.04735502 0.06929888 0.04839665 0.04298368 0.02871001 0.02564273 0.02518689 0.02324629 0.02311367 0.01922886 0.02028052 0.008571107 
0.054638 0.0692874 0.1021635 0.06658141 0.07442673 0.09421838 0.09641068 0.09116977 0.1048338 0.09980262 0.1005929 0.1055516 0.1373129 0.2133489 0.3388625 0.2888678 0.1928022 0.236749 0.1843862 0.1776278 0.2353088 0.2183847 0.158732 0.1245303 0.1453592 0.1466607 0.1584904 0.1160917 0.0892371 0.09566171 0.09942134 0.1241504 0.1182294 0.08784287 0.0933867 0.1054576 0.096278 0.1180405 0.09435353 0.07258129 0.0673352 0.04606068 0.07863612 0.1057034 0.04049564 0.03716329 0.1120144 0.07840694 0.05476933 0.04922993 0.02384143 0.02780587 0.02714682 0.01405222 0.01078468 0.01364085 
0.05420055 0.07902475 0.0557666 0.05165483 0.0877627 0.1046252 0.06580438 0.04471296 0.06763712 0.09554282 0.1361179 0.1710183 0.1831584 0.3242965 0.4041932 0.3531627 0.3017506 0.2806051 0.2182804 0.2287444 0.2446023 0.199802 0.1444073 0.1371428 0.1709315 0.1655837 0.1299488 0.1153735 0.1123004 0.09716938 0.105282 0.1156107 0.09761813 0.09307735 0.07363522 0.09025065 0.07496634 0.05290233 0.08470675 0.04687066 0.06383245 0.07265276 0.04110934 0.06550533 0.04778686 0.06170477 0.06886958 0.05724153 0.04870057 0.02299505 0.03190608 0.05164346 0.06502038 0.02513196 0.01356546 0.01420408 
0.1066553 0.1053139 0.09036978 0.1274195 0.1512417 0.1121979 0.06058964 0.06156041 0.08265385 0.1270195 0.1426851 0.1690446 0.1712923 0.2531915 0.431076 0.3784141 0.3726505 0.3523296 0.3867022 0.292595 0.3878997 0.172188 0.1364804 0.1425626 0.1381932 0.1697593 0.162484 0.1373121 0.1301381 0.1119367 0.1029687 0.1133629 0.1027946 0.08430801 0.117457 0.1100872 0.06719594 0.05224748 0.05817478 0.05315292 0.0204728 0.03824966 0.05165859 0.06215343 0.07592159 0.04327277 0.02807632 0.03724435 0.03205375 0.02843008 0.02961278 0.05126695 0.07206735 0.04547401 0.03080975 0.04452993 
0.1258619 0.1272347 0.1647613 0.1620212 0.1576824 0.1219572 0.08289862 0.06896284 0.1024948 0.08187419 0.09783725 0.1344847 0.1724212 0.2130519 0.3060946 0.4361528 0.4175867 0.3637651 0.2446975 0.2537209 0.2979926 0.1968381 0.1664143 0.1680883 0.1583689 0.2082961 0.2221836 0.1955436 0.1473054 0.1306075 0.1363868 0.1370837 0.1121496 0.102468 0.1449351 0.1491688 0.07770464 0.04798937 0.04996849 0.0290946 0.02274244 0.02172337 0.04459327 0.04742922 0.02812457 0.03785932 0.03545798 0.04662318 0.03737375 0.03219552 0.03999297 0.05384256 0.06494123 0.06319012 0.05305966 0.08658358 
0.1469464 0.1515149 0.1332617 0.2075692 0.2128179 0.1500196 0.1359018 0.07451791 0.09284034 0.06816474 0.06720353 0.120375 0.1773768 0.2916304 0.2720864 0.3007275 0.2984667 0.2917526 0.3168851 0.2711276 0.2285768 0.2526759 0.3250959 0.2871243 0.1857979 0.1999108 0.2893888 0.2452637 0.2118818 0.1572649 0.1413684 0.1400476 0.1310291 0.09150079 0.11619 0.1231707 0.1135492 0.1059872 0.09384506 0.08731275 0.04283727 0.02370185 0.03600476 0.04205341 0.03635791 0.03148809 0.03718998 0.04946855 0.05055224 0.05438188 0.05004745 0.0427989 0.03399078 0.04793156 0.04360437 0.04198856 
0.1011468 0.1117948 0.09536396 0.1560661 0.2002668 0.2549055 0.1460582 0.1327772 0.08886057 0.1111005 0.09401009 0.1803925 0.214841 0.388909 0.2758859 0.2275308 0.2555277 0.264078 0.2613458 0.3154432 0.336072 0.2723974 0.2854649 0.2483027 0.2105168 0.2012396 0.2315073 0.2613537 0.2485974 0.2354793 0.1707448 0.1643535 0.1334896 0.105778 0.1204955 0.1107122 0.1091763 0.08350347 0.06184312 0.08004768 0.0663709 0.02992592 0.02786032 0.04534894 0.05266511 0.05405303 0.04555774 0.07201649 0.07752106 0.05694186 0.05142746 0.05458378 0.06464607 0.07094624 0.05817181 0.05834107 
0.08415932 0.08874382 0.07172719 0.10306 0.1923627 0.2629818 0.2305983 0.1609794 0.1171461 0.1072662 0.1456103 0.2001695 0.2075439 0.2634922 0.2154375 0.1567742 0.168979 0.1979878 0.2100419 0.2694227 0.2266122 0.1957157 0.2362198 0.2664674 0.2453607 0.2567136 0.2339675 0.2780773 0.3176211 0.2784356 0.1999922 0.1712052 0.1572198 0.1406418 0.1284169 0.1494763 0.1292401 0.1220226 0.067282 0.03994408 0.03791746 0.03983695 0.04196762 0.05312437 0.05183389 0.05329831 0.06937246 0.07207848 0.07370378 0.05494916 0.05151067 0.05678429 0.06865077 0.0819688 0.07707858 0.0609752 
0.103175 0.1056299 0.09072259 0.1243458 0.1682368 0.2211518 0.158748 0.09631926 0.08599907 0.08537629 0.1175807 0.1580883 0.1516511 0.1503652 0.1666589 0.1396624 0.1634719 0.2478985 0.2011244 0.2098118 0.2832976 0.3000396 0.2600709 0.2669582 0.2487515 0.2523202 0.2564859 0.2862607 0.3269522 0.2813962 0.2366531 0.184221 0.1750762 0.1579416 0.1101276 0.1606918 0.1774294 0.116316 0.08717199 0.07681211 0.05082577 0.04992265 0.03848455 0.04724181 0.05078498 0.05764594 0.1021124 0.07142749 0.06339121 0.05861497 0.05919106 0.0546462 0.04725567 0.07218195 0.07628606 0.09616887 
0.1576148 0.1249025 0.1002225 0.09032584 0.1191304 0.1169857 0.09645019 0.05763778 0.06021952 0.0665582 0.09869141 0.1587663 0.1217871 0.1001989 0.1021031 0.09106607 0.1150313 0.2083143 0.206351 0.2249523 0.2667221 0.3003656 0.30523 0.2903175 0.265708 0.2655872 0.2759168 0.3299719 0.3339559 0.2878335 0.257388 0.2241901 0.2281631 0.2000963 0.1563445 0.2034048 0.2041614 0.1909986 0.1163659 0.08748371 0.08642244 0.07580583 0.07228079 0.06659655 0.06250345 0.05939341 0.07900769 0.07991422 0.07758842 0.07637797 0.07558899 0.07171328 0.07129288 0.08725855 0.08892877 0.07217548 
0.1303751 0.1198216 0.1157415 0.08530519 0.1298988 0.1036929 0.09919471 0.1093961 0.06139887 0.06776974 0.07778945 0.1306476 0.1067084 0.1040498 0.08529036 0.07369158 0.1199735 0.1835421 0.250711 0.2027545 0.2072096 0.2752082 0.357012 0.3068773 0.2968485 0.2648041 0.2793189 0.3202098 0.3447895 0.3342002 0.2715904 0.2412129 0.2136556 0.1844229 0.1549629 0.1925376 0.2429245 0.2302782 0.1294329 0.09026679 0.1090996 0.09690556 0.07966062 0.0824718 0.08333486 0.1094418 0.09549244 0.09237981 0.08360929 0.08096268 0.08078988 0.0849262 0.1054408 0.1149582 0.1041753 0.08216187 
0.17472 0.1264594 0.09383411 0.09619304 0.1744914 0.1120826 0.1200333 0.08761624 0.07963848 0.09712835 0.1262142 0.1240569 0.1489688 0.119472 0.1193625 0.1183377 0.1186214 0.131097 0.1556027 0.1765276 0.1682938 0.1827588 0.2428525 0.2543053 0.27918 0.2687513 0.2687944 0.3050624 0.3228613 0.3180563 0.2827214 0.2562624 0.2340813 0.2144745 0.186552 0.1926494 0.2175211 0.1996184 0.155232 0.1336047 0.1299145 0.2152426 0.199977 0.1039538 0.1208091 0.1284474 0.1060293 0.09253875 0.1076181 0.09403926 0.08489475 0.07809687 0.102833 0.1066251 0.1110403 0.09342623 
0.2487242 0.1589087 0.1256901 0.1124156 0.1135663 0.08901631 0.09793633 0.08650546 0.1042593 0.1080049 0.08284236 0.148329 0.1311035 0.14497 0.116295 0.1234698 0.1291022 0.1304431 0.1462299 0.1589714 0.1788695 0.2165067 0.2530366 0.2733336 0.299973 0.2768767 0.277113 0.3150843 0.3336183 0.2926893 0.2723048 0.2720425 0.210933 0.1872087 0.1793416 0.2044036 0.2248571 0.2028458 0.1626475 0.145712 0.2241181 0.1716843 0.178198 0.1148766 0.1389729 0.1516209 0.1125324 0.1195642 0.1506055 0.1069821 0.08043917 0.07959665 0.1288247 0.1334209 0.1345751 0.09405261 
0.21218 0.2070484 0.1259667 0.07004518 0.08515091 0.08098583 0.07768173 0.06905507 0.07379811 0.09477183 0.1056137 0.1275581 0.1192119 0.14726 0.182116 0.1779028 0.1561868 0.1608223 0.1803053 0.2358674 0.2031773 0.1989883 0.2214293 0.2658377 0.2711861 0.2800297 0.2899835 0.2927542 0.3202125 0.2816716 0.2474329 0.2319039 0.2271063 0.1986822 0.1703798 0.1899767 0.2295738 0.2167305 0.1878813 0.1719866 0.1735488 0.1926057 0.180852 0.1272338 0.1132833 0.1175134 0.1114427 0.1315569 0.1115039 0.09508837 0.09388647 0.093462 0.1406875 0.1396603 0.1186734 0.08386264 
0.2371743 0.2204648 0.153414 0.07736184 0.07231937 0.06300177 0.05350202 0.05069144 0.05160282 0.1082764 0.1198533 0.1422314 0.1526509 0.18842 0.2338917 0.2024832 0.2200623 0.2070164 0.2612836 0.2984574 0.2357876 0.3003682 0.2999165 0.2714542 0.2872394 0.3546697 0.2871839 0.3006183 0.3118074 0.3015311 0.2328222 0.2081348 0.2295996 0.1889114 0.1767123 0.1970747 0.1615963 0.1927833 0.1785172 0.1120709 0.1263593 0.1407072 0.1580883 0.1281993 0.1108293 0.1201216 0.1257926 0.132996 0.1334156 0.09586471 0.08834296 0.08606707 0.1132439 0.1300488 0.09559583 0.104093 
0.1920636 0.1844328 0.1383041 0.1129151 0.07388785 0.04917356 0.05901817 0.06550849 0.07864558 0.0990652 0.08571682 0.1521918 0.1640774 0.1854327 0.204826 0.2626533 0.2382813 0.2454455 0.3141342 0.2740898 0.26807 0.3013842 0.3561086 0.3166002 0.3323762 0.3724171 0.2882122 0.3091606 0.3320993 0.3022367 0.2457025 0.2309631 0.2343666 0.2150535 0.1870106 0.162119 0.1248549 0.1249988 0.1128625 0.1246618 0.1096211 0.1348374 0.1443001 0.125646 0.1337478 0.1438041 0.1504518 0.1409928 0.1162237 0.09832712 0.08740407 0.06809545 0.0759078 0.122436 0.09242105 0.1065716 
0.2260345 0.2039512 0.1126054 0.1082444 0.06524167 0.07052939 0.08465985 0.075872 0.1019129 0.09816036 0.114871 0.1417507 0.1709516 0.1921771 0.2240486 0.2561682 0.2454912 0.2548063 0.2717825 0.3126703 0.311174 0.3006006 0.2921679 0.3359588 0.3137136 0.3020435 0.287701 0.3113245 0.3238547 0.3019989 0.2448767 0.229596 0.2295166 0.2230337 0.1893943 0.1585003 0.1270265 0.1049258 0.1282481 0.2083661 0.1821451 0.2159563 0.1959304 0.1373356 0.1510653 0.1535101 0.1419639 0.1401278 0.142093 0.1078929 0.1039551 0.08070039 0.07278214 0.07800411 0.07912799 0.07551496 
0.1848657 0.1651983 0.08682158 0.0762409 0.03891876 0.04329593 0.1050293 0.1131787 0.09433688 0.09777836 0.1082799 0.157095 0.1807622 0.2043678 0.2376119 0.2280371 0.2518747 0.235316 0.2691189 0.289768 0.3254301 0.3354562 0.3529126 0.2872245 0.3135149 0.3543193 0.299057 0.314417 0.3291285 0.308628 0.2696525 0.2447261 0.2329298 0.2053479 0.1716355 0.1174316 0.1008726 0.1025816 0.13515 0.1976659 0.1920681 0.2239575 0.1995278 0.1747693 0.1862962 0.1669757 0.1349545 0.1355641 0.1315568 0.1130686 0.1020232 0.07889643 0.08738474 0.07701977 0.07121319 0.05268136 
0.2060899 0.1876804 0.1009881 0.07892283 0.05939622 0.05402616 0.07573978 0.1149837 0.1383543 0.1202696 0.1690296 0.1765633 0.2133245 0.2045353 0.2356503 0.2368418 0.2264729 0.2489496 0.3128887 0.2614759 0.2905347 0.2929967 0.2512947 0.2915992 0.33577 0.3534409 0.2843082 0.2893592 0.3155181 0.3181516 0.2714352 0.2397973 0.2446139 0.2010577 0.1858007 0.1377462 0.1294853 0.1384988 0.1427725 0.1794907 0.1918726 0.1754592 0.1979818 0.2295382 0.1854632 0.1364354 0.1155374 0.1702509 0.104611 0.07969628 0.09555811 0.09044883 0.09616522 0.08224238 0.04665985 0.03780239 
0.2170072 0.1797055 0.1040164 0.08524746 0.08724626 0.09342444 0.06216861 0.07292564 0.1109611 0.1266173 0.1750497 0.1913957 0.2293795 0.2122186 0.2674147 0.2865758 0.2649885 0.3073855 0.3146321 0.2795852 0.2920831 0.2834432 0.2685197 0.2843126 0.3389756 0.3525565 0.2989143 0.249025 0.2610303 0.2481604 0.2238998 0.2709908 0.2365013 0.2110634 0.2137327 0.1715951 0.1918998 0.1905344 0.1952537 0.1960851 0.2403621 0.2503525 0.2559264 0.2455116 0.1405599 0.1326871 0.1263761 0.1112791 0.09109344 0.08757815 0.07203106 0.09105547 0.09521093 0.07988467 0.05472922 0.05809786 
0.2045032 0.1535668 0.1007241 0.0878147 0.09770726 0.08954753 0.06869405 0.06251545 0.1055583 0.1140385 0.1442593 0.1828 0.1919307 0.2161033 0.2833932 0.2725645 0.2829263 0.3120757 0.3268667 0.3293113 0.3689815 0.3295092 0.2700704 0.2861395 0.3321794 0.3224794 0.2803781 0.2355041 0.2082353 0.1907261 0.2037499 0.2423392 0.2514856 0.2234576 0.1869111 0.1801696 0.2080229 0.2165708 0.1995594 0.2145841 0.2371977 0.2745149 0.2023713 0.1396571 0.1087822 0.1236074 0.1706011 0.118655 0.1096426 0.1042184 0.09436899 0.1009962 0.1106552 0.06281338 0.05159868 0.05001585 
0.2056888 0.1578263 0.07646877 0.07635159 0.08580901 0.1097377 0.09317044 0.07965354 0.09465767 0.1008208 0.1363414 0.2139546 0.1940114 0.2074855 0.2747467 0.2538782 0.2493128 0.2774367 0.3184291 0.3417242 0.4203065 0.3955147 0.3524614 0.3335314 0.3349407 0.3011455 0.3173655 0.2611482 0.1951162 0.2032753 0.2106161 0.2146275 0.2344848 0.1969346 0.1895535 0.1851601 0.2012211 0.2103119 0.2193547 0.1972321 0.2002575 0.1813434 0.2067745 0.1525603 0.1202782 0.1385707 0.1285942 0.1067934 0.08416599 0.09312328 0.1145002 0.08392512 0.08108451 0.05917033 0.05153888 0.008675393 
0.1496662 0.1625611 0.1120696 0.0899038 0.1032049 0.1156882 0.08434853 0.06404585 0.1013597 0.08875256 0.1291827 0.1420766 0.1692554 0.2159814 0.2430047 0.2328798 0.2460368 0.2837257 0.3286448 0.3965143 0.3787439 0.325456 0.2888432 0.3566661 0.328682 0.2700427 0.2944473 0.2642465 0.1974411 0.2741138 0.2774238 0.2222753 0.2017244 0.2311257 0.1918996 0.1658968 0.1885662 0.2009936 0.2068671 0.1986187 0.1781978 0.1748633 0.1902123 0.1405722 0.1352772 0.1527738 0.1032395 0.08672345 0.09506474 0.09628259 0.09531537 0.07454392 0.04312309 0.04397354 0.02118869 0.008323755 
0.1298453 0.1323947 0.1003878 0.09189291 0.09217642 0.09299294 0.07256605 0.06612731 0.09605099 0.1155374 0.1409209 0.129095 0.1298826 0.1771351 0.2140939 0.2453278 0.2512038 0.2656547 0.2886042 0.3985568 0.3001985 0.2652825 0.2347036 0.3065632 0.264157 0.2380156 0.2312089 0.1702043 0.2098951 0.3375386 0.3107376 0.2097655 0.1789509 0.2104922 0.1448529 0.1507308 0.1510164 0.1850937 0.2182522 0.2437917 0.2098299 0.2018261 0.1660102 0.1380194 0.1288198 0.1048881 0.09357918 0.08921193 0.1127781 0.07634506 0.05350251 0.04544582 0.04808323 0.02237315 0.02236739 0.008467624 
0.118977 0.07498437 0.06271703 0.09117634 0.08538821 0.08073159 0.07838262 0.06522191 0.0826857 0.08870716 0.1148844 0.1298356 0.1318215 0.1499293 0.2161227 0.2432006 0.2284978 0.2634473 0.2878264 0.3187554 0.3016563 0.2697508 0.2501424 0.2463922 0.2254618 0.2036775 0.1759702 0.1875968 0.2212371 0.2019412 0.1708444 0.1844167 0.2186978 0.1731658 0.1118611 0.1296915 0.1446934 0.1863068 0.2414677 0.2684485 0.2675074 0.2123343 0.174268 0.1272537 0.08642216 0.08778659 0.09405964 0.08013239 0.07437962 0.05335707 0.03603337 0.03852759 0.02253943 0.02109944 0.02141009 0.00767637 
0.1294798 0.08232801 0.08312142 0.1285832 0.1186835 0.09897434 0.08619961 0.07295956 0.07621824 0.09760325 0.1064089 0.1088525 0.1354457 0.1343266 0.2156693 0.2290914 0.220278 0.2319799 0.2364208 0.2775344 0.2986094 0.2336711 0.2245544 0.2287564 0.2162765 0.2326717 0.217609 0.2178115 0.1482544 0.1608518 0.1243642 0.1559823 0.2013151 0.1823975 0.1045246 0.1207919 0.1499353 0.2091831 0.304175 0.2911194 0.2499212 0.2239936 0.2379392 0.1508365 0.1086006 0.1023521 0.1188905 0.06331971 0.03145334 0.03233656 0.03508859 0.02011098 0.0226151 0.02011011 0.02041754 0.007431687 
0.1117875 0.07412559 0.1090688 0.1310351 0.1251078 0.09570234 0.09454855 0.09235881 0.07916735 0.09739511 0.1537748 0.1584656 0.1864527 0.1753564 0.2282216 0.2736942 0.3029517 0.2647009 0.2400487 0.2784795 0.2493813 0.2749488 0.2775584 0.2780612 0.2408119 0.192064 0.2027491 0.2265131 0.1788187 0.2072309 0.1783073 0.124225 0.1468918 0.1856564 0.1362595 0.1651714 0.1932767 0.2091871 0.2594157 0.3291146 0.3283772 0.3045243 0.2071745 0.1561285 0.1458939 0.1302947 0.09265009 0.04339717 0.03187229 0.02917638 0.0287664 0.02242165 0.02326197 0.0215198 0.01986766 0.007246412 
0.09906715 0.07496414 0.08217595 0.1122481 0.09673175 0.090221 0.08485629 0.09773018 0.1283649 0.1029191 0.1293671 0.1725355 0.1620224 0.1881897 0.2255812 0.2455682 0.2761806 0.2445605 0.2445437 0.2559586 0.2344361 0.2584206 0.2100052 0.2040918 0.2534864 0.2147366 0.1962443 0.1925373 0.2652439 0.2148055 0.1073406 0.07254579 0.121758 0.1737005 0.2093279 0.1903066 0.2752668 0.2338361 0.1953444 0.2581371 0.2665169 0.2384384 0.1988886 0.1760709 0.1828695 0.1303948 0.09331553 0.03966585 0.02713118 0.03414018 0.02296504 0.01867787 0.00849048 0.007991473 0.008304399 0 
0.1320128 0.117067 0.07966708 0.08689554 0.09173737 0.09667275 0.09851099 0.1078099 0.143963 0.1753116 0.1595664 0.2084743 0.214161 0.2428963 0.2856761 0.2496335 0.2252867 0.2531078 0.2488485 0.2808605 0.2607665 0.27889 0.2733337 0.2384416 0.246479 0.237561 0.200148 0.1735714 0.1628135 0.1332645 0.1078559 0.1373332 0.1453733 0.1126657 0.1389508 0.1484598 0.1430477 0.1696112 0.1829177 0.252716 0.2987778 0.2984026 0.2210593 0.1981677 0.1654365 0.1116189 0.07628827 0.03676281 0.02610088 0.02636347 0.02179164 0.01196156 0.02132483 0.01134324 0.02222569 0 
0.2493052 0.1739723 0.1148906 0.117969 0.1306791 0.1139713 0.134075 0.1492871 0.156603 0.2117382 0.2353791 0.2161847 0.269438 0.2751056 0.3019284 0.2135871 0.2317064 0.2509639 0.212617 0.2230729 0.252591 0.2277279 0.2853479 0.2344139 0.2063969 0.2223301 0.2152175 0.1950559 0.2091032 0.1936271 0.1875628 0.1402736 0.1177829 0.1204941 0.1200691 0.1620672 0.1084302 0.1484898 0.1850055 0.2356153 0.2616478 0.2712566 0.2451319 0.1965869 0.1976508 0.125843 0.07757048 0.03992935 0.02944648 0.02515708 0.03024237 0.01402774 0.02068259 0.009850647 0.02082612 0.003991935 
0.2104571 0.1309926 0.1520396 0.1255535 0.1099823 0.1220611 0.1420598 0.2066372 0.1911702 0.2019552 0.1978844 0.1893662 0.2404724 0.2530371 0.2189514 0.2147397 0.2173348 0.2589646 0.1910972 0.251678 0.2466881 0.1971133 0.1900954 0.1992921 0.1785654 0.2235124 0.247795 0.2742536 0.2927308 0.2759074 0.2396348 0.1825436 0.1455194 0.1439723 0.1324165 0.1834819 0.1437585 0.1376395 0.1633025 0.2539137 0.2748984 0.2187693 0.2122648 0.2368131 0.1927998 0.128043 0.08521746 0.04694642 0.03878393 0.03962725 0.03856338 0.01137692 0.01038814 0.008714883 0.01483142 0.01040322 
0.162932 0.1332828 0.1472884 0.1170518 0.1182762 0.1092501 0.1287996 0.1843221 0.1795127 0.220553 0.2226901 0.1898881 0.2010516 0.2165971 0.2189819 0.2091162 0.2103383 0.2364815 0.2245814 0.2158123 0.2354936 0.2444318 0.2307084 0.2025774 0.238161 0.242441 0.2842848 0.3156376 0.2931265 0.3703636 0.3771116 0.3294086 0.2373091 0.1864458 0.1647494 0.1222276 0.2453743 0.1591202 0.1953992 0.2286403 0.2503532 0.2621602 0.2871906 0.2658453 0.2011193 0.09430407 0.06195498 0.05998088 0.05851173 0.05414766 0.04968334 0.0002016129 0.0001209677 0 0.01060484 0.007379032 
0.153639 0.1324131 0.1598487 0.1392648 0.1425841 0.1320963 0.1525542 0.1878341 0.2071389 0.1925443 0.1846602 0.1684111 0.1772806 0.2451428 0.2571512 0.2454454 0.2807733 0.2548829 0.2540754 0.2312959 0.2421749 0.2577647 0.2559629 0.3000011 0.2878611 0.27232 0.3349612 0.2843469 0.2615608 0.3161533 0.3310845 0.2593688 0.2172791 0.2042179 0.1918832 0.1328738 0.1760076 0.1811761 0.2462495 0.2618649 0.2586647 0.2404158 0.309677 0.2416723 0.1563214 0.0993375 0.07240735 0.08251637 0.07854243 0.07593143 0.06338511 0.006532258 0.0002016129 0.0001209677 0.005080645 0.001693548 
0.1551595 0.1922775 0.1921122 0.1791574 0.1639812 0.1836964 0.196289 0.1872907 0.201798 0.1769335 0.1993077 0.1725488 0.1865333 0.2152772 0.2516267 0.2923304 0.2845499 0.2510879 0.2258856 0.2302976 0.2562726 0.2705314 0.2584244 0.3028773 0.3381733 0.340183 0.3223307 0.3185954 0.3208133 0.307432 0.2744587 0.1907822 0.1643739 0.1426296 0.1599803 0.1498607 0.1407569 0.1728167 0.1492184 0.2355608 0.2553459 0.2613512 0.1836787 0.1849385 0.1159151 0.1057385 0.0840153 0.101133 0.08495298 0.07288089 0.06995162 0.004919355 0.0003225806 0.002096774 0.008629032 0.001653226 
0.2181977 0.2246548 0.1782286 0.1501175 0.1449535 0.1205819 0.1555367 0.1497814 0.1734166 0.1732293 0.1704474 0.1725029 0.1683626 0.1619009 0.216053 0.2448988 0.2514763 0.2328384 0.2210193 0.2634586 0.3059293 0.2862833 0.2913204 0.3393055 0.3517772 0.3572941 0.3732484 0.3583996 0.4034522 0.344515 0.2470938 0.1798425 0.1767623 0.1508385 0.1766054 0.169248 0.1574762 0.1606902 0.1576682 0.2432823 0.2504548 0.1896083 0.1833537 0.1365237 0.1122159 0.1224157 0.08040086 0.07377557 0.0766862 0.08049282 0.07676707 0.0116129 0.01649194 0.0008467741 0.000282258 0.001370968 
0.1968665 0.2322275 0.1720902 0.1495696 0.1311184 0.1134133 0.1428851 0.1480871 0.1402494 0.1324804 0.1607128 0.1562692 0.1599037 0.1797547 0.2144326 0.2264198 0.2078297 0.2181121 0.2217 0.2291759 0.2390492 0.2273024 0.2692395 0.2943099 0.2678521 0.304287 0.3203042 0.4092733 0.4286858 0.393955 0.287611 0.2523399 0.1883413 0.2144971 0.2565553 0.1861966 0.1924067 0.1933434 0.2325307 0.2350706 0.2552312 0.2125646 0.1486212 0.1232061 0.151681 0.1406551 0.08638638 0.0398858 0.04772177 0.07922064 0.07675454 0.01754032 0.02189516 0.01923387 0.02298387 0.008870968 
0.1802739 0.2526201 0.2503594 0.1608693 0.1280687 0.1212522 0.1387292 0.1659717 0.1399753 0.160315 0.1510159 0.1517029 0.1838009 0.2219904 0.2451406 0.2276723 0.2416857 0.2669794 0.2212905 0.2256559 0.2040232 0.2358249 0.2438527 0.2827955 0.2477204 0.2587909 0.3084001 0.3940144 0.4301863 0.5083208 0.3639791 0.2840487 0.2255462 0.2159929 0.2183183 0.1851835 0.1908706 0.2358651 0.372305 0.2591898 0.2378506 0.2717984 0.1395182 0.1488939 0.1380895 0.1352572 0.08760551 0.05635072 0.07733048 0.08477975 0.1043087 0.05451613 0.06741935 0.05479838 0.02475806 0.005645161 
0.2121877 0.2003496 0.1623509 0.1555986 0.1512934 0.1394214 0.1410326 0.1365834 0.1572948 0.1643859 0.1798349 0.1928965 0.2131252 0.2259108 0.2798485 0.2591795 0.2259831 0.2527673 0.2263054 0.2019865 0.2202743 0.2566676 0.2526715 0.2806186 0.2740295 0.274556 0.2581131 0.3443069 0.3872992 0.4742194 0.4109409 0.3506082 0.3066327 0.2231905 0.2433961 0.1981616 0.2180247 0.2074798 0.2311681 0.1925667 0.1787267 0.1660488 0.1482141 0.2118759 0.1636519 0.1409572 0.09940417 0.08542684 0.08239388 0.08174957 0.07931568 0.02782258 0.03229839 0.05681451 0.01274193 0.006048387 
