ncols         56
nrows         54
xllcorner     28.264
yllcorner     -5.7719999999999
cellsize      0.25
NODATA_value  -9999
0.001000261 0.000837552 0.0007852281 0.0003002022 0.000234215 0.0002030141 0.0001887858 0.0001818723 0.0001448115 0.0001334972 0.0001301903 0.005947613 0.00589527 0.001452488 0 4.158307e-005 0.0001213364 0.0001590045 0.0005447251 0.003597026 0.00112291 0.000414775 0.0003927972 0.002480581 0.00316251 0.004395464 0.01110885 0.02290035 0.03701061 0.04081728 0.0626696 0.0745035 0.09117246 0.09542042 0.1212386 0.1078557 0.114504 0.1223871 0.1508772 0.1154142 0.1086414 0.1264609 0.1412268 0.1251164 0.1458552 0.1735058 0.1538824 0.1714828 0.1484621 0.1713536 0.1710256 0.1658515 0.1882463 0.2293163 0.1940438 0.1183429 
0.007489393 0.02656051 0.004146725 0.0004271423 0.0003074593 0.0002530983 0.001597855 0.0001691035 0.0001528335 0.0005142801 0.0001133431 0.005101966 0.009004269 0.00912543 0.0007731499 0.0001054548 0.0001257171 0.003063941 0.003109748 0.003092673 0.001464295 0.000566625 0.0007977319 0.002925343 0.003701005 0.009061786 0.01980981 0.02782513 0.03930194 0.05136281 0.06475925 0.104685 0.1177018 0.1528143 0.1520759 0.1495919 0.1531951 0.1535623 0.18995 0.1256658 0.1209853 0.1502753 0.1421691 0.1318219 0.1367444 0.1537793 0.1483096 0.161504 0.1586299 0.168899 0.1989463 0.1890185 0.1988516 0.1860365 0.164973 0.1152003 
0.006370136 0.02146213 0.003492319 0.0004562021 0.0005914824 0.0004690564 0.001258916 0.0001831885 0.0001655539 0.0002955283 0.0004903037 0.000287051 0.0002883326 0.0002924908 0.0007794402 0.000338049 0.0001531039 0.0003135379 0.001351464 0.003915085 0.002285328 0.002815029 0.005311367 0.007017924 0.004453154 0.009849248 0.02222263 0.03018963 0.03383066 0.05302945 0.07054145 0.1345899 0.1589003 0.1847537 0.1892548 0.1663278 0.1671956 0.1805011 0.2091379 0.1429613 0.1579993 0.153807 0.152538 0.1487301 0.1628145 0.1774031 0.1604886 0.1597972 0.1646909 0.1843647 0.2247371 0.1869928 0.1667329 0.1477672 0.1553249 0.072791 
0.005738458 0.006081289 0.01537659 0.00507367 0.001494575 0.001637466 0.0005737344 0.0005397892 0.004939504 0.000477682 0.0004040388 0.001145412 4.485314e-005 0.0009940225 3.318057e-006 0.0001819155 1.94898e-005 2.739316e-005 3.91821e-005 0.001929529 0.005315106 0.004169437 0.006543061 0.01932508 0.01335595 0.003711993 0.01364806 0.0473711 0.04689239 0.06913381 0.1099588 0.2424539 0.2762647 0.292457 0.3030024 0.214464 0.1907528 0.193014 0.1923293 0.152541 0.1403656 0.1538553 0.1469791 0.1829586 0.1961178 0.1969998 0.2097448 0.2027846 0.215778 0.2194478 0.2629191 0.2106059 0.1812488 0.1493398 0.1101708 0.09290757 
0.006471627 0.006546285 0.006090762 0.005280256 0.007185155 0.003098062 0.0007819791 0.001203548 0.003013669 0.0005074301 0.0004743836 8.827525e-006 4.601715e-006 3.150505e-006 4.501285e-006 2.138307e-005 2.625215e-005 3.480887e-005 4.654681e-005 0.0007857065 0.00655905 0.005575492 0.005942556 0.008948095 0.007516935 0.02483715 0.01508636 0.05618748 0.06677809 0.08249676 0.1361804 0.2684272 0.2712933 0.2683056 0.3501647 0.2320912 0.2036604 0.1747992 0.1805967 0.150666 0.1465999 0.1515815 0.15366 0.1889794 0.2114823 0.1886914 0.2004766 0.2227665 0.2559129 0.2454612 0.248787 0.2101474 0.1713371 0.1473889 0.1388478 0.09145967 
0.009457966 0.00839628 0.01035191 0.01664254 0.01118824 0.01510467 0.005760763 0.006340112 0.0007216667 0.0005257754 0.0005346897 0.005639652 0.01824449 0.0003262472 5.815331e-005 0.00115747 0.0006909716 0.001121248 0.0001117294 0.001005372 0.00465157 0.0072859 0.002633587 0.007258403 0.009652968 0.02516472 0.04768167 0.06185738 0.07914283 0.11781 0.1551924 0.2690211 0.2728664 0.2542631 0.2937317 0.2101045 0.2044237 0.181884 0.1857303 0.1757704 0.1678117 0.1702608 0.1890833 0.2035279 0.2033787 0.191088 0.1975344 0.1968359 0.1847959 0.2108634 0.2325758 0.2343265 0.220411 0.1790254 0.1451088 0.08467422 
0.01162204 0.01088647 0.01125058 0.007623561 0.02980223 0.01160966 0.002360202 0.0007883642 0.001062433 0.0005397437 0.000534502 0.001921274 0.001605699 0.000809237 0.0003368436 0.00151361 0.0009275528 0.001471412 0.006404947 0.00343375 0.008323842 0.009530834 0.005987036 0.01252162 0.0192101 0.02914528 0.0588017 0.09218657 0.1121865 0.1458849 0.1801051 0.2841646 0.2871041 0.2838476 0.3004497 0.2169114 0.1974568 0.1984144 0.2085785 0.1946773 0.2019693 0.190228 0.2169612 0.1888902 0.1968308 0.206681 0.2071031 0.2015412 0.1935996 0.193433 0.2256952 0.2469456 0.2264091 0.2113755 0.1732287 0.09060425 
0.01638322 0.02841082 0.03838952 0.02567033 0.01653075 0.01388634 0.01070936 0.006148307 0.01052253 0.01258406 0.003085579 0.00154682 0.002431681 0.003995522 0.0040056 0.006076316 0.005782674 0.005725964 0.01251559 0.01351795 0.01170048 0.02305125 0.041614 0.02318973 0.02064378 0.03035267 0.05959023 0.08697536 0.09333927 0.09621294 0.1244804 0.1578137 0.1705814 0.1570552 0.2120831 0.1703869 0.1245189 0.1179735 0.2400444 0.1374308 0.1551378 0.1568252 0.135928 0.1850196 0.1895186 0.2010228 0.1885454 0.1847389 0.1735785 0.186481 0.2166329 0.2518909 0.2495682 0.2223807 0.2516574 0.1196829 
0.01588839 0.03436991 0.04432623 0.03031657 0.02685374 0.0207198 0.01600527 0.006976462 0.01347295 0.01249773 0.005094517 0.002420204 0.004400677 0.004452931 0.01149419 0.005763117 0.004976714 0.003865019 0.01162913 0.02484729 0.02218639 0.03252098 0.07104108 0.03218595 0.03336285 0.0468762 0.05283572 0.07256874 0.07061853 0.08564672 0.1061786 0.140884 0.1659506 0.204329 0.2441411 0.1857568 0.1922602 0.1749913 0.1263588 0.1347469 0.1537672 0.1513635 0.1364446 0.2129799 0.2000342 0.1919734 0.2118998 0.2184722 0.1856163 0.1935868 0.2424386 0.2112323 0.21777 0.220259 0.2113739 0.1148466 
0.01799621 0.04267676 0.0528925 0.03270776 0.02711814 0.02896655 0.02817946 0.04516175 0.02537012 0.02369479 0.01383585 0.01246618 0.01392716 0.005198818 0.01785855 0.006815621 0.004164133 0.007593655 0.01537644 0.0317872 0.02752624 0.03100833 0.03714231 0.03639468 0.02898008 0.04782148 0.05860841 0.06099505 0.06069766 0.08876556 0.1114462 0.1501983 0.1786127 0.1968496 0.1947888 0.214505 0.1989901 0.1680224 0.1712754 0.1407748 0.1380468 0.147012 0.1486191 0.2310779 0.2204425 0.2041276 0.2098299 0.2200444 0.1986084 0.2367299 0.1956475 0.1934576 0.2021341 0.2185451 0.1836797 0.1024033 
0.02019924 0.05232826 0.05847846 0.03702465 0.03222589 0.04906699 0.08582412 0.02054989 0.02538561 0.02259441 0.01614499 0.02043447 0.0368908 0.02739135 0.02791779 0.01161339 0.0169654 0.01613715 0.02218696 0.02914247 0.02102071 0.03341848 0.03671547 0.04733093 0.03403515 0.05076022 0.08003685 0.07950611 0.060762 0.05646599 0.07680818 0.1514202 0.1722656 0.2115744 0.2300577 0.2168832 0.2128245 0.2149946 0.2131397 0.1446342 0.1499396 0.1502379 0.1507451 0.2248341 0.2186815 0.2271913 0.2213605 0.2018182 0.1952648 0.2043046 0.1989337 0.2143109 0.2197701 0.2227234 0.2012738 0.09911202 
0.02446616 0.04500428 0.06813908 0.06394821 0.02942753 0.03529996 0.07210145 0.02543796 0.0176628 0.02282053 0.0202286 0.04471201 0.03531019 0.03099364 0.03483469 0.02622042 0.02767375 0.02908758 0.03147545 0.03158829 0.01727386 0.02891912 0.04719177 0.05985244 0.04500961 0.05712949 0.08044247 0.06460997 0.05234079 0.05654639 0.06933714 0.07093265 0.09234544 0.1108169 0.1383908 0.1920564 0.1766799 0.1844223 0.2269459 0.1788179 0.1766775 0.1746384 0.1643855 0.2009397 0.2311684 0.2213109 0.2131017 0.2040656 0.2037256 0.2025809 0.181168 0.1835964 0.1588568 0.1306035 0.1072622 0.1178369 
0.02879352 0.03302522 0.06096403 0.03175478 0.02984384 0.02520599 0.02984213 0.02196343 0.02320494 0.02132955 0.04131678 0.088208 0.03975749 0.02155718 0.02977328 0.02981829 0.02988156 0.02913474 0.02568431 0.01977536 0.01815942 0.02686198 0.05090457 0.06825703 0.06998803 0.07319722 0.0627465 0.04746033 0.04257908 0.05557165 0.06232854 0.07093702 0.07840957 0.08978076 0.1193944 0.1888684 0.1508037 0.1560332 0.1958283 0.1804493 0.1764302 0.1684746 0.1525005 0.2044989 0.2101778 0.2149711 0.1928693 0.1961375 0.2059511 0.2011176 0.1932515 0.1974071 0.1659552 0.1382853 0.1165653 0.1226153 
0.03835418 0.04164527 0.07712303 0.03653826 0.03000893 0.03003198 0.03426116 0.03655202 0.02692113 0.02704274 0.06235899 0.08065076 0.04504477 0.03050808 0.03561105 0.04364425 0.04942879 0.03093599 0.0149491 0.02250262 0.02532241 0.04358788 0.05373173 0.1105292 0.09370364 0.08274036 0.06357709 0.05501899 0.04122566 0.05431031 0.0584151 0.06355233 0.08345331 0.09081627 0.1289608 0.1419664 0.1315423 0.1359036 0.1496176 0.1743004 0.1777954 0.1619569 0.163306 0.1773206 0.1820038 0.1892228 0.1781405 0.2041692 0.2071486 0.2204994 0.2117364 0.2187655 0.1561961 0.1226551 0.1067572 0.08962148 
0.04614525 0.04995375 0.1159813 0.05846865 0.05238758 0.05302423 0.04919461 0.06261054 0.04463782 0.04605851 0.06808285 0.07850284 0.06848238 0.05682661 0.05683786 0.06263811 0.1191382 0.07957391 0.04389787 0.02694789 0.02911483 0.03776347 0.06796774 0.1089077 0.1009979 0.06555384 0.06534043 0.04967148 0.04665625 0.04970359 0.05576548 0.06766079 0.08304184 0.09502462 0.1006218 0.1373173 0.121591 0.1216682 0.1303459 0.1531093 0.1606999 0.1484798 0.1584558 0.1655331 0.1773666 0.1810985 0.1674421 0.1870996 0.199371 0.225723 0.2314188 0.2108451 0.1661026 0.1426376 0.1321605 0.1031417 
0.08953879 0.05190124 0.09326573 0.06999008 0.07758573 0.09081311 0.09359115 0.1058143 0.06300262 0.05721144 0.06513204 0.1065863 0.07736534 0.07864742 0.08726051 0.06467862 0.08688692 0.1017665 0.08330959 0.06137484 0.02573902 0.03156979 0.04047149 0.09189881 0.0830958 0.0584313 0.07180267 0.06492423 0.05374902 0.06237317 0.07368003 0.07035358 0.06803367 0.06651083 0.07225626 0.08414755 0.07923964 0.08261845 0.08939797 0.1207281 0.1271445 0.1108254 0.112446 0.1013529 0.0964963 0.09248426 0.08913757 0.1254947 0.1415191 0.1741365 0.164962 0.2195822 0.165472 0.1818524 0.1960052 0.1292305 
0.08030763 0.06332506 0.06235995 0.07638932 0.07555608 0.1172864 0.08177287 0.09379831 0.07325627 0.07261083 0.08609912 0.1190376 0.1129414 0.08803196 0.09538996 0.04793983 0.0616296 0.07159775 0.06871501 0.0816597 0.05511624 0.05162479 0.06453859 0.07812063 0.07163554 0.05911659 0.06628036 0.06723922 0.05478618 0.06161031 0.07609706 0.07291393 0.07204682 0.06731713 0.06703148 0.07774188 0.07120053 0.07579161 0.1042043 0.1191218 0.1020194 0.09054048 0.09481747 0.06892938 0.07732151 0.05794015 0.07531273 0.1086914 0.1155439 0.1861817 0.1722992 0.2358504 0.1911336 0.1759513 0.2245243 0.1109442 
0.1232335 0.08632909 0.07351957 0.12549 0.08511158 0.07266667 0.06741228 0.08327959 0.07120641 0.09031662 0.1151121 0.1518967 0.1222884 0.1057813 0.09606506 0.08168048 0.04845408 0.06608401 0.0641297 0.06928704 0.04891744 0.04785527 0.05510239 0.08113921 0.08502772 0.09501116 0.1022995 0.07172623 0.07804553 0.06631497 0.08102221 0.0804728 0.07790618 0.07415686 0.07439815 0.07489809 0.06716353 0.09436096 0.08319575 0.09029543 0.08465956 0.07450464 0.07438578 0.05872639 0.06299145 0.05326952 0.06486092 0.09855028 0.1121054 0.1378289 0.1283123 0.2392151 0.2354441 0.2364693 0.2365116 0.2003962 
0.1631216 0.1282123 0.1531228 0.1528428 0.08790489 0.07216399 0.05698219 0.07820338 0.08450309 0.09250443 0.0981959 0.1406785 0.1296774 0.1170241 0.1166752 0.08763079 0.08836333 0.08924256 0.0787394 0.100978 0.04088372 0.0243382 0.03916429 0.07583684 0.09520031 0.1271026 0.1001131 0.07783463 0.07280494 0.06947632 0.08861279 0.1031976 0.1040868 0.08017284 0.07916907 0.08387478 0.06772872 0.07279546 0.06747685 0.07365599 0.07454718 0.06853485 0.06542042 0.04287225 0.06216946 0.06227746 0.05604215 0.08607654 0.1085383 0.11259 0.1173377 0.253041 0.237757 0.2541751 0.3150775 0.1825364 
0.2320952 0.1887282 0.1218768 0.1069139 0.09237485 0.08359864 0.08074596 0.09078225 0.09184756 0.1018374 0.1105521 0.1613628 0.1478344 0.1442349 0.1294677 0.1272936 0.09661446 0.1302771 0.1484636 0.1384745 0.0947571 0.0682705 0.05568342 0.0978893 0.100211 0.1122684 0.1156005 0.08861532 0.0837491 0.07820951 0.1021523 0.108684 0.1109324 0.08681414 0.08714437 0.08620366 0.07382632 0.06902982 0.07034462 0.09091396 0.08693302 0.07642698 0.06502958 0.04022352 0.04894929 0.05043855 0.04141986 0.07463697 0.09862441 0.08157051 0.0945239 0.2200751 0.2369801 0.298218 0.3352244 0.182585 
0.1594087 0.1246986 0.08524752 0.09289292 0.1083681 0.09625904 0.1277044 0.1022195 0.07910933 0.09365958 0.1069598 0.1637305 0.1481334 0.1903332 0.1638383 0.132641 0.1130063 0.1562746 0.1934269 0.1505834 0.1124302 0.07477008 0.07449487 0.1032463 0.09751707 0.1033121 0.1032936 0.08026924 0.07799295 0.08727301 0.08731926 0.0907511 0.08370734 0.0728085 0.07440283 0.0746025 0.06164002 0.05919692 0.06012635 0.09056588 0.1062749 0.08215682 0.06536915 0.03982354 0.03633172 0.03982999 0.04335081 0.06718685 0.07029218 0.07057828 0.08878195 0.1753006 0.1979886 0.2379505 0.2302886 0.140687 
0.162974 0.1219691 0.08638986 0.1325328 0.1076968 0.1099743 0.214026 0.1384212 0.0798284 0.07624476 0.1023293 0.1588915 0.1622141 0.1736147 0.1573807 0.1373403 0.1334547 0.1444065 0.1778927 0.1773899 0.2001919 0.1133234 0.09882691 0.1164801 0.1115398 0.1089857 0.1099641 0.08829895 0.08450767 0.08875959 0.08709201 0.08019605 0.07446307 0.06953738 0.07947935 0.05862265 0.05593388 0.04854384 0.0431616 0.09006019 0.09480797 0.1057424 0.0686069 0.03801673 0.03236116 0.03277227 0.04023947 0.05913322 0.08018451 0.07127369 0.0680053 0.1470246 0.1698061 0.2086495 0.2372964 0.1460592 
0.1667805 0.1211138 0.114379 0.2922733 0.18018 0.1156284 0.1645317 0.1585377 0.09187431 0.08689426 0.103257 0.1924152 0.164621 0.1845407 0.1897947 0.2571048 0.1390277 0.1241459 0.1942742 0.2073851 0.227933 0.1583134 0.1911954 0.1498207 0.1447039 0.1237386 0.1147221 0.1022339 0.09969018 0.1023566 0.1002201 0.08414073 0.08080151 0.07801273 0.07786857 0.05276408 0.0405839 0.03219016 0.03818595 0.09602715 0.09099383 0.1054467 0.08025222 0.04997527 0.03335505 0.0317038 0.0320025 0.02910479 0.06568476 0.06852303 0.05585909 0.09159599 0.142622 0.1426348 0.1896089 0.1595349 
0.1331766 0.1266324 0.1466237 0.1591083 0.1532784 0.09184396 0.101443 0.1267591 0.07666955 0.06835559 0.08414882 0.1160692 0.1136871 0.1453656 0.1629012 0.1649489 0.1324901 0.1177479 0.1256104 0.1309036 0.1436045 0.1337348 0.1524477 0.1448186 0.1144679 0.1125919 0.1176878 0.1420524 0.1541746 0.1393325 0.1234956 0.1309977 0.117453 0.1057871 0.1045732 0.09219345 0.07655943 0.06820672 0.0654512 0.08558884 0.08648991 0.09238813 0.1018509 0.0242201 0.01588557 0.01319945 0.01227299 0.009448225 0.01895159 0.05196312 0.04868512 0.0257669 0.06984606 0.07437573 0.1145912 0.1620748 
0.1395214 0.1275529 0.1434643 0.1505161 0.1371456 0.07892358 0.05789534 0.06565656 0.05226538 0.05192032 0.05961292 0.1040258 0.1170954 0.1251482 0.1280923 0.1272283 0.09561857 0.1232456 0.1255768 0.1316538 0.170284 0.20274 0.2271497 0.1850391 0.1375507 0.1238854 0.1249503 0.1525061 0.1573548 0.1788286 0.1426354 0.1482108 0.1373338 0.1218786 0.1130242 0.09219936 0.09472689 0.08818723 0.07599241 0.07736676 0.07592309 0.07905007 0.08471886 0.01744776 0.0199494 0.01935175 0.0164056 0.01133577 0.01142847 0.01915357 0.03561968 0.0448171 0.06739959 0.08698992 0.1210723 0.1466614 
0.1169936 0.1052897 0.1505606 0.1199795 0.09691402 0.1019366 0.06169989 0.06494607 0.05021075 0.05041175 0.06437067 0.1400305 0.1192452 0.1263761 0.1173049 0.1199635 0.09757903 0.1068642 0.1238217 0.1710244 0.16899 0.1930507 0.2309391 0.1814157 0.1615052 0.1455135 0.133596 0.1757426 0.1783831 0.165256 0.158067 0.1650028 0.1508993 0.1365311 0.1333767 0.1122186 0.1183507 0.09628771 0.08309695 0.07499178 0.0732191 0.07409608 0.07696879 0.02021224 0.0188221 0.01748461 0.02945908 0.01993688 0.01628486 0.01695368 0.02751389 0.06820334 0.1303184 0.1247032 0.13288 0.158815 
0.133204 0.1435202 0.1407509 0.1086716 0.07844358 0.1039118 0.08904292 0.0664475 0.0563155 0.06820374 0.08079193 0.1405411 0.1384179 0.1252281 0.107848 0.1164416 0.1115024 0.1291636 0.2172412 0.2690898 0.2194929 0.2673435 0.2283958 0.1848888 0.1752857 0.1604712 0.150826 0.1822222 0.1744932 0.1779314 0.176677 0.1896221 0.1659882 0.1590301 0.1515484 0.1234279 0.1233914 0.1217803 0.1063908 0.08444654 0.07562196 0.06953728 0.07154968 0.02175694 0.02157088 0.01911528 0.02196217 0.02122726 0.0401156 0.03079348 0.03352441 0.09956581 0.1157282 0.1352739 0.1781317 0.2087153 
0.2466372 0.1946043 0.1625824 0.1551567 0.117924 0.1191413 0.1103881 0.08267184 0.07508466 0.09413927 0.1572369 0.1883605 0.2021253 0.1681425 0.1473856 0.135956 0.1447989 0.1801691 0.2374827 0.2893314 0.2599093 0.2739184 0.260502 0.2379843 0.2389575 0.2157803 0.1958789 0.1789249 0.1568601 0.1518322 0.1526025 0.1805791 0.1634891 0.1594855 0.1534202 0.1494317 0.1366286 0.1338962 0.1191958 0.099486 0.09527133 0.08960595 0.07862954 0.03710917 0.03663934 0.03721511 0.03025649 0.02030762 0.02214001 0.02654618 0.03896657 0.1063401 0.1222752 0.1162497 0.1190562 0.192351 
0.2509184 0.1849792 0.1750943 0.153419 0.07986893 0.04910666 0.05309538 0.06993258 0.08295574 0.1023397 0.1160909 0.1533891 0.1397967 0.1107703 0.1266066 0.1446126 0.1623224 0.1737502 0.2218659 0.2805125 0.2691334 0.2417349 0.2733234 0.2648805 0.2643891 0.2422581 0.2147125 0.1879018 0.1692187 0.161334 0.1620943 0.1883248 0.1715132 0.16512 0.1608677 0.1666682 0.1552771 0.1401889 0.1281432 0.1264607 0.1096942 0.09849295 0.08336756 0.04067782 0.04684458 0.04007363 0.03623796 0.02546779 0.02125786 0.01675327 0.02042429 0.06592584 0.08683995 0.07232431 0.08783813 0.1180984 
0.2900713 0.1724682 0.1277713 0.1452483 0.07620692 0.04442222 0.0467638 0.05728757 0.07475778 0.0925778 0.08733523 0.1189344 0.1110891 0.1136286 0.1225768 0.1786728 0.2636717 0.2469142 0.2927381 0.296693 0.255412 0.2558864 0.3068141 0.2969532 0.2697696 0.2789601 0.2586682 0.2041594 0.1841455 0.1789712 0.1709328 0.194473 0.1768027 0.1689708 0.1652477 0.1687273 0.1642421 0.1515222 0.142194 0.1254869 0.1107778 0.09622265 0.08405547 0.04797236 0.04290333 0.04829913 0.06734864 0.0308538 0.01970984 0.01779068 0.01933396 0.04824238 0.06401426 0.07079778 0.0692964 0.1055192 
0.2696255 0.1962579 0.1467767 0.1606722 0.06134852 0.04174728 0.03430832 0.03766893 0.03664656 0.09294114 0.1117097 0.12721 0.1138431 0.124683 0.1521654 0.257234 0.3212738 0.3345625 0.3885311 0.3346477 0.3012909 0.2748779 0.3139504 0.3246969 0.3203613 0.3382231 0.2879801 0.2224386 0.2010741 0.1989041 0.1848911 0.189131 0.1754944 0.1752931 0.1763334 0.1823595 0.1668187 0.1541801 0.1530937 0.1262024 0.1065773 0.09248221 0.08183964 0.04409394 0.03057874 0.03303542 0.03037364 0.02918364 0.06645375 0.02494761 0.0280608 0.05564877 0.05626024 0.05959412 0.07139317 0.07124254 
0.2504752 0.2501959 0.173236 0.1573384 0.1229581 0.1100487 0.1028319 0.125168 0.1372841 0.1609755 0.2206539 0.1987248 0.1877864 0.1941998 0.2323759 0.2756817 0.3013978 0.3596336 0.4289797 0.3999615 0.3590857 0.3537552 0.3317918 0.3193787 0.3170887 0.323473 0.2990728 0.2631353 0.2336319 0.2201767 0.2036932 0.1869311 0.1725355 0.1681524 0.1678438 0.1646861 0.1699275 0.1545138 0.1388537 0.1134772 0.1008894 0.09591267 0.08203573 0.04220211 0.03118908 0.0385315 0.03978099 0.03957528 0.0662291 0.04783013 0.04682732 0.07028048 0.05422314 0.0359521 0.02908324 0.01063707 
0.2278552 0.2779801 0.1315478 0.1543802 0.1262524 0.1123907 0.1072679 0.1414077 0.1279151 0.1266248 0.1683934 0.2085111 0.1874124 0.2056473 0.2533756 0.3786846 0.4072245 0.4319987 0.4768496 0.3811558 0.3597756 0.341715 0.3565882 0.3730809 0.3366798 0.3038038 0.3198811 0.2909142 0.2448692 0.2324836 0.2128502 0.2010825 0.1755139 0.1696284 0.1682019 0.1556755 0.1479272 0.1662656 0.1384854 0.1015824 0.09423532 0.08524194 0.08243304 0.04635416 0.03817317 0.0376988 0.03412561 0.04933098 0.05609874 0.05358736 0.05038375 0.137431 0.04641702 0.03100979 0.01746566 0.0112884 
0.2788445 0.30344 0.123748 0.1369815 0.1193316 0.1257259 0.1249629 0.2028704 0.1204277 0.1184334 0.1408888 0.2068225 0.2253088 0.2346892 0.3085261 0.4313645 0.449916 0.45309 0.4680592 0.3766824 0.3544233 0.3309065 0.3535997 0.3502709 0.3453674 0.3559607 0.3476717 0.3023989 0.2672929 0.2427916 0.2238395 0.209373 0.1887209 0.172619 0.1663 0.1563357 0.1478306 0.1352424 0.1246556 0.0974162 0.08683257 0.08135802 0.07429997 0.04240934 0.03903639 0.04351942 0.05540722 0.05260149 0.07009566 0.09190654 0.08273853 0.08152827 0.03397594 0.02612104 0.01779459 0.006877507 
0.3156764 0.2317412 0.1488051 0.1551104 0.1391074 0.1508506 0.1400149 0.1391811 0.1411419 0.1262825 0.1584785 0.2798706 0.2876427 0.2981937 0.3498287 0.5200782 0.5428372 0.5830072 0.5553837 0.4037611 0.3655387 0.3556794 0.377407 0.3551951 0.3965667 0.3836108 0.3568973 0.3257841 0.2849399 0.2576384 0.2398668 0.2221454 0.198162 0.1937192 0.2072501 0.1741706 0.1562453 0.1291243 0.1176435 0.09666441 0.09455229 0.09154104 0.07078015 0.04886483 0.06292139 0.04826071 0.05497563 0.07359392 0.06528828 0.09219771 0.0988398 0.07500849 0.02564759 0.02284879 0.01191866 0.003672578 
0.2709714 0.2219455 0.1649968 0.218475 0.1983456 0.2258087 0.2201388 0.1866672 0.2111859 0.2177598 0.2656642 0.3710289 0.3835418 0.4230946 0.4904537 0.7622371 0.7350401 0.6891457 0.7013902 0.4259056 0.3666769 0.4103612 0.4216923 0.4225767 0.4413317 0.3848337 0.356534 0.3095711 0.2758573 0.2499363 0.2589675 0.2131713 0.1983145 0.1988389 0.192802 0.1648358 0.15002 0.1303455 0.1203724 0.1082107 0.1020219 0.0916859 0.07369284 0.06665037 0.06278909 0.05898521 0.05806167 0.09456596 0.105056 0.08467285 0.1381524 0.05639959 0.03671163 0.02623107 0.01787814 0.0009122854 
0.2782777 0.2587963 0.140135 0.228081 0.2236479 0.2346813 0.2158498 0.2111252 0.229671 0.2480279 0.2577968 0.3567099 0.3749365 0.3914653 0.4490128 0.6549363 0.6317354 0.6072551 0.5957533 0.3659316 0.3413865 0.3624773 0.4092653 0.4144915 0.3858603 0.3683398 0.318056 0.2929573 0.2822133 0.2625379 0.2521711 0.2161943 0.1988599 0.1897743 0.1729292 0.1605599 0.1485215 0.1472388 0.124381 0.1154127 0.09169503 0.08768941 0.07144815 0.06105817 0.06016646 0.0585688 0.06671087 0.07880623 0.06232488 0.07828212 0.2089985 0.05281524 0.03792305 0.02475322 0.01456109 0.000671494 
0.2263754 0.3158013 0.1838522 0.203597 0.2111947 0.2292569 0.239211 0.207473 0.1865768 0.203216 0.2397874 0.3098588 0.3688479 0.396127 0.4258754 0.5664963 0.5212623 0.5222973 0.5199949 0.3136565 0.3205523 0.3484769 0.3999631 0.446703 0.3941105 0.3407665 0.324882 0.2883692 0.2928891 0.2704676 0.2880884 0.2392909 0.2142474 0.1960929 0.1838308 0.1986026 0.1730879 0.145114 0.1284378 0.09890465 0.08679517 0.08141143 0.06430525 0.06008374 0.05155252 0.05793747 0.06276779 0.07279667 0.06284659 0.04765875 0.05020856 0.05947177 0.03090942 0.01675105 0.01265989 0.0008502024 
0.2537958 0.2652673 0.1415724 0.2114659 0.2153758 0.2793894 0.2553178 0.218656 0.1851843 0.2013006 0.2462355 0.3112543 0.3435978 0.3633465 0.4699847 0.4808668 0.4691484 0.4769038 0.4773611 0.3041081 0.2975832 0.3131502 0.4100436 0.3616531 0.3314194 0.3071349 0.3315457 0.2864288 0.2824916 0.2749228 0.3045127 0.2527448 0.2541152 0.2122017 0.1915857 0.2089299 0.1886798 0.1543001 0.1522236 0.1110984 0.1002722 0.07460542 0.06675893 0.0543672 0.05055363 0.05837448 0.06184712 0.05649925 0.04949877 0.03941205 0.03633857 0.03481423 0.02666898 0.0141082 0.0137239 0.001052632 
0.3048366 0.1722184 0.1450672 0.2067681 0.2388545 0.2499291 0.26377 0.2081108 0.2013767 0.2327446 0.2560656 0.3186176 0.3144456 0.336359 0.3966799 0.3753247 0.3692958 0.323043 0.3121886 0.2800556 0.2677594 0.2848445 0.3934059 0.3023322 0.2541221 0.2343595 0.2231687 0.2532477 0.2454319 0.2537873 0.2779355 0.2312922 0.2240695 0.2066373 0.1925633 0.1775301 0.1645969 0.1543409 0.1458393 0.1201189 0.08857566 0.06769776 0.06188023 0.05371904 0.05043349 0.05722714 0.05731864 0.04058603 0.02665304 0.02474052 0.03524631 0.0106631 0.01452944 0.01068023 0.01190473 0.07291498 
0.2472592 0.1769828 0.1224073 0.2460224 0.2540943 0.2601976 0.28956 0.2312902 0.2254381 0.2278641 0.250865 0.2968014 0.2776082 0.2974088 0.2977273 0.3124464 0.3004454 0.279833 0.2847819 0.2882715 0.262158 0.2947671 0.3741225 0.302871 0.261653 0.2633552 0.2204433 0.2274226 0.2353238 0.251128 0.2209098 0.2191628 0.2171435 0.1965596 0.1845672 0.1692775 0.1551715 0.144742 0.1363084 0.1467889 0.1077724 0.0682328 0.06298533 0.05323235 0.04933634 0.06164771 0.05430897 0.05437011 0.01863366 0.01301301 0.01212149 0.02475555 0.01051559 0.01005924 0.01005553 0.07518218 
0.3667956 0.2168865 0.207137 0.3826546 0.2953657 0.2529156 0.2871131 0.2659474 0.2471316 0.2389284 0.2506247 0.2957523 0.30238 0.2629993 0.2670004 0.2836455 0.270584 0.2553597 0.2640475 0.2750982 0.2916931 0.3757941 0.3315653 0.2624325 0.2616241 0.2487584 0.2324293 0.2446766 0.2320043 0.2517822 0.2400472 0.2341559 0.2197069 0.205946 0.1908003 0.1714773 0.1591486 0.1419563 0.1410747 0.1546925 0.1135236 0.07124879 0.06424951 0.04846583 0.04751682 0.04469248 0.03922907 0.0258181 0.01278156 0.01067555 0.01203539 0.01176665 0.01019866 0.009893944 0.01021422 0.07615384 
0.4074449 0.2641203 0.2633594 0.3439941 0.3362676 0.2953639 0.2752461 0.2660438 0.2884078 0.265541 0.2878297 0.3290386 0.308463 0.2736419 0.2879196 0.3028314 0.2796249 0.2749324 0.2682311 0.2966629 0.3624811 0.3613995 0.3038759 0.2565804 0.2437562 0.2607867 0.2618956 0.2765 0.2462575 0.2502186 0.2557131 0.2551712 0.2421481 0.2214935 0.2065661 0.197438 0.1952182 0.1597626 0.1525086 0.1244835 0.09313397 0.07925659 0.06741309 0.04916758 0.04367321 0.04198047 0.03545964 0.01633269 0.01641691 0.01250719 0.01487627 0.01319351 0.01176314 0.009914388 0.01019388 0.07720647 
0.211749 0.2136606 0.2596268 0.2123881 0.2386735 0.2290577 0.2397406 0.208756 0.2377978 0.2161397 0.2370187 0.273312 0.2598422 0.2240953 0.2292751 0.2432754 0.2500162 0.2870817 0.2617629 0.3179669 0.2839974 0.2891476 0.2665442 0.2122728 0.2106163 0.2107473 0.1979403 0.176374 0.1850509 0.1805678 0.211145 0.2285754 0.2088781 0.2122868 0.1907454 0.2091797 0.2573913 0.1863421 0.1722569 0.1567546 0.1177567 0.09133169 0.08127785 0.06898209 0.05897648 0.04965832 0.04653749 0.05340675 0.04217887 0.03818724 0.02855903 0.02449393 0.0208502 0.02040486 0.02206478 0.01421052 
0.1973426 0.2092899 0.2326087 0.1881429 0.2148089 0.2368502 0.1952728 0.2249943 0.2848754 0.2843988 0.2572257 0.2982005 0.2829792 0.2501363 0.2261031 0.2464323 0.2650338 0.3353862 0.3274695 0.2681054 0.2578132 0.2566112 0.27643 0.2279707 0.2335075 0.1795314 0.1753359 0.1945362 0.2572935 0.2034572 0.1667036 0.228102 0.2032637 0.2148378 0.2110742 0.2205621 0.2185955 0.2082641 0.1665944 0.1650436 0.1291995 0.09059246 0.07828963 0.06806174 0.05736459 0.04863871 0.03937845 0.04301365 0.0332619 0.02895766 0.02127847 0.0154251 0.01408907 0.0142915 0.01538462 0.007854251 
0.2248596 0.2364656 0.2092721 0.1553748 0.1681258 0.2454235 0.2376383 0.2581777 0.2548325 0.2542407 0.2768044 0.3291048 0.299706 0.277985 0.2517138 0.2600593 0.2701275 0.3095563 0.3362504 0.2870735 0.2374358 0.2286656 0.2395731 0.1733079 0.1960965 0.1867367 0.1812541 0.1758438 0.1624239 0.1646016 0.1874665 0.221544 0.2059683 0.2059485 0.2186116 0.2155428 0.2221507 0.1918318 0.1601979 0.1400837 0.111768 0.0914847 0.07870305 0.06813847 0.05850688 0.0510639 0.0404872 0.0386351 0.02480788 0.02297856 0.01757877 0.008744938 0.008502024 0.008785425 0.009635627 0.004089069 
0.1749543 0.1950905 0.2205251 0.1764409 0.1598777 0.2373632 0.229864 0.2817562 0.2584891 0.2662814 0.2955867 0.3894887 0.3378564 0.3274848 0.3068042 0.2744012 0.2558883 0.2760459 0.3361742 0.2770325 0.2323005 0.2280062 0.2203015 0.1422616 0.1600846 0.1604244 0.1597607 0.1602552 0.1918442 0.2080624 0.2081334 0.2314847 0.2281253 0.2163008 0.2214985 0.2302058 0.2114691 0.1923159 0.1671722 0.1456862 0.1156781 0.09444965 0.08474225 0.07374831 0.06147355 0.0532021 0.04448088 0.03445129 0.03148653 0.01776982 0.01705855 0.002550607 0.002267207 0.004008097 0.004412955 0.002186235 
0.1823985 0.1672244 0.2143935 0.1637645 0.1319331 0.1377794 0.166191 0.215555 0.209953 0.2330617 0.2833808 0.2428288 0.2376834 0.2603585 0.236548 0.2040011 0.2141365 0.2531296 0.2449278 0.2005723 0.1658425 0.1759752 0.1541048 0.1396316 0.1592135 0.1455323 0.1877439 0.1774783 0.1905694 0.212504 0.2408858 0.2006381 0.2118082 0.207699 0.1971725 0.2075244 0.1829473 0.1772567 0.1572056 0.1434828 0.1140158 0.09970959 0.09192277 0.09241366 0.1030678 0.06478465 0.05351594 0.002510121 0.01842105 0.01109312 0.004939271 0.004777328 0.001619433 0.0006072874 0.0006477733 0.0003643724 
0.2296574 0.1870867 0.2682514 0.2568128 0.2019894 0.1520838 0.1502609 0.2420907 0.2114021 0.215294 0.2461551 0.2558344 0.2374052 0.2892882 0.2925296 0.2122567 0.1729757 0.1808107 0.1804044 0.2220853 0.2077426 0.1903401 0.1736122 0.1250727 0.1532713 0.1240182 0.1752103 0.2180356 0.191612 0.2153697 0.1971899 0.2213601 0.191562 0.2126314 0.2054436 0.2090822 0.1830734 0.1590812 0.1866959 0.1509846 0.1315796 0.1103459 0.1033883 0.1202265 0.09958316 0.07232597 0.06020056 0.02639676 0.01481781 0.01469636 0.00291498 0.004858299 0.004412955 0.0007692308 0.0006072874 0.000242915 
0.2678484 0.2609019 0.2289229 0.1972593 0.1832669 0.1822599 0.1722992 0.2516487 0.1999975 0.2171128 0.3025052 0.312162 0.2640121 0.3224905 0.4069107 0.2762512 0.2044378 0.1976536 0.1935726 0.2412808 0.2095586 0.1857451 0.132848 0.119559 0.1481977 0.1583156 0.178304 0.2162781 0.2184331 0.2075055 0.1924713 0.2298765 0.2008663 0.2072892 0.1862255 0.2200247 0.1996939 0.1784296 0.1598249 0.1456301 0.1353884 0.1202495 0.1174111 0.1245284 0.131115 0.08514441 0.07516434 0.02222672 0.01376518 0.01967611 0.01072875 0.01097166 0.008502024 0.001902834 0.0008097165 0.0002024291 
0.3236352 0.3222848 0.306688 0.2511178 0.2099743 0.2113822 0.2109267 0.2820982 0.2976954 0.2834725 0.3024463 0.3517745 0.3435759 0.3589782 0.3856821 0.3140238 0.2691122 0.2899106 0.2632819 0.2746042 0.2566439 0.2302132 0.1535799 0.1329596 0.1766203 0.1994943 0.1981003 0.1677269 0.2210649 0.2072306 0.1764538 0.2055144 0.2089604 0.1986086 0.1651207 0.2196596 0.2401107 0.2045195 0.1890321 0.1636491 0.14427 0.1522308 0.1866338 0.1340943 0.1499608 0.09661544 0.07786417 0.01303644 0.01959514 0.0262753 0.01582996 0.0162753 0.01117409 0.005951417 0.005546559 0.000242915 
0.2506267 0.2809293 0.3840466 0.3377034 0.2829922 0.2664995 0.3077973 0.3376098 0.3833355 0.3727869 0.3695101 0.3628282 0.3974108 0.4887947 0.4366371 0.442449 0.39369 0.5264785 0.5003803 0.4483952 0.3664692 0.3102064 0.3098511 0.2325369 0.1930832 0.2256315 0.2061782 0.2367332 0.2157334 0.2053464 0.2066929 0.1568937 0.1667445 0.1982206 0.1694973 0.1419641 0.1763037 0.3562481 0.2412405 0.2032453 0.1824891 0.2398044 0.1941933 0.1902187 0.1544701 0.1329726 0.09935734 0.04161943 0.04356275 0.04242915 0.05109312 0.01076923 0.006477732 0.01040486 0.007165992 0.0007287449 
0.235357 0.2612118 0.34551 0.54252 0.2996829 0.2602223 0.2795445 0.3095545 0.2944686 0.2732016 0.2993604 0.4036955 0.4291712 0.4826832 0.5419511 0.5431413 0.4459375 0.4443484 0.4977233 0.4564392 0.3653855 0.2981934 0.323923 0.2606759 0.2479423 0.2349861 0.2578746 0.2597742 0.2267803 0.188985 0.1802876 0.1724468 0.1612616 0.1886785 0.1775931 0.1916742 0.2909858 0.4199153 0.3132127 0.2596089 0.2228579 0.1538801 0.152815 0.1544007 0.1494469 0.1854022 0.120563 0.06607287 0.05631579 0.06076923 0.06700405 0.02643725 0.01206478 0.008097166 0.00757085 0.00194332 
0.233333 0.2343467 0.3145153 0.4291039 0.3290165 0.261615 0.2764848 0.3384857 0.257601 0.2215237 0.3441135 0.3860856 0.4679814 0.5402412 0.6133168 0.692714 0.5262864 0.4390265 0.4656236 0.45316 0.4207412 0.3933743 0.3208574 0.2152631 0.201035 0.2134521 0.265762 0.2829861 0.2110448 0.183355 0.1938831 0.1590433 0.161734 0.1803188 0.2225474 0.2682054 0.2065209 0.2260454 0.1966953 0.3374723 0.2811545 0.1919985 0.1348523 0.1854965 0.1665177 0.1754163 0.144825 0.09376518 0.07643724 0.06720647 0.06959514 0.01963563 0.01469635 0.01421052 0.00902834 0.006234818 
