ncols         56
nrows         54
xllcorner     28.264
yllcorner     -5.7719999999999
cellsize      0.25
NODATA_value  -9999
0.0008815788 0.001630913 0.006601975 0.0138907 0.01322115 0.01378941 0.01293601 0.01209439 0.007250206 0.004253484 0.0008484037 0.002345652 0.0005520848 0.0004844791 0.002535549 0.001848234 0.001506344 0.005666346 0.005502242 0.01500295 0.0145423 0.01760644 0.02400708 0.03514059 0.03375888 0.03795748 0.03902911 0.02539131 0.02320193 0.01822082 0.01726895 0.004108716 0.003966348 0.002593225 0.002485226 0.003428904 0.003741855 0.004231768 0.005010014 0.006176772 0.006996434 0.008804128 0.009385145 0.01107643 0.01185857 0.01284968 0.01395238 0.02927124 0.02873109 0.02671648 0.01887436 0.02353588 0.0200926 0.01352541 0.01391063 0.01058703 
0.0004433597 0.005138935 0.01133722 0.01578111 0.01599507 0.01498082 0.01507674 0.01349138 0.008946226 0.004957027 0.002805267 0.001776308 0.0006839146 0.0006100274 0.0006054678 0.003578177 0.004382974 0.007979434 0.00468351 0.01323768 0.01524887 0.02108084 0.03868819 0.04674971 0.0524865 0.05530162 0.05017327 0.02562618 0.02662141 0.01975748 0.008780055 0.003014912 0.003020711 0.00255602 0.002830134 0.003960924 0.0045225 0.005240465 0.006212356 0.007331925 0.009039054 0.009787588 0.01072672 0.01261006 0.01343554 0.0143482 0.01579608 0.0179361 0.021133 0.02161858 0.01967023 0.0235652 0.01992523 0.01612197 0.01384123 0.003760073 
0.003711409 0.009785144 0.01721744 0.01914918 0.0180131 0.01799329 0.01680325 0.01496951 0.01009865 0.006279911 0.003736447 0.001706879 0.0008189073 0.0007452463 0.002855078 0.003757094 0.002947642 0.003692421 0.004536756 0.01213871 0.0160228 0.02064041 0.02804524 0.04522366 0.04756825 0.04078011 0.04273136 0.02430513 0.02456337 0.01304905 0.009705158 0.003910399 0.003648114 0.003538813 0.003814008 0.004976913 0.005664565 0.006497222 0.00788092 0.009023191 0.01047577 0.01106956 0.01193378 0.01370616 0.01527992 0.01605768 0.01784823 0.02066119 0.0186888 0.01717817 0.02366285 0.02529319 0.02321119 0.01736622 0.01475247 0.002984403 
0.008963547 0.0136323 0.01464183 0.01835047 0.01503588 0.01233028 0.01393743 0.02288745 0.01287144 0.006302614 0.006726755 0.001295536 0.0006200033 0.003180084 0.0009819414 0.004995056 0.009058184 0.006875312 0.01094512 0.01503557 0.01790396 0.02230601 0.03048831 0.03332433 0.0301133 0.02295846 0.02052699 0.0108575 0.007217115 0.007734371 0.0094155 0.01112005 0.01094967 0.01155922 0.01208987 0.0123474 0.01449885 0.0125638 0.01405084 0.01233674 0.0130322 0.01545926 0.01863848 0.01588513 0.01467233 0.01529903 0.01796679 0.02115477 0.02287227 0.01950519 0.01984059 0.02392027 0.02010389 0.01563969 0.01542309 0.01653242 
0.01001921 0.01187488 0.01830856 0.014092 0.01203944 0.009943504 0.006039415 0.02201336 0.01384815 0.005518286 0.003718579 0.002133595 0.004625242 0.005900897 0.003596189 0.005973491 0.008202465 0.01004329 0.01254294 0.01374028 0.01722832 0.02086841 0.03490535 0.03896367 0.03506833 0.03253866 0.02682317 0.01037886 0.008272177 0.008287424 0.01050647 0.01258322 0.01296029 0.01366188 0.01417063 0.01307558 0.01334332 0.01370695 0.01481379 0.01305387 0.01460157 0.01766692 0.02737453 0.02356504 0.01482738 0.01497453 0.0162302 0.01846274 0.01982131 0.02485521 0.02131369 0.01732883 0.01533336 0.01634715 0.01735832 0.01803451 
0.01363438 0.01374987 0.01723927 0.01163807 0.009806923 0.00851922 0.01044809 0.01920999 0.011889 0.007952835 0.003708271 0.003725154 0.006109723 0.00252811 0.004438003 0.01070196 0.01081503 0.01162766 0.01861749 0.01487038 0.01707042 0.01521986 0.02772332 0.03400736 0.03062918 0.03348798 0.02655397 0.01015189 0.009069129 0.01093126 0.01212522 0.01501261 0.01629606 0.01673927 0.01674404 0.01507697 0.01512665 0.0154393 0.01933553 0.02534489 0.02291768 0.01587023 0.0175854 0.02226332 0.0144431 0.01431263 0.01574208 0.01863548 0.02502925 0.03234956 0.02104659 0.02463226 0.02029552 0.01909651 0.02103177 0.01970926 
0.02550431 0.02346594 0.02274748 0.01766848 0.01146475 0.009675479 0.01018704 0.02794558 0.008999297 0.004986221 0.003640133 0.005283963 0.007196772 0.006171792 0.002802064 0.01756002 0.01664584 0.02277055 0.02394648 0.01299574 0.01303372 0.01401365 0.02942236 0.04310085 0.03483431 0.04590786 0.03890961 0.01563333 0.01742288 0.0154275 0.01820854 0.01890871 0.02025799 0.02916211 0.02260236 0.0184889 0.01751469 0.01706444 0.01761022 0.03090228 0.03407618 0.02934204 0.01953151 0.01666444 0.01849007 0.01717619 0.01571806 0.0322593 0.02424947 0.02154072 0.0207319 0.02935081 0.02529593 0.03135871 0.03240354 0.0226666 
0.08548923 0.08226608 0.06896236 0.02840373 0.01908731 0.01562646 0.01246283 0.02796668 0.01812481 0.01541086 0.01458272 0.01881528 0.02045692 0.01814107 0.01738581 0.02182569 0.02564052 0.02621565 0.028518 0.03470689 0.0343761 0.02669142 0.02536677 0.03796099 0.03713592 0.04719012 0.05328984 0.04476028 0.0371554 0.04030621 0.04446654 0.02652271 0.0289116 0.03456639 0.03320055 0.03538856 0.0303144 0.02948827 0.03862042 0.02578483 0.03515212 0.03433537 0.02136769 0.01162725 0.01747545 0.01285355 0.01302573 0.02798012 0.02496856 0.02620027 0.02482932 0.03242715 0.04663444 0.04786667 0.04772079 0.02765661 
0.08287903 0.07518362 0.06335843 0.0353344 0.02574094 0.02012593 0.01739061 0.02451524 0.01998 0.01534482 0.01752958 0.0219616 0.02488743 0.02031304 0.01929799 0.02482653 0.02537991 0.02806243 0.03721011 0.04416808 0.04090686 0.03179802 0.02851145 0.0340093 0.03561286 0.04082075 0.04834015 0.04906708 0.04087098 0.04696132 0.05114598 0.02940005 0.03408402 0.03125881 0.03138319 0.04078707 0.03576723 0.03839879 0.03884089 0.02829867 0.02664478 0.02224528 0.02069912 0.0134515 0.04114578 0.01595504 0.01484907 0.02548169 0.03336323 0.0296922 0.03499004 0.02832693 0.03054787 0.03705211 0.04674434 0.0352365 
0.0877054 0.07644446 0.04758109 0.04155054 0.03253237 0.03424256 0.03247084 0.04598345 0.02740484 0.02013881 0.01555947 0.02541842 0.02358177 0.02133964 0.02192139 0.02657727 0.02768244 0.03179722 0.03750819 0.06406887 0.04900936 0.04917938 0.04079314 0.04334515 0.04900613 0.04697701 0.0470756 0.05341204 0.04639751 0.05063862 0.04643387 0.03175725 0.03748549 0.03826225 0.03389907 0.04622355 0.04429348 0.0475231 0.04433803 0.02945439 0.0428055 0.02815406 0.02858119 0.0200388 0.01571259 0.01430049 0.01953403 0.031333 0.03559347 0.0394612 0.03567548 0.02661143 0.02824925 0.04220284 0.04607636 0.03895435 
0.09826207 0.07970367 0.05865304 0.05328301 0.04227842 0.0343278 0.03592343 0.04289464 0.03165393 0.02242659 0.01823534 0.02463636 0.02611058 0.02444009 0.02898576 0.02814727 0.0307283 0.03893273 0.04378804 0.0601448 0.08140038 0.1029226 0.05575079 0.0582872 0.07295337 0.08962423 0.06429498 0.07055344 0.06496305 0.05839489 0.05801984 0.03757735 0.03733174 0.03852452 0.0567798 0.06065703 0.05943922 0.06915875 0.06051088 0.03771366 0.03904328 0.037034 0.03296166 0.02411862 0.02019628 0.02328662 0.02553256 0.03896234 0.03816431 0.03829327 0.05688094 0.03190172 0.04413462 0.03260133 0.0367926 0.04368021 
0.04069149 0.04606351 0.0399965 0.0275403 0.01871631 0.01686805 0.03150761 0.02522754 0.02090957 0.0182939 0.01534622 0.01937757 0.01687671 0.01875006 0.02013605 0.02332311 0.02468166 0.0236506 0.02295283 0.04354788 0.0444564 0.04730784 0.03518875 0.03936603 0.03643718 0.02921285 0.03059925 0.04413195 0.03230171 0.02747996 0.02634825 0.04374092 0.04910646 0.05330637 0.0603833 0.1011009 0.09485566 0.09152757 0.07798737 0.03849872 0.03859016 0.03936353 0.03725921 0.05029846 0.05064038 0.0516702 0.05633798 0.05426241 0.06632841 0.05407217 0.05567577 0.04736475 0.06501632 0.0416639 0.03710993 0.04702893 
0.04510329 0.04645203 0.04043659 0.03169848 0.02327803 0.02016094 0.02284011 0.02810286 0.02503621 0.02523192 0.02138371 0.01908369 0.01762333 0.02252948 0.02551351 0.03008109 0.04646802 0.03021955 0.02367751 0.04601216 0.05447409 0.03774983 0.03495371 0.03386778 0.03072777 0.03113704 0.02288688 0.03136561 0.02514398 0.02217794 0.02888024 0.04521517 0.05036806 0.05299001 0.06224958 0.09397029 0.09079777 0.08599161 0.08372817 0.04663011 0.04578968 0.04639146 0.04454904 0.06264026 0.06228606 0.06422152 0.0650752 0.06758591 0.06310733 0.06511315 0.06640037 0.04997167 0.04686968 0.04087969 0.03919299 0.04871605 
0.06191101 0.06396674 0.06090711 0.05243842 0.04365554 0.03448338 0.03042794 0.03747815 0.03566091 0.03309152 0.03351227 0.03034641 0.02475523 0.03553884 0.02893309 0.04172519 0.03391316 0.03135642 0.02668243 0.04663512 0.04493041 0.04043225 0.03398405 0.04224274 0.03348944 0.02973504 0.02800267 0.03279595 0.02877002 0.02971565 0.03367599 0.05057314 0.05431729 0.06386863 0.07865482 0.1042214 0.09772998 0.1020345 0.08200459 0.05594283 0.0541386 0.05245419 0.05356972 0.07445942 0.07545999 0.08370029 0.07980282 0.07533719 0.07278289 0.06893455 0.06976004 0.05512974 0.045407 0.04432112 0.04465253 0.0506102 
0.1333506 0.1213567 0.103546 0.08578566 0.05954259 0.057809 0.04958378 0.04965127 0.04889455 0.06197961 0.05756606 0.04328404 0.03845942 0.04645262 0.0435087 0.06185269 0.04981702 0.03866189 0.03038075 0.05181739 0.04959725 0.04437074 0.04429747 0.04698855 0.03890159 0.02652953 0.02735989 0.02753171 0.03401315 0.03930327 0.04352415 0.05691204 0.06639376 0.07360812 0.08855402 0.1028785 0.1086732 0.1069212 0.1022127 0.0742195 0.06859142 0.06214539 0.06022831 0.08609472 0.0874671 0.1010954 0.1010345 0.08840217 0.08331213 0.08196325 0.0805532 0.06066156 0.05227631 0.04771692 0.05674632 0.05289215 
0.0833149 0.07860331 0.0752416 0.07694292 0.05780706 0.1041161 0.07822904 0.0691803 0.06854556 0.0838569 0.1015417 0.06897071 0.06242969 0.0587481 0.05822968 0.05784544 0.05919942 0.08042527 0.03725105 0.02113517 0.01999393 0.01133499 0.01479825 0.02593608 0.01886394 0.01126365 0.008466867 0.05206833 0.05877089 0.07430431 0.07724031 0.08280169 0.07650336 0.08145124 0.08936223 0.06937356 0.07152248 0.0579497 0.05617866 0.06539962 0.07032035 0.07177399 0.07056168 0.07387276 0.08101752 0.09220693 0.09775001 0.09126552 0.07919886 0.07845849 0.07667135 0.05948701 0.05541193 0.0552846 0.08126662 0.05640038 
0.1345526 0.09248693 0.1019626 0.08952049 0.07360507 0.08370987 0.08814276 0.08948508 0.07848139 0.08607641 0.08752012 0.09021409 0.07996649 0.07950868 0.09052867 0.08331659 0.08444722 0.07596193 0.06387059 0.03441621 0.02140134 0.0179587 0.02019572 0.02108184 0.01191462 0.009770158 0.009133231 0.05491049 0.06200193 0.0721732 0.07876379 0.08083714 0.07832965 0.08248625 0.09183146 0.06456572 0.06327964 0.06865556 0.06613608 0.07350833 0.08162731 0.08428766 0.07841125 0.08523969 0.09394146 0.09411989 0.1012554 0.09461842 0.0912549 0.08700613 0.08832274 0.06933968 0.06076923 0.06135006 0.09416904 0.05527658 
0.119411 0.1019793 0.1441258 0.09392218 0.08722593 0.08729918 0.09370825 0.09467396 0.09729002 0.08942042 0.09077806 0.1222027 0.1243307 0.1239518 0.1640828 0.148717 0.09299728 0.08984248 0.06906944 0.04528101 0.04433937 0.02209321 0.02147814 0.01804762 0.0144949 0.01263118 0.01230056 0.05913823 0.06558184 0.07830254 0.08564238 0.08176105 0.08118971 0.08484355 0.0953764 0.06488879 0.06669337 0.07201251 0.07005975 0.07706905 0.08901022 0.08447631 0.09037095 0.09767232 0.09984387 0.09747151 0.1071152 0.1132213 0.1041629 0.09924203 0.09602319 0.07244671 0.07818375 0.06992956 0.083592 0.05837619 
0.1294023 0.1737688 0.1355736 0.1653266 0.1480947 0.1420222 0.1433115 0.1250649 0.1366863 0.1403929 0.1337413 0.1746759 0.1825182 0.203687 0.1992285 0.1829294 0.1232014 0.1449077 0.09222842 0.06753726 0.05699879 0.03724916 0.04545556 0.02221811 0.01757448 0.01701045 0.02250131 0.06376011 0.07060153 0.08120879 0.09251108 0.08866768 0.08759149 0.09124193 0.09837407 0.06848821 0.0669738 0.0680455 0.06663664 0.08482856 0.09154241 0.08707455 0.08791465 0.09808538 0.106194 0.103697 0.1180505 0.1365518 0.1266538 0.118916 0.1186819 0.09355835 0.1000687 0.08374938 0.08857547 0.07155737 
0.1419799 0.1658548 0.1729695 0.1995362 0.2293807 0.1745834 0.1759145 0.1324244 0.1067938 0.1298818 0.1551506 0.1909465 0.2056871 0.2164262 0.2055306 0.2005601 0.1725067 0.2026896 0.1772119 0.09359942 0.05025288 0.02948391 0.02685065 0.02771287 0.02421675 0.02301615 0.01936592 0.02375569 0.02235539 0.02491111 0.03080308 0.0572248 0.06486003 0.06811059 0.07854573 0.068754 0.06974611 0.06907101 0.06703951 0.07669955 0.07836013 0.08415317 0.08341586 0.08101701 0.08114556 0.08181647 0.0870879 0.07717884 0.08482329 0.09626528 0.1007157 0.1269123 0.1302911 0.1212691 0.1226861 0.1003449 
0.1136163 0.1521359 0.16986 0.1651177 0.232968 0.2051456 0.1452158 0.1165384 0.09852172 0.1102779 0.1568821 0.2110869 0.2025719 0.2141504 0.2010901 0.2045031 0.1732388 0.1939656 0.1904251 0.107351 0.06234737 0.04505407 0.02922753 0.03677297 0.03113196 0.02814168 0.02283176 0.02718541 0.02857273 0.03049912 0.03457063 0.05993846 0.06605806 0.07049213 0.0767866 0.07551844 0.06989847 0.0702287 0.07904192 0.08349896 0.08595174 0.08534309 0.08658437 0.08019306 0.08015871 0.08043424 0.08547293 0.09121396 0.09634156 0.09471745 0.1050389 0.1367396 0.1308921 0.1400521 0.1245292 0.08520719 
0.1404754 0.1654515 0.1667877 0.2457894 0.2404169 0.157446 0.1173467 0.1152558 0.09993567 0.09888985 0.1340239 0.2323989 0.2120338 0.2053842 0.2217992 0.2279006 0.2304848 0.1820798 0.1997843 0.1373488 0.08543819 0.05312318 0.04510805 0.05737197 0.04473014 0.03407992 0.02945272 0.03453084 0.03316805 0.03473064 0.0396694 0.06629728 0.06899197 0.07691545 0.08278296 0.07544284 0.07676607 0.09870286 0.07701052 0.1010356 0.09118724 0.09396457 0.09248176 0.0835203 0.08084052 0.08026762 0.08231148 0.08492145 0.1060088 0.1079574 0.1213678 0.1605306 0.1622237 0.1431091 0.1392823 0.0858021 
0.1704611 0.1715951 0.1525636 0.2871928 0.1764018 0.1092898 0.1004587 0.1287216 0.1135977 0.1179806 0.1107835 0.2226368 0.2160259 0.2128332 0.3330917 0.3015979 0.3166124 0.2238299 0.1891564 0.1594184 0.1265583 0.07103246 0.06025649 0.08794685 0.0591448 0.04382977 0.04002772 0.04262388 0.04240457 0.05432653 0.04946286 0.07608629 0.07953335 0.08897009 0.09203629 0.08752618 0.08870605 0.09772568 0.09401952 0.1099011 0.1132187 0.1012288 0.1009127 0.08365221 0.08564869 0.08458507 0.08262805 0.08803462 0.1166559 0.1106954 0.13344 0.1933828 0.1745169 0.16078 0.1571519 0.09703722 
0.1295208 0.1328967 0.1767792 0.1724985 0.1439094 0.1450007 0.1251266 0.1638228 0.1661716 0.2098316 0.1592301 0.2855678 0.2611475 0.2718987 0.281134 0.2707812 0.2857563 0.2867386 0.2582589 0.1805672 0.1980029 0.1670948 0.1759518 0.1447311 0.1191863 0.09460139 0.08262337 0.08992776 0.07344268 0.05936287 0.05773723 0.08552267 0.08636525 0.092585 0.1146211 0.1147345 0.1166838 0.1177261 0.1173865 0.111014 0.118385 0.1103962 0.1121794 0.04107173 0.04264988 0.04866981 0.05926083 0.07659646 0.1147528 0.1370085 0.1884557 0.2847969 0.2009649 0.1880533 0.1677992 0.1684528 
0.1466824 0.1728017 0.1877322 0.2234923 0.1669025 0.1641708 0.1366059 0.1717578 0.1804834 0.1614027 0.1689165 0.251082 0.2310651 0.2504343 0.2274188 0.2590492 0.2692706 0.2829756 0.2865148 0.1972722 0.2038385 0.2203789 0.1883256 0.1530301 0.1353218 0.1103867 0.09410132 0.09317813 0.08432404 0.08165866 0.07940131 0.0934373 0.09757952 0.1031815 0.1277701 0.1722441 0.1467502 0.1342159 0.1322134 0.1237023 0.1253342 0.122447 0.1200756 0.04056406 0.04363619 0.04911936 0.06187259 0.08603702 0.1322119 0.1629361 0.207675 0.2120519 0.2044975 0.2272088 0.234622 0.1798873 
0.2922573 0.2366555 0.1755029 0.2226565 0.1567897 0.1512708 0.136338 0.1433083 0.13893 0.12745 0.1111789 0.2206147 0.2135138 0.2168207 0.2310352 0.2497778 0.2487312 0.2940058 0.3074596 0.2967991 0.2089956 0.2297424 0.2265051 0.1774235 0.1535855 0.1332067 0.1081144 0.1002456 0.09050392 0.09290561 0.07880031 0.09977738 0.1055126 0.1181767 0.1314986 0.145421 0.1724632 0.1517762 0.153304 0.1427545 0.1478041 0.1395495 0.1310732 0.0508733 0.05173092 0.05759642 0.07766003 0.08998148 0.09986316 0.1553038 0.2060463 0.2488659 0.2471196 0.2125008 0.2110163 0.1718103 
0.1986939 0.1448087 0.1870969 0.1558297 0.1562543 0.1520153 0.1547018 0.1200267 0.0861335 0.07155807 0.07795887 0.2224128 0.2227169 0.2067537 0.2654234 0.2671758 0.2443078 0.2690874 0.2818596 0.2805673 0.2569743 0.2566687 0.2257442 0.2130579 0.1717481 0.1481794 0.1326433 0.1094035 0.08731191 0.07693785 0.08289571 0.1074686 0.1161989 0.133151 0.1569732 0.1523365 0.1838067 0.1797779 0.2020211 0.163035 0.1696202 0.1645406 0.1474858 0.07394893 0.065836 0.1257706 0.1673887 0.1367158 0.1302701 0.2018874 0.1972993 0.2787547 0.2228998 0.2416714 0.1934238 0.1515615 
0.1481875 0.1127479 0.1023557 0.1094205 0.101454 0.1243948 0.08844767 0.04802502 0.03936954 0.04204972 0.0521277 0.1956601 0.231855 0.2514817 0.2908199 0.2560736 0.257208 0.2672516 0.2970693 0.2948755 0.3043419 0.30255 0.2849925 0.2153943 0.1705568 0.1301123 0.1149754 0.08027276 0.07169019 0.07287876 0.08512375 0.1249445 0.1354047 0.1578683 0.1788964 0.2356021 0.2773246 0.2818724 0.3118449 0.2651137 0.2643179 0.2566843 0.2419293 0.1399425 0.1427065 0.1604277 0.1790396 0.1554367 0.1472906 0.2041375 0.1890526 0.2303551 0.2040584 0.2003114 0.1829093 0.203186 
0.1059508 0.1595946 0.09565788 0.09996729 0.1407543 0.1137494 0.06567773 0.07354426 0.07815269 0.03298744 0.04646804 0.1959758 0.2170234 0.2153479 0.2446415 0.2507273 0.2744211 0.267603 0.2965209 0.3186844 0.3059874 0.3035513 0.2878157 0.2375039 0.2004656 0.1507242 0.1311824 0.08325028 0.07566579 0.08340345 0.09139597 0.1302424 0.1482796 0.1635453 0.1910437 0.2807698 0.2987598 0.3241644 0.3586658 0.3070917 0.3140078 0.2783719 0.2610875 0.1494871 0.1667921 0.1636383 0.2014022 0.1547197 0.1609989 0.1831848 0.2456701 0.2869809 0.2200225 0.2076678 0.1681883 0.1392324 
0.1547081 0.1811106 0.1428324 0.09711204 0.09903198 0.06064994 0.06500725 0.09469762 0.07641046 0.02954744 0.04115395 0.1939918 0.2098382 0.2477197 0.3101488 0.2526595 0.3118322 0.2527788 0.3271353 0.3130447 0.2896218 0.3095206 0.3199322 0.3141535 0.2830364 0.1910685 0.1801825 0.1159961 0.09389545 0.1151117 0.09241871 0.1497483 0.1618609 0.1739223 0.2128582 0.3076498 0.3428887 0.3789327 0.4416733 0.3675591 0.3474915 0.3289169 0.3207509 0.188478 0.1626801 0.1610309 0.2126839 0.187611 0.2021702 0.229202 0.2700396 0.2889314 0.1980791 0.2119834 0.2013983 0.1130852 
0.2417876 0.2416177 0.1797682 0.1029054 0.09903236 0.069906 0.1052329 0.1302515 0.06647198 0.05093575 0.03964194 0.1894528 0.2320883 0.2853421 0.2768704 0.3066171 0.334217 0.3206672 0.3726864 0.3553784 0.3068471 0.2838187 0.3221118 0.3815647 0.3177941 0.2667252 0.2419924 0.1538165 0.1234395 0.1177819 0.105051 0.1602693 0.1703301 0.1898623 0.2346451 0.3436401 0.3782136 0.4623843 0.4858507 0.4147282 0.3919958 0.350101 0.3587484 0.2315869 0.1891598 0.2046835 0.2420847 0.2560338 0.2270047 0.2487103 0.2719895 0.2838165 0.2113082 0.2309814 0.1911205 0.09981065 
0.3215106 0.288956 0.2128673 0.1403035 0.09938083 0.1003712 0.08818571 0.1570474 0.1524166 0.1621878 0.1637952 0.2063396 0.2295556 0.2191985 0.2171447 0.3756886 0.5060135 0.5423514 0.5694605 0.250516 0.2066828 0.2403736 0.2274898 0.3768645 0.3442039 0.3560295 0.3321687 0.1596789 0.1290929 0.1334119 0.1291668 0.1688416 0.1566621 0.1797647 0.2184542 0.3632792 0.3886689 0.456648 0.4389353 0.37827 0.4061075 0.3971802 0.3814188 0.2684157 0.2260332 0.2446427 0.249253 0.2625006 0.2085287 0.186038 0.1799096 0.2588642 0.1665115 0.1383975 0.1003378 0.05337049 
0.2407714 0.287892 0.2134546 0.1260131 0.09034409 0.08660213 0.09929273 0.1648542 0.1365727 0.1736012 0.1976544 0.1905986 0.1965678 0.1856512 0.2081389 0.4013874 0.4984542 0.5562084 0.6125114 0.2682129 0.2573912 0.2127537 0.2350989 0.357229 0.3330445 0.3403502 0.3302297 0.1767096 0.1413912 0.1294393 0.1401346 0.1971227 0.1768338 0.1963233 0.2122821 0.364703 0.3980637 0.4323634 0.4154279 0.343087 0.360559 0.3754032 0.3537876 0.2564269 0.2126042 0.2085318 0.2635245 0.2781422 0.2610827 0.2470638 0.1712525 0.1816024 0.1415432 0.1140289 0.09757888 0.03442397 
0.3175776 0.2963202 0.2393564 0.1186951 0.08669342 0.08174146 0.08613385 0.1436266 0.1173313 0.152251 0.1426972 0.1856776 0.1645286 0.1749098 0.2132374 0.4062949 0.5237949 0.5958241 0.621796 0.3143849 0.2552398 0.2121018 0.2500193 0.3759497 0.3523183 0.3751816 0.3965205 0.1963153 0.1751258 0.1389474 0.1503965 0.2357568 0.2085572 0.2229731 0.2452302 0.3630887 0.4094987 0.4216938 0.4211564 0.3630767 0.3709543 0.3621544 0.3421387 0.297231 0.2469254 0.2350837 0.2561501 0.1968805 0.224363 0.2448516 0.1649388 0.163282 0.1330874 0.09531695 0.07670248 0.03274463 
0.4121355 0.3460088 0.2999099 0.1187345 0.1064605 0.1044572 0.08808866 0.133643 0.1536718 0.1351917 0.1243169 0.1740039 0.160954 0.1668944 0.2090667 0.436049 0.5543204 0.5956889 0.6423674 0.3556436 0.2905053 0.2602092 0.2905518 0.3412021 0.3591028 0.4123606 0.4026069 0.2032523 0.2051158 0.180903 0.183695 0.2604234 0.2406266 0.2304307 0.282106 0.4263414 0.4492426 0.4327176 0.4376644 0.3886602 0.398905 0.3918063 0.3899851 0.4218371 0.3152063 0.2834662 0.3352145 0.1804636 0.1904901 0.2053202 0.165363 0.1602327 0.179032 0.1157721 0.09131729 0.0175558 
0.371893 0.2907638 0.2734369 0.1887113 0.1107928 0.09843834 0.1009372 0.1160108 0.08851526 0.09478743 0.1053122 0.1834758 0.1653136 0.205709 0.2400102 0.5632789 0.6573551 0.6546432 0.7267414 0.3421271 0.293374 0.2838789 0.2513606 0.2959749 0.3172611 0.3119097 0.3183439 0.2115528 0.1863523 0.1783907 0.1960722 0.3387456 0.306981 0.2849517 0.3025078 0.4075958 0.4253631 0.4241359 0.4420831 0.4111629 0.4039925 0.3867489 0.3700457 0.2708245 0.2226784 0.2160856 0.2166365 0.1838565 0.1557633 0.1692185 0.1684474 0.1913955 0.1328773 0.1270369 0.07880732 0.01651916 
0.3679395 0.3041751 0.2710824 0.1884857 0.1087366 0.08483754 0.0710533 0.09360774 0.06991827 0.07849488 0.08324617 0.144342 0.1626109 0.1991318 0.2495234 0.4493808 0.6068677 0.5417771 0.6631773 0.3286611 0.2895097 0.2675616 0.2978247 0.3696121 0.3204652 0.3045274 0.3140198 0.2024001 0.1827421 0.1843115 0.2077201 0.3278894 0.2930622 0.2962597 0.302798 0.4184906 0.452023 0.4417489 0.446052 0.4154993 0.419377 0.4163608 0.3793783 0.2551098 0.2146495 0.2024918 0.2120881 0.1869351 0.1608976 0.1662534 0.1707547 0.148159 0.1222175 0.0814082 0.06853325 0.01793292 
0.3274974 0.2727439 0.2608933 0.1743104 0.0928957 0.08651751 0.08258021 0.08519468 0.0824937 0.07354887 0.08108933 0.1436525 0.1454529 0.1647976 0.2076802 0.4162757 0.5768461 0.6107651 0.6627747 0.3371688 0.2937941 0.3102686 0.3558136 0.321395 0.3652813 0.3186783 0.3023413 0.2045121 0.1926869 0.1947892 0.2257507 0.3597161 0.3218302 0.3037132 0.3215112 0.438263 0.4580142 0.462907 0.4751055 0.4432656 0.4343348 0.4295522 0.3913316 0.2452859 0.2147072 0.2252653 0.2265165 0.1976642 0.1845354 0.1421018 0.1516084 0.1598411 0.1060449 0.07324953 0.05479424 0.01615063 
0.3506164 0.2929645 0.257051 0.1231183 0.09886303 0.09729079 0.1051499 0.09643756 0.07113609 0.07388908 0.08369289 0.1293678 0.1394687 0.1507963 0.1960775 0.4259169 0.4825393 0.5937606 0.6597955 0.385527 0.341483 0.3521801 0.4511252 0.3513853 0.3612753 0.3213817 0.292698 0.2110952 0.2093433 0.2346333 0.2282974 0.3459055 0.3577022 0.3500544 0.3505351 0.461277 0.4829869 0.5018414 0.4960205 0.4612262 0.4388245 0.4244128 0.3837853 0.2441936 0.2124339 0.2068437 0.2185871 0.1674957 0.1450979 0.1325691 0.1377799 0.09908308 0.0725159 0.06113472 0.04910269 0.03121339 
0.405793 0.3203386 0.2459508 0.1394165 0.1098437 0.1084979 0.08585917 0.0775416 0.0737757 0.08062141 0.08376802 0.1359448 0.1513474 0.1436875 0.1954176 0.3654834 0.4309413 0.4980974 0.6416392 0.5253855 0.3931686 0.3762947 0.4441155 0.3215937 0.3023129 0.2409589 0.1522349 0.1561916 0.1728994 0.1920833 0.1604566 0.314889 0.3447391 0.3476157 0.368408 0.478428 0.5048144 0.51057 0.5359445 0.4930037 0.4686504 0.4294933 0.3835738 0.2441734 0.2026902 0.170727 0.1552477 0.1261387 0.1086334 0.1003227 0.08437033 0.08031581 0.07356438 0.05807855 0.06142662 0.06585774 
0.3222992 0.2567047 0.2255533 0.1453823 0.1103914 0.08882321 0.09549647 0.08298098 0.07400288 0.08821951 0.1034813 0.1477976 0.1572014 0.1597635 0.2180324 0.3257365 0.3491324 0.4165606 0.5937645 0.4774071 0.424513 0.3927251 0.428001 0.259399 0.2320972 0.2308049 0.1467293 0.1689248 0.1695066 0.1762539 0.1708945 0.3048182 0.3163135 0.3330795 0.357247 0.459355 0.4996995 0.5178109 0.5477255 0.4944768 0.4596188 0.4316311 0.3896142 0.2359785 0.1944185 0.1689884 0.155826 0.1075244 0.1000779 0.0741932 0.06609885 0.06251392 0.04723056 0.05260324 0.05641649 0.06188284 
0.3164119 0.2285268 0.1741728 0.144225 0.1221227 0.08528643 0.06761399 0.08508079 0.08361084 0.09384272 0.11089 0.1629925 0.1769954 0.2437343 0.2065635 0.2255672 0.349641 0.4571695 0.6479176 0.4779346 0.4429397 0.4213625 0.3927814 0.1701624 0.1981939 0.1884902 0.1091014 0.1749561 0.1714814 0.164316 0.1824645 0.3158437 0.3161612 0.3277662 0.353693 0.4516486 0.4794983 0.5315364 0.5280231 0.4596407 0.4411671 0.410832 0.3438245 0.2138198 0.1777143 0.1670777 0.1529099 0.1032598 0.07983701 0.07209039 0.06120206 0.04817279 0.04366851 0.04615883 0.04465779 0.05899581 
0.2609866 0.2096458 0.1781242 0.1168761 0.1178016 0.1080405 0.08943205 0.1024368 0.109324 0.1116075 0.1142265 0.1909486 0.2193975 0.252929 0.2497961 0.256367 0.3817294 0.5487728 0.6469128 0.5214752 0.4568219 0.3573457 0.395306 0.1423434 0.108169 0.09534443 0.1134233 0.1811545 0.1837073 0.194547 0.1897196 0.3274392 0.3208087 0.3171774 0.3539809 0.4403749 0.4703849 0.4770729 0.4533298 0.4040437 0.3868754 0.3456912 0.3064127 0.2002848 0.1711244 0.1583492 0.1555549 0.1053222 0.07885501 0.08156506 0.06892733 0.05490044 0.05005482 0.04443476 0.0440424 0.05297071 
0.2362544 0.1537071 0.1487702 0.09692647 0.07315066 0.07246084 0.07584453 0.1151851 0.09546839 0.1006232 0.1112061 0.2554289 0.2638323 0.2773411 0.3545904 0.3340003 0.3833323 0.4893775 0.500288 0.5059341 0.299296 0.1920169 0.1876808 0.07829898 0.08015753 0.07827585 0.1062323 0.1092065 0.08831798 0.1104496 0.0770554 0.2474388 0.2600946 0.2738788 0.2598425 0.3517034 0.4447487 0.3396135 0.2943282 0.2778488 0.2535668 0.2242918 0.2061335 0.2065457 0.1996912 0.1676891 0.1668266 0.1860964 0.1562892 0.1340722 0.08944744 0.08476988 0.07096234 0.05008368 0.04661088 0.04577406 
0.1887397 0.1324279 0.1112029 0.1052221 0.06681986 0.0497353 0.07751611 0.159608 0.1526148 0.1526452 0.1968523 0.3218576 0.326585 0.3426009 0.3261636 0.3024933 0.3422019 0.4035871 0.4227884 0.4223842 0.2839955 0.2033232 0.1493355 0.09859272 0.07600415 0.06277944 0.05300866 0.07952069 0.07632933 0.07490258 0.07732963 0.2437661 0.2403584 0.2537358 0.241604 0.2960808 0.3015946 0.2756534 0.2609899 0.2647419 0.2378473 0.2150402 0.1980646 0.224758 0.1814348 0.173558 0.1833193 0.1901654 0.1608075 0.08767656 0.08304028 0.06246862 0.05535564 0.04343096 0.03854167 0.02816666 
0.1541895 0.1275068 0.1270151 0.1094937 0.07286999 0.08023417 0.08091522 0.1569928 0.1915804 0.1553597 0.1583461 0.2650791 0.3386671 0.3976194 0.3601849 0.3030504 0.3454134 0.402502 0.4890527 0.3377357 0.2276393 0.1795668 0.1503205 0.05767487 0.06063937 0.05773874 0.05477823 0.08088034 0.07857662 0.0852086 0.07918454 0.2346396 0.2537434 0.2385183 0.2211387 0.2760104 0.2697048 0.2609167 0.2315469 0.2216536 0.2065135 0.1974836 0.1857686 0.1964841 0.1883324 0.1834793 0.1702174 0.2052681 0.2303752 0.09175363 0.08517906 0.05958159 0.03807531 0.04454166 0.02904167 0.03166666 
0.1346887 0.1179794 0.1349134 0.1164356 0.1053977 0.1350579 0.079372 0.1794051 0.1845056 0.1726218 0.1957773 0.2582654 0.2815028 0.3081253 0.322878 0.350135 0.3772113 0.4837116 0.4897382 0.3625876 0.2914639 0.2040935 0.1813841 0.07249745 0.07210468 0.06441273 0.06591765 0.09813662 0.09710448 0.08866312 0.08327281 0.2258109 0.2192265 0.2120615 0.2127612 0.2472016 0.257383 0.2575907 0.2399967 0.227377 0.2050772 0.1829407 0.1833286 0.2074878 0.2014358 0.1843159 0.1769947 0.2133572 0.1199613 0.09296469 0.08768638 0.04945607 0.03491667 0.036 0.03095834 0.027875 
0.1894411 0.1771703 0.1848284 0.1831171 0.1360561 0.1463261 0.1355416 0.2618658 0.2568806 0.2559462 0.2466356 0.2149178 0.2132868 0.2142568 0.1959624 0.3358431 0.3885135 0.5743383 0.6322216 0.5501153 0.437851 0.3496655 0.3181097 0.1876905 0.2273453 0.1416602 0.1027437 0.1695535 0.1453794 0.1486565 0.1134303 0.1202863 0.07806736 0.07178678 0.06484839 0.1637368 0.1595365 0.1545812 0.1940513 0.2087997 0.1971238 0.1974924 0.2090928 0.2327978 0.2380132 0.2269307 0.2315396 0.2440586 0.1869456 0.1635983 0.1361088 0.06112499 0.06445833 0.05687499 0.05308333 0.06770834 
0.1679774 0.1537021 0.1514218 0.1716341 0.1707891 0.1697813 0.1478914 0.2802232 0.2773832 0.2880979 0.2620671 0.2259423 0.1905535 0.1670699 0.1835311 0.3212069 0.3418018 0.4522912 0.5604901 0.5059881 0.3893444 0.3319009 0.2769818 0.1619567 0.1441645 0.1326204 0.09650503 0.1695319 0.1485034 0.1182278 0.1761632 0.1676393 0.08578008 0.08132645 0.08480999 0.1535164 0.1459723 0.1354449 0.1636381 0.2054936 0.2104914 0.1998455 0.2122905 0.235938 0.2555505 0.2334643 0.2461967 0.1766109 0.152636 0.155375 0.12525 0.05295833 0.04958333 0.05854166 0.04191666 0.06041666 
0.1558477 0.1486077 0.147205 0.216977 0.2166417 0.2481265 0.2617416 0.3232501 0.3257535 0.2897768 0.2698005 0.2270128 0.2256544 0.2313931 0.1900958 0.2931931 0.345053 0.3921145 0.4617378 0.4259385 0.3728443 0.3014952 0.2573132 0.1606429 0.1312626 0.108273 0.1013536 0.1929618 0.163689 0.1457351 0.1743806 0.0889515 0.1025543 0.1053185 0.1005085 0.1542383 0.1295101 0.1225632 0.1478638 0.1972035 0.1949291 0.2004327 0.2106728 0.2405287 0.2445516 0.2385256 0.2374301 0.1450628 0.1282083 0.123 0.1204167 0.053 0.0395 0.03987499 0.03441667 0.07233333 
0.1788683 0.1640632 0.1673944 0.3063785 0.2928246 0.3132371 0.3652736 0.3634841 0.3606567 0.3508823 0.2941963 0.2517032 0.2329964 0.2040753 0.2293645 0.2581747 0.312591 0.3997727 0.4814574 0.4588033 0.3516245 0.3125044 0.2720851 0.2168045 0.1770773 0.1495729 0.1158767 0.1664606 0.1567588 0.1478238 0.1551726 0.09018768 0.0987289 0.07234082 0.06599811 0.1245742 0.1169725 0.1156789 0.1235548 0.1768897 0.18336 0.197362 0.2334428 0.26035 0.2467064 0.2346025 0.177629 0.1304583 0.1298333 0.1052917 0.1126667 0.05079167 0.03904166 0.03454166 0.03645833 0.07974999 
0.2144371 0.2101516 0.2317034 0.3440321 0.3207104 0.3510693 0.4333127 0.3129085 0.3000003 0.2923518 0.2959884 0.1857778 0.1797488 0.1827493 0.2209638 0.3136124 0.3464749 0.4244497 0.448292 0.4538571 0.3916091 0.3984375 0.3480633 0.2535116 0.166062 0.1442739 0.1137011 0.08809785 0.06107626 0.06636618 0.08734316 0.07836463 0.07131026 0.06339998 0.06285083 0.06834826 0.0705282 0.07774904 0.07303144 0.1389261 0.1728967 0.2383794 0.195123 0.3409799 0.3154843 0.2719176 0.1567163 0.06908334 0.06262501 0.04991667 0.03925 0.02266667 0.018625 0.02279167 0.02508334 0.05879166 
0.1136005 0.1446595 0.2037884 0.3015815 0.3142757 0.3072995 0.4116676 0.3750486 0.2872362 0.2814026 0.277573 0.2291937 0.2020858 0.2438461 0.2409173 0.2719578 0.2980738 0.3616065 0.4116999 0.4322301 0.350134 0.3702755 0.3238584 0.2132998 0.1658745 0.09677605 0.09586208 0.09333885 0.081078 0.06451875 0.05975665 0.07473422 0.07024463 0.06515352 0.06347859 0.06867819 0.07581548 0.07884842 0.08022764 0.165363 0.2026838 0.2008196 0.2406694 0.3740803 0.2857739 0.2823643 0.1463602 0.059125 0.04304167 0.033 0.0255 0.02254167 0.03370834 0.04195833 0.03875 0.05062499 
0.1107224 0.1642017 0.1966653 0.2893335 0.2571894 0.2729444 0.3654681 0.3736331 0.2736863 0.2504403 0.2589443 0.2328979 0.2328999 0.1990948 0.1982431 0.2208537 0.2742011 0.2893909 0.3563389 0.3553983 0.328319 0.2656959 0.2893049 0.1943737 0.1447096 0.08180317 0.0777714 0.07536864 0.05772055 0.06158422 0.05473823 0.08470084 0.06697232 0.06568836 0.06552786 0.07015505 0.07687007 0.07406283 0.1078518 0.156542 0.1992215 0.2534566 0.3154928 0.3234499 0.2806326 0.2659225 0.1443264 0.055625 0.038375 0.025125 0.024125 0.02108333 0.020875 0.02895834 0.02929167 0.054 
