ncols         56
nrows         54
xllcorner     28.264
yllcorner     -5.7719999999999
cellsize      0.25
NODATA_value  -9999
0.1462103 0.1426978 0.1462035 0.1553562 0.1409405 0.1602197 0.2063472 0.200675 0.214619 0.1625988 0.2095606 0.231131 0.1675575 0.1274624 0.1351499 0.2468769 0.1964587 0.2034972 0.1855179 0.1424657 0.1674488 0.1478566 0.1630418 0.2203439 0.2166138 0.192537 0.1638413 0.1947667 0.1963797 0.1937104 0.1668555 0.2106672 0.2076587 0.1939225 0.1950539 0.1771709 0.1822809 0.1736505 0.1196284 0.09689081 0.07695082 0.06031445 0.06281235 0.07388129 0.0828246 0.07268865 0.06111097 0.06564589 0.0711211 0.1040796 0.1133406 0.1288591 0.1442989 0.1428578 0.1163081 0.1669662 
0.1393982 0.1298607 0.1202581 0.1367543 0.1531758 0.1697471 0.2120072 0.197963 0.2112849 0.1970618 0.1678681 0.208867 0.2195698 0.1171514 0.1895806 0.1712866 0.1722884 0.1442742 0.1932768 0.160579 0.1369116 0.1317659 0.185779 0.2694034 0.2310379 0.1696022 0.1573161 0.1838984 0.1718612 0.1748443 0.1589631 0.1912306 0.1895688 0.1912469 0.2071613 0.1782394 0.172341 0.1757199 0.141837 0.1005963 0.0937347 0.07778563 0.07956278 0.07916179 0.07151891 0.07223653 0.06648445 0.06755249 0.08211753 0.1028794 0.1238655 0.1230211 0.1198083 0.1256841 0.08466464 0.1607469 
0.1622844 0.1135623 0.1135042 0.1227694 0.1587977 0.1449936 0.1777921 0.1452308 0.1516991 0.1910746 0.137255 0.1654289 0.2067566 0.1995783 0.1828012 0.1826401 0.161153 0.1897002 0.2103582 0.1589979 0.154812 0.1474226 0.1696893 0.1876845 0.247973 0.154577 0.1375255 0.1768493 0.1571592 0.1580262 0.1490519 0.1966293 0.2196295 0.2174303 0.1831493 0.1716836 0.1781596 0.1582363 0.1190633 0.1101204 0.1091432 0.1006993 0.08486788 0.07307073 0.07101293 0.07098278 0.06915655 0.07417604 0.1022678 0.1044152 0.1103469 0.111096 0.124946 0.1281194 0.1006158 0.1632764 
0.1562581 0.1125329 0.1013985 0.1136114 0.118794 0.1358169 0.1284725 0.1119471 0.174937 0.1603459 0.1386347 0.1566725 0.1847877 0.2108833 0.2034618 0.3207257 0.2060036 0.1779062 0.2299355 0.201549 0.176166 0.2021433 0.2238839 0.1897412 0.2304429 0.1910247 0.1983814 0.2347289 0.1971711 0.2281884 0.2114613 0.2251529 0.2597044 0.2479947 0.2170864 0.1765956 0.1762338 0.1563957 0.1174665 0.11373 0.1310998 0.1300049 0.1045771 0.09214196 0.08859885 0.07517747 0.09043012 0.09456009 0.1111999 0.1070751 0.09346538 0.09243471 0.1111469 0.1245027 0.131574 0.1201181 
0.1669418 0.1393766 0.13395 0.1486222 0.1420616 0.1273937 0.1248347 0.1399061 0.1928516 0.1647926 0.1716319 0.1550101 0.1646834 0.1975843 0.1626083 0.1806058 0.1908695 0.2248653 0.1993708 0.1600209 0.1625336 0.1769071 0.2013553 0.2081976 0.1822479 0.1451343 0.1433211 0.1774661 0.1797268 0.1830945 0.230563 0.2311414 0.2371799 0.2819231 0.2277201 0.1949378 0.1853881 0.1398623 0.1094455 0.1092383 0.1280146 0.1104102 0.1187355 0.1209971 0.1165413 0.1092694 0.09420512 0.1018578 0.1050381 0.1051489 0.08686272 0.1086723 0.1117695 0.1011645 0.1295051 0.1134501 
0.1712207 0.3029772 0.1738784 0.1779138 0.1628059 0.1581025 0.1670076 0.1961563 0.1241847 0.152035 0.1725927 0.1812977 0.136643 0.142441 0.1730227 0.167937 0.1639709 0.2033866 0.181085 0.1633586 0.1857777 0.1463735 0.1517576 0.1700844 0.137707 0.1179575 0.1046691 0.1603995 0.1726967 0.1906214 0.1779177 0.2046467 0.2181189 0.2411761 0.2012009 0.1790116 0.1680959 0.1546384 0.1175328 0.1267737 0.1463968 0.1284835 0.1085803 0.1291764 0.1425646 0.1493635 0.1532762 0.1376814 0.1206634 0.1374294 0.1121428 0.1178976 0.1137879 0.1113783 0.1064722 0.1102831 
0.1556384 0.1920529 0.1826906 0.1548038 0.167147 0.1890368 0.1979035 0.1738615 0.1382383 0.12818 0.1130708 0.1205276 0.1500476 0.1599478 0.1576873 0.1654259 0.164875 0.1692569 0.1622684 0.1578534 0.1859649 0.1767559 0.135988 0.1605818 0.1481021 0.1173191 0.1066303 0.1572754 0.1392792 0.1420895 0.1301434 0.1925627 0.2175937 0.219251 0.1762252 0.1732116 0.1695113 0.1416665 0.1247296 0.1311927 0.139841 0.1206776 0.1000018 0.1201573 0.1425854 0.1290962 0.1286611 0.1347067 0.1065257 0.1075337 0.1018897 0.1106729 0.1195911 0.1190517 0.1003945 0.09342651 
0.2303957 0.1777445 0.1901636 0.1937587 0.2445572 0.1485656 0.1252246 0.1501183 0.160895 0.1660081 0.1165084 0.1209032 0.1468048 0.1421063 0.1487672 0.1458724 0.159203 0.1960019 0.1772013 0.1735186 0.1860528 0.1641042 0.1211482 0.1792378 0.1352023 0.126878 0.1007173 0.1435355 0.1229334 0.1362835 0.1077059 0.211318 0.2296813 0.2176346 0.1636745 0.1861595 0.207429 0.1443726 0.1389067 0.1357672 0.1046883 0.1143733 0.1077839 0.1027488 0.1267799 0.1259404 0.1300834 0.1271656 0.1044368 0.09460045 0.0738078 0.07039896 0.09276763 0.0992635 0.09948425 0.07251951 
0.2997199 0.2899736 0.2891532 0.2636934 0.30663 0.1975786 0.1299287 0.1599187 0.1796415 0.1721487 0.1379946 0.1277712 0.1313867 0.1389468 0.1584628 0.1765904 0.1439569 0.1925992 0.1600191 0.1955766 0.2118776 0.1541421 0.124193 0.1306598 0.1340774 0.1705366 0.118431 0.1296935 0.136141 0.1165499 0.1457546 0.1694836 0.1770429 0.1656029 0.1605362 0.1585256 0.1447115 0.1350005 0.1516328 0.1235 0.09452738 0.1109978 0.1101167 0.08841974 0.1117294 0.122081 0.1055615 0.141881 0.1130523 0.08622578 0.07460389 0.07323022 0.09389694 0.08473576 0.06898099 0.08140063 
0.2798521 0.3329611 0.4369355 0.2746017 0.207634 0.2471338 0.2010844 0.2018637 0.1926104 0.1284529 0.1516023 0.1356021 0.138066 0.1468671 0.1533979 0.1453999 0.1643234 0.2260728 0.2293242 0.2851632 0.2868434 0.1813305 0.1171307 0.10459 0.1307453 0.1569985 0.1464816 0.1806694 0.1291015 0.1099486 0.1161695 0.1443769 0.1748929 0.192873 0.2059036 0.1651729 0.1312637 0.1179746 0.1336953 0.1145869 0.08778829 0.08451303 0.0874242 0.08773167 0.08566056 0.1147733 0.1022441 0.1238788 0.104039 0.09087418 0.06690689 0.0411851 0.07520976 0.0450774 0.02363056 0.03985764 
0.3470579 0.2918359 0.3903329 0.3151052 0.3170201 0.2672933 0.3219506 0.2372625 0.2113029 0.1604774 0.2128817 0.1825616 0.1642975 0.1548205 0.1526527 0.1468582 0.2538384 0.2465898 0.2976639 0.3413079 0.2666099 0.2180824 0.1514258 0.1069405 0.1290158 0.1565223 0.1567979 0.167568 0.1208872 0.1139829 0.1409527 0.1275285 0.1562316 0.1630615 0.214623 0.1023618 0.1016912 0.1111267 0.09582901 0.08895978 0.07829496 0.07131799 0.07264011 0.08097972 0.08259756 0.09376694 0.08967004 0.1112495 0.1024013 0.08255829 0.08216475 0.06541272 0.05346793 0.03261539 0.01407139 0.04213973 
0.2904912 0.2421237 0.414828 0.3177036 0.3024463 0.3225192 0.3018482 0.3068649 0.209026 0.168323 0.1650814 0.1918701 0.1704057 0.1780785 0.1813134 0.2343643 0.3479792 0.3700647 0.280663 0.3090361 0.2918226 0.2401097 0.132869 0.1128342 0.1163877 0.09425788 0.1363396 0.134401 0.136211 0.1393818 0.1196572 0.115981 0.09613714 0.08628648 0.08025262 0.09810006 0.1075231 0.09050733 0.06549982 0.06617643 0.08377998 0.06873357 0.06641072 0.07116801 0.0730156 0.08221871 0.07393081 0.07466633 0.0907232 0.08157028 0.06734606 0.04292401 0.03120937 0.02730504 0.02253387 0.03039369 
0.2620003 0.2608743 0.2853734 0.2942461 0.3270828 0.3556918 0.3540243 0.2796584 0.246391 0.2211844 0.2093292 0.2346672 0.2183694 0.2198365 0.2273087 0.3072774 0.2808565 0.2770437 0.2687333 0.2903002 0.2449931 0.1653276 0.1130665 0.1320365 0.08675596 0.07468002 0.1153374 0.112765 0.1047804 0.08849864 0.0741346 0.08200134 0.0634912 0.04095397 0.05603898 0.07974314 0.07682906 0.1009917 0.06558982 0.069176 0.0660914 0.0518529 0.06394047 0.06400378 0.06583104 0.05901973 0.06196159 0.07770611 0.07682495 0.07143193 0.07800077 0.06268269 0.0431277 0.02719864 0.01840801 0.02115202 
0.3337476 0.2888701 0.2733664 0.3108234 0.3713502 0.3757105 0.3583531 0.2686724 0.2534211 0.2376699 0.236557 0.2679956 0.2183111 0.2635528 0.220183 0.261082 0.2968406 0.257495 0.2234207 0.2287058 0.1683967 0.1332334 0.08052673 0.09730361 0.08763212 0.06152578 0.06939915 0.06527189 0.04846769 0.03748565 0.05171661 0.0463814 0.06701402 0.05121205 0.06477153 0.09021907 0.05790659 0.09210037 0.08638121 0.06489219 0.05543768 0.05122723 0.0567571 0.06230176 0.06931868 0.05598203 0.05723597 0.0679515 0.06400655 0.05734706 0.06192264 0.05712481 0.03848511 0.02801496 0.02116719 0.02141597 
0.3294121 0.2967398 0.300669 0.3400969 0.3444808 0.3636113 0.3339633 0.292505 0.310503 0.2658326 0.2863592 0.2975908 0.2365253 0.2420112 0.2409481 0.2638213 0.2949363 0.2931833 0.2983479 0.2150781 0.1479399 0.1265747 0.1056674 0.09753959 0.08834834 0.06731158 0.0546847 0.03913167 0.0244565 0.01564619 0.02586773 0.03727683 0.05179986 0.05567733 0.06718283 0.06268493 0.04639808 0.05142228 0.08579476 0.07247493 0.05466335 0.0516715 0.0493074 0.05564455 0.06123713 0.05338593 0.05059533 0.04931644 0.04434097 0.04502931 0.0358767 0.02480348 0.01963215 0.01458653 0.01762551 0.02292773 
0.2997469 0.3423694 0.2889982 0.2818505 0.3028227 0.267832 0.2358783 0.3102987 0.3608644 0.2948082 0.2762486 0.2828413 0.2896902 0.2951102 0.3212872 0.3030091 0.3215263 0.3013031 0.2304227 0.2221626 0.1800193 0.1205445 0.1196959 0.103758 0.07760241 0.05882197 0.04251509 0.01846438 0.01376502 0.02167522 0.01409591 0.01442832 0.03235118 0.03744958 0.04592876 0.03695425 0.02997954 0.03042605 0.02823441 0.04147663 0.05493817 0.0492724 0.04971362 0.05185412 0.04331442 0.03258526 0.0514236 0.04091537 0.0369431 0.03043546 0.02404607 0.01786431 0.0181732 0.01613263 0.0137438 0.01460895 
0.3564487 0.3258091 0.29623 0.2778488 0.3108191 0.2798583 0.2057979 0.3470148 0.3515734 0.2851181 0.2635005 0.2861267 0.3070156 0.2900937 0.2981133 0.3567887 0.3498905 0.2484918 0.2388498 0.2387639 0.1740689 0.1918616 0.1146264 0.1009295 0.07135815 0.04601859 0.04850744 0.03465763 0.02528743 0.01355427 0.01419851 0.0141849 0.0379233 0.02250264 0.01770134 0.02529182 0.01904797 0.01614283 0.01866259 0.02341494 0.0279351 0.03207572 0.03133316 0.03837545 0.03918944 0.03097649 0.03667398 0.03183261 0.03371122 0.04081115 0.03073356 0.03190219 0.02135201 0.01292491 0.01167968 0.01349786 
0.50884 0.3707191 0.3526872 0.3033588 0.3198554 0.3180171 0.2319752 0.3127117 0.3077965 0.2763308 0.2890303 0.2571427 0.2400241 0.2643327 0.3130592 0.3776594 0.3563917 0.2828245 0.2752163 0.2850697 0.2113019 0.2126897 0.1440442 0.1070765 0.1005574 0.06260861 0.05227872 0.04352859 0.02562598 0.01037144 0.01032002 0.0125565 0.02133629 0.02483175 0.01525756 0.0172209 0.01817572 0.01591884 0.01729145 0.02016059 0.02096352 0.0279413 0.02684398 0.02634093 0.0363387 0.02948833 0.02758819 0.0320491 0.02831659 0.03508732 0.0390481 0.05195637 0.03589096 0.01359635 0.01561208 0.01708453 
0.4349062 0.4445513 0.4718188 0.3175427 0.3294051 0.3277797 0.2975262 0.2802365 0.2677598 0.2636701 0.2499795 0.2281207 0.2298029 0.2345517 0.2930021 0.32902 0.3314525 0.2821057 0.2769874 0.2817178 0.2843775 0.2371788 0.1761455 0.1426669 0.09583914 0.1357683 0.1221744 0.03470412 0.02229509 0.0136596 0.02360469 0.01652535 0.01812322 0.02241641 0.01299133 0.01299414 0.01316414 0.01304392 0.01352377 0.01802139 0.01889239 0.02343821 0.02731821 0.02078443 0.009564607 0.01306655 0.01268979 0.01814619 0.01687995 0.01175328 0.01467749 0.01717381 0.02009781 0.01984137 0.02018509 0.02131565 
0.3133077 0.2945364 0.304263 0.2556822 0.260344 0.2423466 0.2711886 0.2558927 0.2471057 0.2683488 0.227533 0.2073288 0.2517928 0.281466 0.2716034 0.3165126 0.3214201 0.3059098 0.2728176 0.3354838 0.3270586 0.2877741 0.2179732 0.1895695 0.146991 0.1234013 0.1023713 0.06127883 0.03590764 0.03795284 0.04373643 0.03978438 0.0242574 0.02716772 0.02675444 0.01833081 0.01075725 0.01065439 0.01061946 0.01579859 0.01567327 0.01917048 0.0146297 0.01775312 0.01600851 0.0154021 0.0108585 0.01151456 0.01102299 0.01142863 0.01016681 0.008945087 0.01137555 0.02048854 0.01825037 0.0234989 
0.2877061 0.2482491 0.2272593 0.2418963 0.2444973 0.2360341 0.2616459 0.2734839 0.2806664 0.2700815 0.252057 0.2107582 0.2087624 0.2837864 0.2823455 0.3208882 0.3131976 0.2955995 0.3042171 0.3359112 0.3968802 0.3600737 0.2322796 0.2027108 0.1655236 0.142579 0.1109075 0.06835405 0.04012043 0.03780804 0.03912165 0.04020522 0.0230714 0.02097584 0.01965677 0.01156924 0.0111001 0.01078716 0.01056688 0.01549266 0.01522864 0.01462993 0.01358949 0.01140642 0.01042187 0.009658513 0.009023942 0.009349193 0.008761927 0.008337611 0.01151248 0.0104668 0.007669406 0.01185805 0.009292235 0.01460586 
0.2170538 0.273507 0.2574653 0.2812242 0.2898035 0.2941038 0.3080127 0.3306874 0.2968495 0.303842 0.2550846 0.2218167 0.2116323 0.2319809 0.2698359 0.3558788 0.337695 0.3168954 0.2909372 0.298124 0.3085855 0.3418495 0.2695789 0.2695794 0.2212657 0.1698413 0.12226 0.1035332 0.04990366 0.04395181 0.04343015 0.03824246 0.03181169 0.02502047 0.02156873 0.01322285 0.01201919 0.01123799 0.01085823 0.01701101 0.01516129 0.0143559 0.01297442 0.0108605 0.009355932 0.008415015 0.007759032 0.007872358 0.007148986 0.00688132 0.007062024 0.006767133 0.006871394 0.009058024 0.01013902 0.01710737 
0.2463599 0.3255393 0.2653114 0.2524657 0.286658 0.3696085 0.328554 0.3866773 0.2721069 0.238273 0.1972624 0.2273564 0.2293126 0.2236582 0.2262967 0.2599001 0.3094531 0.3071365 0.3139767 0.3566874 0.3821379 0.3821101 0.3078255 0.2963822 0.2543445 0.2156399 0.1782197 0.1378237 0.07427742 0.05575179 0.04558386 0.04298401 0.03588713 0.03623214 0.02762138 0.01576677 0.01351476 0.01211714 0.01155598 0.01647459 0.01625682 0.01489181 0.01284337 0.01044914 0.0153201 0.01320922 0.01087333 0.009867135 0.006381031 0.006117195 0.00633128 0.006022765 0.01199852 0.008740652 0.0212263 0.02240897 
0.2550302 0.2717504 0.2298205 0.2871673 0.3774782 0.3267667 0.3915267 0.3819034 0.2299855 0.208914 0.1746886 0.1544278 0.1609485 0.1696068 0.1695696 0.1991542 0.1925835 0.2399265 0.2503605 0.3604908 0.3788194 0.3881678 0.3059393 0.2713696 0.2673968 0.2323457 0.2053886 0.1551809 0.135734 0.09454579 0.07290168 0.07486694 0.06373028 0.06323648 0.05059497 0.02961412 0.02289858 0.01929303 0.0164355 0.01725487 0.01622145 0.01434939 0.01262964 0.01030277 0.01364201 0.01647213 0.01150622 0.01101149 0.003883768 0.003362182 0.006825412 0.01871788 0.02420373 0.0219567 0.01286563 0.01648953 
0.1532676 0.1549862 0.1864333 0.2921526 0.308049 0.303058 0.3155258 0.2428402 0.1773462 0.1894784 0.1535174 0.138526 0.1295254 0.1482862 0.1412713 0.1729725 0.1599333 0.2059131 0.2263835 0.2948752 0.3335714 0.356082 0.3147704 0.2847046 0.2764758 0.2452279 0.1963698 0.1781481 0.1810108 0.1579631 0.1109299 0.09782994 0.09163125 0.08173699 0.05927769 0.03270741 0.02605707 0.02138121 0.01832482 0.01765076 0.01613153 0.01438081 0.0126869 0.01168014 0.01093555 0.009697963 0.006112461 0.003157901 0.005644329 0.002850502 0.02077913 0.1132035 0.07979415 0.0568083 0.02897391 0.02399729 
0.1696379 0.1429984 0.1666797 0.1939874 0.2355947 0.2514223 0.2042017 0.1607547 0.1984336 0.1336514 0.1063497 0.1367853 0.1629087 0.1824613 0.1617113 0.1727961 0.179383 0.1822757 0.205121 0.2596097 0.3189354 0.3068884 0.3175551 0.2905021 0.2681789 0.2423579 0.2075163 0.2075199 0.2107129 0.1925862 0.1522334 0.1380257 0.1044392 0.09149538 0.07081626 0.04175044 0.02414129 0.02171003 0.02044197 0.01855629 0.01677892 0.01477538 0.01269114 0.01027547 0.009075091 0.004919994 0.007523709 0.009565766 0.00576142 0.002588242 0.03772174 0.1478347 0.1567688 0.08256183 0.04565295 0.04177444 
0.1630123 0.2013266 0.2239841 0.251242 0.1981323 0.1971792 0.1699167 0.1505267 0.1623712 0.1213881 0.1421638 0.2027087 0.1840124 0.1889914 0.1654862 0.1829589 0.2001635 0.1648851 0.2034756 0.2414528 0.2648885 0.2566527 0.2926916 0.314781 0.3304177 0.25446 0.2352906 0.2701894 0.2534041 0.207341 0.1736549 0.1523449 0.1345883 0.1104255 0.07956126 0.05766368 0.02748423 0.02133947 0.01953485 0.01963557 0.01770209 0.01548928 0.01320577 0.01119124 0.01695802 0.01612424 0.01462588 0.01191919 0.006018697 0.007567985 0.01801792 0.05626709 0.06624097 0.0383504 0.04072477 0.05683747 
0.2497334 0.3752685 0.3284674 0.3349777 0.2554329 0.1851589 0.1989438 0.1637024 0.1782071 0.184581 0.2337021 0.222313 0.2544477 0.1860375 0.1862354 0.1822343 0.197652 0.1947815 0.1842467 0.2006733 0.2588756 0.2299938 0.2419941 0.2703747 0.2726911 0.2395675 0.2433264 0.2483836 0.2012663 0.1771804 0.1606988 0.1469148 0.1396439 0.1017012 0.08802559 0.07559266 0.04043121 0.03355517 0.02872734 0.02635951 0.02288004 0.02029128 0.01681674 0.01191869 0.01280161 0.01912914 0.01394747 0.01240225 0.009547429 0.005768199 0.005442903 0.009954171 0.02246975 0.05021621 0.04542692 0.0333139 
0.3008614 0.3257601 0.3227371 0.2767914 0.2266335 0.1843721 0.182112 0.2245668 0.2057793 0.1975817 0.2066298 0.2009071 0.1786941 0.1601467 0.1548321 0.18705 0.194803 0.2491559 0.2711237 0.2558706 0.2165995 0.1679697 0.2156593 0.2930229 0.235518 0.2341594 0.2931017 0.2427903 0.1840647 0.1745679 0.1629727 0.1486607 0.1214893 0.09824697 0.08512989 0.05535226 0.04038352 0.034777 0.03866572 0.02970485 0.02430839 0.02083365 0.01753274 0.01405345 0.01204755 0.01357082 0.012414 0.01066641 0.009763767 0.007927625 0.007132498 0.01087512 0.01900856 0.02515152 0.01525184 0.0136071 
0.3113769 0.3054314 0.295599 0.2967969 0.2586174 0.1338947 0.1901371 0.2309003 0.2670009 0.2301481 0.2001299 0.1986246 0.1833139 0.1473006 0.1286279 0.1783836 0.1972247 0.2494748 0.1959948 0.1928557 0.1677658 0.1588199 0.1996834 0.2660901 0.2634021 0.2505505 0.28829 0.2898706 0.1869086 0.1781702 0.166568 0.1690975 0.138044 0.1068196 0.08804862 0.06300513 0.04801691 0.0519658 0.04240248 0.03335695 0.02648859 0.02232805 0.01822582 0.01114217 0.007640999 0.006757047 0.006902694 0.007059935 0.009566667 0.01082897 0.008908097 0.01201697 0.01360389 0.01416234 0.01896934 0.007062881 
0.3530929 0.2920462 0.3089604 0.3140922 0.1963408 0.1445676 0.1198706 0.1325574 0.1999175 0.2122764 0.174928 0.1952204 0.1571394 0.1646219 0.1639497 0.1609664 0.1615589 0.1383466 0.1409458 0.1769414 0.1564869 0.1624625 0.1935517 0.2327904 0.2455142 0.2514042 0.2479172 0.2570733 0.1976213 0.1625355 0.1533147 0.1856088 0.1604094 0.1145098 0.09815745 0.09612048 0.06905198 0.04702365 0.04226461 0.03660589 0.02925171 0.02195366 0.01790944 0.0102574 0.007398661 0.00562481 0.004988948 0.004189577 0.006205447 0.009977787 0.007276262 0.008071247 0.01376011 0.01392691 0.02600887 0.03318077 
0.3635823 0.3608295 0.3497124 0.3053257 0.2468845 0.1804796 0.1722132 0.2216873 0.2669247 0.2707725 0.2532427 0.2296939 0.1934707 0.1689897 0.1603277 0.1571024 0.1827206 0.1704448 0.2165052 0.2207711 0.2063786 0.1748802 0.1873981 0.1478616 0.235952 0.2739763 0.2141905 0.2021896 0.1967952 0.1616912 0.1562527 0.1654451 0.1497091 0.1184844 0.1068224 0.1349657 0.1455361 0.07331662 0.05577536 0.04096556 0.02761265 0.02276443 0.01860169 0.01074016 0.004697513 0.003520019 0.003172565 0.003079395 0.002685054 0.006671284 0.015632 0.02476922 0.03180689 0.03664608 0.05539735 0.0481765 
0.3169382 0.3155195 0.289755 0.2801036 0.2135145 0.185695 0.2038635 0.3284241 0.3095258 0.2886162 0.2841837 0.2278933 0.1679406 0.1615129 0.1526265 0.1720415 0.2572683 0.2678043 0.3180042 0.3196255 0.2130242 0.1684649 0.1471386 0.1348105 0.1411684 0.1408202 0.1641258 0.2162647 0.2218081 0.1772805 0.1446761 0.1513796 0.1451673 0.1216385 0.1061023 0.1029566 0.09269056 0.06091703 0.05350614 0.04123404 0.03205063 0.02382721 0.02272834 0.006849557 0.004798265 0.003343838 0.003057154 0.006622712 0.006605257 0.009499225 0.0165531 0.0260888 0.04901326 0.05956383 0.05315039 0.04444387 
0.3090125 0.2749507 0.2696948 0.2560275 0.202098 0.22177 0.2591689 0.2905724 0.2778244 0.2664745 0.2587213 0.2086138 0.1560855 0.1595448 0.1529647 0.2288574 0.3119911 0.3224287 0.3756555 0.2883743 0.227262 0.1796182 0.1535442 0.1353391 0.1457534 0.1713357 0.2615859 0.1972154 0.2262591 0.1820426 0.1351845 0.1433431 0.1427142 0.1207526 0.1019446 0.08321201 0.07036344 0.05765453 0.04618853 0.03176924 0.02778764 0.02946914 0.02198586 0.006656533 0.004474345 0.003247827 0.002997432 0.007568951 0.006942899 0.01152811 0.01823407 0.0395219 0.04328045 0.03473703 0.04764635 0.006751261 
0.3695416 0.337418 0.2686331 0.2647363 0.2459939 0.2329243 0.2272488 0.2513039 0.2341089 0.2230638 0.1896162 0.1479806 0.134531 0.1156938 0.1358187 0.1964298 0.2493523 0.2178812 0.2390747 0.24158 0.227561 0.2004175 0.1516175 0.1399017 0.2469475 0.2345806 0.2094069 0.1837363 0.1801376 0.1301128 0.1153904 0.1173782 0.1260412 0.09626137 0.08263506 0.08928642 0.06658132 0.05162426 0.04219808 0.02815579 0.02363703 0.02054105 0.01594495 0.005691472 0.004188938 0.003108722 0.002988896 0.003116732 0.003105819 0.008295599 0.01836826 0.01924794 0.02422518 0.009406449 0.003723167 0.00147368 
0.4271027 0.4288495 0.3616112 0.2984689 0.2298946 0.2341782 0.1946454 0.2228699 0.2203804 0.2138647 0.2031571 0.166995 0.1434463 0.1370057 0.1442606 0.2155756 0.3341161 0.2293899 0.1861876 0.19418 0.1876676 0.1852507 0.144585 0.1460995 0.2578033 0.239758 0.2023817 0.1732585 0.1500656 0.1008258 0.0917259 0.09041062 0.07295206 0.07306521 0.07171046 0.08037033 0.06738462 0.05049257 0.03766806 0.0239876 0.02106936 0.01667122 0.01270328 0.00725473 0.00530471 0.004208262 0.004144703 0.005000749 0.004910933 0.008239267 0.02110033 0.01316928 0.005819535 0.01203018 0.005471465 0 
0.3825977 0.3750124 0.2899736 0.3117443 0.2295177 0.2375075 0.2142755 0.2144664 0.1898406 0.223123 0.2045941 0.1916078 0.1618563 0.1382992 0.1804313 0.2715684 0.3203853 0.225196 0.187139 0.1927962 0.1713013 0.1439523 0.145622 0.2315692 0.2745561 0.2290289 0.1613938 0.1347816 0.1378054 0.1058772 0.08500773 0.07634643 0.06218909 0.05513574 0.05432923 0.06444202 0.04655846 0.03258218 0.02840622 0.02472444 0.01574855 0.01309943 0.01097939 0.006456945 0.004857681 0.004068428 0.004125757 0.005123878 0.005191954 0.005377813 0.00557175 0.01270311 0.01132054 0.004873308 0.004105372 3.143651e-005 
0.2866594 0.2849176 0.2065064 0.2093735 0.193654 0.2174851 0.2305699 0.2008272 0.1811414 0.1996318 0.2089256 0.1772195 0.1392189 0.1506821 0.1916394 0.2644359 0.2829208 0.2047406 0.1919601 0.2074061 0.1466388 0.1310529 0.2641302 0.3643725 0.2325475 0.2327457 0.2534078 0.1687324 0.1361062 0.09641792 0.08974341 0.06885482 0.0557227 0.04989884 0.04348176 0.04606857 0.03772463 0.03323014 0.02339379 0.02640853 0.01308606 0.01112325 0.009421683 0.005710267 0.004586237 0.004100603 0.004208017 0.005313609 0.005458619 0.005830867 0.006173154 0.008422368 0.01120386 0.004336165 0.004385907 0 
0.2501094 0.2491859 0.1820608 0.1669043 0.1734495 0.1956856 0.2016397 0.1904216 0.1845631 0.1989412 0.201538 0.1550033 0.1161937 0.1298633 0.1416578 0.2733253 0.2067467 0.179997 0.1930775 0.1310574 0.09599943 0.1193362 0.1842834 0.1745944 0.1764622 0.2776205 0.3124421 0.2051359 0.1320699 0.1028876 0.06967144 0.04754796 0.03973859 0.03423091 0.03207475 0.03704675 0.03364457 0.02642865 0.01936112 0.01245863 0.01044567 0.009017929 0.0177863 0.005193778 0.01006932 0.01175751 0.00447137 0.005504511 0.005702612 0.005810988 0.006021905 0.007469737 0.007206063 0.004424205 0.004570021 0.002782258 
0.3072291 0.2633326 0.1509331 0.1489342 0.1485753 0.1734011 0.185198 0.1775851 0.1560849 0.1947158 0.1617238 0.1379515 0.1172171 0.1195756 0.1811146 0.2625932 0.2243934 0.1735243 0.1416531 0.1133275 0.1059872 0.09556379 0.1599008 0.1158149 0.1957121 0.2523539 0.2752107 0.210065 0.1267243 0.08172145 0.03794349 0.03212336 0.02712684 0.02831301 0.01673312 0.01832413 0.01394194 0.009166836 0.008120968 0.007104724 0.006407234 0.008708005 0.008202266 0.007414417 0.01211773 0.01125941 0.01281706 0.005748578 0.006497599 0.009573017 0.006918531 0.006671844 0.006661829 0.006534329 0.006526633 0.0004838709 
0.3719317 0.2393907 0.1473809 0.1457421 0.1442327 0.1678197 0.1748376 0.1846181 0.1530062 0.198056 0.1665474 0.1452295 0.1535199 0.1358081 0.1649691 0.2585316 0.1933157 0.1821214 0.1309302 0.1222204 0.1001748 0.08282642 0.08327188 0.1096513 0.1667776 0.1802384 0.1574033 0.1103744 0.1171819 0.05556166 0.02066931 0.02406174 0.0257618 0.03013113 0.01213583 0.01120679 0.00686345 0.005652788 0.00503971 0.007527473 0.007902454 0.005503072 0.007667192 0.007632834 0.00824135 0.007623397 0.01218639 0.006095471 0.009279481 0.006138921 0.006463386 0.009254799 0.008920287 0.009889609 0.009451976 0.006814516 
0.3175718 0.1972128 0.1397631 0.1933777 0.1972423 0.1826801 0.1435066 0.1869816 0.1629975 0.1926317 0.1770841 0.1432392 0.1330778 0.1264774 0.1578622 0.2260987 0.2032651 0.1682925 0.1862721 0.2226921 0.1594856 0.1128716 0.09883552 0.1122048 0.1626925 0.1128623 0.1115056 0.0861378 0.0639654 0.04169971 0.01749907 0.02023762 0.01476868 0.01101823 0.008183108 0.005816713 0.00735647 0.01076809 0.003434431 0.006022834 0.003838623 0.00271229 0.003274641 0.005888292 0.006761757 0.007154392 0.007104123 0.008308477 0.006422141 0.006301232 0.006387835 0.007012202 0.007179938 0.00664162 0.006678197 0.0005241935 
0.2437277 0.1793814 0.1405496 0.1461558 0.2151726 0.1763492 0.1744431 0.1856714 0.1594982 0.1662332 0.1593996 0.1633923 0.1198807 0.1306919 0.1394215 0.1694633 0.2191405 0.186815 0.2034842 0.1980156 0.2738663 0.1515849 0.08996318 0.09446585 0.10709 0.06947483 0.06967236 0.05200386 0.04416787 0.04457032 0.02413432 0.01659322 0.009453259 0.007397868 0.006357922 0.02297693 0.08421151 0.007831091 0.003356591 0.004292577 0.002982762 0.003408109 0.004125919 0.007422311 0.008553888 0.00879937 0.009576472 0.008210729 0.00689641 0.006465837 0.006510182 0.006669819 0.007266229 0.006805919 0.007319406 0.001532258 
0.2581467 0.1653969 0.09385702 0.06378826 0.08938419 0.1552791 0.08271145 0.1305021 0.1651691 0.144256 0.1331466 0.1764418 0.1481336 0.1237258 0.168324 0.1618432 0.1513806 0.1642461 0.1245966 0.1221699 0.1352979 0.1238081 0.1023309 0.1028227 0.0845584 0.0730826 0.04718795 0.03906665 0.0616954 0.02967601 0.02056112 0.009210596 0.004014906 0.004124794 0.002338747 0.03301662 0.2310839 0.01173895 0.004432918 0.008033582 0.006974151 0.007070972 0.008596626 0.01222057 0.01726128 0.01780747 0.01363043 0.008397165 0.007831824 0.007056714 0.00757177 0.0004838709 0.0004435484 0.0006854839 0.00391129 0.004516129 
0.3046159 0.2228194 0.07717014 0.06057778 0.07808596 0.1189332 0.09366784 0.1170467 0.1523545 0.1932581 0.1847937 0.1816105 0.1691956 0.1506718 0.1468655 0.09916155 0.0866992 0.1259226 0.09457537 0.08920649 0.07272502 0.07918496 0.1141715 0.1154448 0.1008184 0.06626606 0.02627626 0.01179085 0.003152344 0.006247945 0.002958444 0.005056632 0.004122943 0.002047217 0.002031151 0.004309598 0.002373297 0.002387084 0.003094147 0.005704716 0.007519245 0.008250449 0.01003642 0.01430302 0.01647536 0.01726167 0.014955 0.009174802 0.00786383 0.007188189 0.007180919 0.0004838709 0.00125 0.001370968 0.003387097 0.004314516 
0.3610086 0.2034087 0.07043533 0.05322005 0.06095374 0.08682945 0.08023899 0.07640933 0.08407831 0.1260735 0.1818718 0.1686718 0.1794008 0.160302 0.1066484 0.1027618 0.07390359 0.09857839 0.08329163 0.08283815 0.08153909 0.07776099 0.0917009 0.08813011 0.08564621 0.04327634 0.02504492 0.007634074 0.006166989 0.001219366 0.0009490068 0.001822784 0.0008105215 0.0004965058 0.0006019813 0.001512347 0.001731966 0.002360601 0.0035371 0.006429521 0.007819218 0.01173393 0.01146157 0.01613553 0.01889131 0.02156371 0.01658936 0.01046448 0.00877315 0.007293586 0.007293586 0 0.002782258 0.002782258 0.006814516 0.003346774 
0.2839656 0.1722383 0.1018547 0.0677719 0.02693631 0.06954651 0.06857882 0.06734722 0.04805204 0.09223994 0.1001998 0.1025329 0.127389 0.1270939 0.08088937 0.09270119 0.08670097 0.07388628 0.1342712 0.08408268 0.07228132 0.08891395 0.1393283 0.057032 0.04989105 0.06132114 0.04706313 0.01754806 0.007523158 0.004343528 0.0007756786 0.002684819 0.002179226 0.0004813597 0.0006398287 0.001741764 0.002113035 0.002806139 0.003810231 0.007514185 0.009038969 0.01144901 0.01286212 0.01790268 0.02026757 0.02065009 0.01849776 0.01158446 0.01029683 0.00728579 0.007480536 0.0001612903 0.0006854838 0.005564516 0.005927419 0.0006854838 
0.2245357 0.1422043 0.1168207 0.05310774 0.03234104 0.07821118 0.07090423 0.08756296 0.06771568 0.07888589 0.06230377 0.06461227 0.06526728 0.102633 0.0933913 0.1040892 0.096195 0.0995832 0.09310561 0.1204245 0.08468329 0.09422326 0.06103588 0.0530651 0.05389272 0.05907856 0.06831153 0.02927756 0.01141718 0.005007508 0.003438924 0.003415533 0.002043562 0.001488055 0.0008310946 0.004074943 0.003219779 0.004323731 0.005692604 0.009694665 0.01158415 0.01369435 0.01611308 0.02168704 0.02575054 0.02479377 0.02094098 0.001532258 0.004354839 0.0001612903 8.064516e-005 0 0.004959677 0.006008064 0.008629031 0.005725807 
0.1851751 0.1128157 0.1062393 0.05551814 0.05102596 0.02235585 0.05212102 0.08714948 0.06144794 0.05685319 0.06373444 0.06589298 0.05537732 0.07584243 0.1024396 0.1076457 0.09521364 0.1021572 0.08686702 0.1057506 0.09238584 0.08644642 0.04563662 0.04473121 0.04184982 0.04979726 0.04362974 0.02292167 0.007466573 0.001326168 0.0002343062 0.001445573 0.001214623 0.00145029 0.001325196 0.003787563 0.003698141 0.004967932 0.006444974 0.01091683 0.01297556 0.01520445 0.01763694 0.02176022 0.02827473 0.02717652 0.02338686 0.001774193 0.0006854839 0.003225806 0.001733871 0.002096774 0.004354838 0.00625 0.006653226 0.01741935 
0.1510973 0.1060683 0.09725387 0.09518533 0.05398064 0.02613074 0.0332601 0.05859406 0.0586289 0.04939387 0.06481582 0.07142247 0.06550121 0.05913648 0.07653501 0.1150756 0.103642 0.06787354 0.05193362 0.05346752 0.04666163 0.04641642 0.05056558 0.03809394 0.03658649 0.03240788 0.0203015 0.002342903 0.0004392495 0.0005505504 0.0001682624 0.00041364 0.0009392503 0.001239985 0.001555641 0.004451824 0.003899787 0.005148876 0.006623876 0.01128216 0.02590407 0.0155197 0.01814727 0.02547357 0.02972728 0.02560007 0.02483481 0.0006451613 0.0006451613 0.004274193 0.008185484 0.01237903 0.007096774 0.02504032 0.01346774 0.01862903 
0.1464827 0.114348 0.09489334 0.1088802 0.05377887 0.0405068 0.05106616 0.07405987 0.06617235 0.06202314 0.09430277 0.07942571 0.08390912 0.05510246 0.06765336 0.09035666 0.07487987 0.05259173 0.0504399 0.06266469 0.05604728 0.0578908 0.04901567 0.08515391 0.05402201 0.02637979 0.02057921 0.00247446 0.002796744 0.0002132328 0.0001463451 0.0003292749 0.0002168852 0.0005508432 0.0005669551 0.002906055 0.003812601 0.005849694 0.006383808 0.01083271 0.01273371 0.01669384 0.01849258 0.02163648 0.02500482 0.02700124 0.02293373 0.001935484 0.001290323 0.0004838709 0.004435483 0.01012097 0.02794355 0.02939516 0.02310484 0.01762097 
0.1625154 0.1122447 0.08341132 0.09213074 0.07156686 0.0843185 0.0890262 0.1180388 0.08734001 0.09628405 0.1023833 0.07532887 0.080416 0.04736856 0.0613947 0.069827 0.04427097 0.05524709 0.06219558 0.06843242 0.05840157 0.07377146 0.06856351 0.06479412 0.03311276 0.01625309 0.009519417 0.004283835 0.003556511 0.0005478327 0.0004475647 0.00177214 0.0003869291 0.0005574533 0.001058026 0.002092963 0.002729832 0.003527363 0.004467543 0.01021125 0.01265006 0.01473724 0.01609005 0.01679985 0.01717823 0.0177523 0.01719302 0.0002822581 0.007016129 0.006290322 0.007741935 0.01455645 0.02512097 0.01971774 0.02258064 0.01774194 
0.1831276 0.08746599 0.105294 0.1497074 0.06201823 0.1191034 0.1023662 0.1289827 0.199768 0.1493285 0.089646 0.1130718 0.08546071 0.06879994 0.06261472 0.06456269 0.06758922 0.0553616 0.05903817 0.06273252 0.05519608 0.0472605 0.05620133 0.0341564 0.01653825 0.01019028 0.008231085 0.004313949 0.005143739 0.00288387 0.0003682151 0.0004734367 0.001661575 0.0005513481 0.001036894 0.002046905 0.002726808 0.003418996 0.004314457 0.009609311 0.01141213 0.01312723 0.01470587 0.01565023 0.01549514 0.01635095 0.01619278 0.0004032258 0.01040323 0.007701612 0.007096774 0.01100806 0.01153226 0.01245968 0.02814516 0.03153226 
0.1555242 0.09939903 0.1441462 0.1366115 0.09947592 0.08381149 0.09819195 0.09021689 0.1337638 0.1413179 0.0769345 0.116893 0.07619579 0.06973957 0.05374854 0.04671484 0.05939392 0.05245984 0.07022801 0.08425281 0.05791203 0.04063099 0.0317438 0.02263357 0.01225783 0.006554247 0.004350432 0.004035034 0.003568311 0.0003431953 0.0002979789 0.0003996607 0.0003266251 0.0005127401 0.0009503068 0.001882776 0.002442677 0.003136341 0.003935516 0.008773766 0.01105163 0.01795301 0.01274883 0.01305662 0.01404523 0.02627502 0.01262113 0.0007258064 0.008790322 0.01133064 0.003548387 0.00983871 0.008467741 0.006733871 0.005604838 0.02387097 
