ncols         56
nrows         54
xllcorner     28.264
yllcorner     -5.7719999999999
cellsize      0.25
NODATA_value  -9999
0.1303604 0.1293861 0.1152716 0.1118172 0.1071339 0.08426293 0.08374325 0.06803414 0.06340274 0.0695797 0.06284469 0.06534471 0.08289816 0.08577844 0.1021443 0.1197779 0.1490978 0.1295042 0.1007151 0.1333033 0.1162743 0.1244917 0.0881997 0.09595509 0.1182667 0.1439238 0.1530386 0.1738077 0.2107384 0.2747298 0.2599001 0.2230932 0.2079774 0.2434462 0.2700543 0.2174232 0.2367116 0.1568229 0.1123357 0.08096441 0.07717422 0.05138583 0.06044314 0.09451314 0.09848899 0.1015497 0.08030412 0.08230294 0.09104027 0.08057415 0.07213636 0.05769348 0.07321504 0.04724152 0.03382706 0.007662851 
0.1752716 0.1622628 0.1472098 0.1547655 0.1268252 0.09117521 0.07815121 0.09165291 0.07275552 0.07093643 0.0535177 0.0560376 0.06712148 0.0780239 0.09492984 0.125549 0.1103553 0.1549042 0.1394272 0.1196862 0.09351027 0.1197023 0.1158229 0.1109151 0.1276097 0.1455502 0.1369503 0.1519465 0.1889067 0.2013634 0.1720258 0.1576711 0.1695666 0.1597949 0.1976947 0.2275728 0.1759579 0.1445281 0.108968 0.0839986 0.08827978 0.08085944 0.0780921 0.07465646 0.06822581 0.09727915 0.09598359 0.07069264 0.0660381 0.04797818 0.05189554 0.04618108 0.05041132 0.0298561 0.02367277 0.01413723 
0.2002544 0.1749263 0.1638849 0.1540024 0.182123 0.104858 0.0664819 0.08505972 0.1043767 0.06148182 0.05575727 0.04568085 0.04816508 0.06050304 0.06194301 0.06779429 0.05952917 0.06777489 0.09012311 0.1392272 0.1286523 0.1106706 0.1339939 0.1506942 0.1724904 0.1372637 0.08397166 0.09183741 0.1682428 0.1151914 0.1190535 0.1284502 0.162712 0.1505363 0.1274601 0.1448371 0.1223507 0.1299371 0.1073094 0.07876174 0.0968903 0.0849669 0.08101241 0.06304149 0.06016754 0.07241157 0.06518662 0.04139642 0.03456818 0.04523753 0.0464626 0.04872792 0.03622818 0.02073534 0.02972522 0.02819113 
0.1692753 0.1597746 0.1665882 0.2541106 0.1853191 0.1181415 0.08890492 0.08896513 0.1113302 0.1010246 0.07715043 0.04176631 0.05613109 0.04740901 0.04008748 0.03744332 0.04522413 0.05623339 0.1122854 0.1485548 0.1022519 0.1441403 0.1088718 0.151777 0.2076646 0.1367035 0.079629 0.08764985 0.08432831 0.1239003 0.1186762 0.09185719 0.108991 0.1429233 0.15245 0.1213862 0.09106003 0.07086772 0.06532204 0.0703218 0.07668753 0.0862474 0.1125019 0.08376782 0.05984308 0.03949361 0.03740298 0.02965652 0.01866579 0.0233562 0.0243217 0.01729156 0.02005339 0.02419266 0.02178951 0.01454763 
0.1810026 0.1212744 0.1144255 0.1437467 0.1356515 0.1160417 0.09334656 0.08520137 0.1013367 0.08280519 0.07438583 0.05483961 0.05524472 0.06505711 0.03606196 0.02855242 0.05111837 0.05154417 0.081773 0.08093497 0.08344142 0.09690759 0.09589005 0.1216465 0.1652352 0.128026 0.08133665 0.06000704 0.06161317 0.0626399 0.08077217 0.08327713 0.08317325 0.1074349 0.1196526 0.08539685 0.07815274 0.05551645 0.0526189 0.07186221 0.08236557 0.08192527 0.1008443 0.0731734 0.03430767 0.02023698 0.01807155 0.01931184 0.02060772 0.01662898 0.01647352 0.01859182 0.03034792 0.02811639 0.02753046 0.007450779 
0.1738742 0.1218585 0.08031631 0.112949 0.1154793 0.125605 0.1150711 0.1156916 0.1399026 0.09577364 0.07812946 0.05780633 0.04498746 0.0638903 0.05347121 0.0485347 0.05391683 0.05917667 0.07020004 0.1161274 0.0732531 0.08646264 0.07994278 0.09565958 0.1083509 0.1117579 0.06226017 0.04234472 0.0513751 0.04910636 0.04583547 0.05212208 0.05494558 0.06628431 0.06130017 0.06398927 0.07468385 0.06017477 0.05627051 0.0754579 0.08604006 0.09214576 0.06118476 0.04037016 0.02696265 0.02549415 0.01837076 0.01960337 0.01987506 0.01947742 0.01388446 0.01247739 0.02322779 0.02221099 0.02817925 0.01464987 
0.1446811 0.1089373 0.0755619 0.09841213 0.09960353 0.1322814 0.104474 0.1392669 0.1494761 0.1096645 0.1289994 0.08540197 0.08960429 0.09083578 0.07666547 0.0759043 0.09442638 0.07058021 0.05562722 0.07574983 0.05055038 0.05206597 0.06687097 0.07788002 0.06545978 0.07404451 0.04890691 0.03976738 0.04592622 0.0411936 0.03083498 0.04195205 0.03720658 0.05988049 0.05081828 0.06489877 0.07319312 0.07024544 0.08328035 0.08627725 0.0968155 0.0892861 0.05524524 0.027248 0.01936998 0.0184027 0.01531399 0.02083319 0.0179414 0.01784479 0.01508868 0.009300217 0.01337178 0.01741006 0.02344397 0.01473255 
0.107918 0.1022475 0.07643087 0.07381336 0.08397533 0.1127745 0.1260732 0.1362661 0.1476557 0.1502495 0.1267223 0.1159959 0.09938258 0.1021967 0.07875232 0.07793859 0.07966172 0.08919173 0.07504869 0.07777835 0.03677688 0.03989851 0.04880615 0.06434484 0.04180897 0.03934792 0.03909298 0.03050909 0.03459205 0.03735744 0.03291387 0.03658263 0.03736864 0.06440265 0.07336178 0.0781545 0.0734008 0.07877468 0.1145645 0.1200908 0.08992263 0.06532458 0.03890736 0.01251674 0.003188214 0.003877879 0.005272031 0.003273838 0.003165225 0.002351308 0.003583248 0.0007265535 0.0006594281 0.0006033205 0.006467545 0.0005461544 
0.0823787 0.07161604 0.0795314 0.06494125 0.07346725 0.09699082 0.1098921 0.1329014 0.1608579 0.1746515 0.1608861 0.1219318 0.08679808 0.09059921 0.0648988 0.05838332 0.06320413 0.06799495 0.08060935 0.08317885 0.03884863 0.03549875 0.0366215 0.03799731 0.0269071 0.03659251 0.04736594 0.04636207 0.0358116 0.02507908 0.03764893 0.03931811 0.03363535 0.04957079 0.05046147 0.05107612 0.05626192 0.06113971 0.07521918 0.08804733 0.08340604 0.05890113 0.03771336 0.005478388 0.003159384 0.00458432 0.004801239 0.002520416 0.001512365 0.001350937 0.001222298 0.0006340137 0.0005552855 0.0004894726 0.007266107 0.0003877053 
0.05357691 0.07978473 0.07269637 0.0670676 0.06938399 0.08599458 0.09383616 0.1299711 0.1276794 0.1667582 0.1741014 0.1527271 0.1083643 0.07469641 0.05987252 0.05779907 0.05857648 0.03811504 0.04764231 0.05999826 0.03669273 0.03108603 0.03166727 0.05080874 0.03629718 0.03054817 0.03700827 0.02868327 0.01653843 0.02187857 0.02773288 0.03714892 0.04626532 0.04580258 0.04722273 0.04463327 0.03972155 0.04129555 0.04845113 0.0469001 0.04499388 0.03642028 0.02895651 0.01346069 0.009713539 0.003738588 0.004581608 0.00326276 0.001373884 0.002922537 0.005852172 0.003282806 0.0004567362 0.0003950334 0.0003557549 0.006398571 
0.08336769 0.0830779 0.08234528 0.08102521 0.09147744 0.1030145 0.08732806 0.08775086 0.1044971 0.150666 0.1457078 0.1327605 0.1263802 0.1234703 0.134738 0.1202331 0.08548775 0.03892311 0.03854952 0.05341157 0.05448098 0.04177517 0.03662266 0.0368097 0.0440911 0.04056318 0.03331935 0.07466625 0.04323654 0.02745076 0.02984747 0.03764346 0.03844005 0.04004758 0.03142134 0.03015884 0.03370767 0.03961407 0.03980925 0.03188905 0.02521318 0.028992 0.025239 0.007606928 0.01473476 0.01008625 0.006099026 0.00826849 0.005950306 0.01086806 0.008341425 0.004067907 0.01173231 0.01374153 0.004485347 0.0003068783 
0.1094483 0.118751 0.09852174 0.09764696 0.107891 0.1257986 0.1245099 0.1130193 0.1049813 0.1155679 0.1141099 0.131658 0.09763105 0.1345131 0.2101104 0.1514328 0.1096825 0.07075231 0.03412714 0.05642579 0.04363925 0.04690867 0.04540613 0.03013686 0.03468579 0.03325743 0.02389005 0.04239305 0.04908118 0.0237903 0.02602097 0.03123022 0.02723945 0.02726166 0.0240596 0.01348368 0.02299162 0.01311793 0.007347721 0.02180515 0.0191941 0.01936559 0.01555949 0.01411983 0.01688184 0.01399564 0.01155748 0.01241932 0.00838009 0.006986206 0.005984483 0.003927093 0.002729962 0.00398602 0.008381371 0.002419491 
0.1208553 0.1205043 0.1068114 0.0894344 0.08842985 0.07648085 0.1130413 0.105847 0.1069462 0.09837738 0.0849386 0.094331 0.08429292 0.07900362 0.1037004 0.1201151 0.07944026 0.06635194 0.04164156 0.03392427 0.04520507 0.0502404 0.05045341 0.02895588 0.023065 0.03356367 0.01863691 0.03597916 0.02735869 0.02017673 0.01791533 0.01487528 0.01647077 0.01650104 0.01840058 0.01275936 0.01464723 0.008577361 0.009270906 0.01840057 0.01614184 0.01507642 0.01459931 0.01334129 0.01612165 0.01562788 0.01198676 0.01371407 0.006879765 0.005553126 0.004622273 0.001905026 0.001394646 0.001053812 0.0008945889 0.0006240545 
0.1201689 0.1146751 0.09003513 0.09361457 0.06665163 0.07805032 0.08666649 0.1086386 0.1096065 0.1037651 0.1190604 0.1024942 0.07457756 0.07140914 0.07277632 0.09059493 0.06899227 0.05994193 0.04015844 0.03496905 0.04520639 0.04909445 0.04232791 0.02630405 0.02051815 0.02225512 0.01709168 0.03690003 0.03802171 0.02727196 0.01158565 0.008925317 0.01077402 0.01916983 0.02528792 0.01279307 0.01394123 0.01693015 0.02549886 0.02091532 0.01405047 0.01324086 0.01217426 0.01032888 0.009299434 0.01159121 0.01785934 0.01448658 0.01280214 0.01107649 0.003787942 0.001500528 0.001007326 0.0006944948 0.0005673463 0.001813288 
0.1107178 0.1045062 0.1021036 0.078587 0.06917395 0.09686685 0.1027058 0.08994706 0.1115703 0.1165848 0.1401468 0.1180167 0.06517344 0.05715862 0.07310644 0.08353022 0.09304984 0.09084839 0.05679871 0.03687034 0.04275184 0.0444692 0.0584958 0.02754525 0.02709635 0.01770146 0.01342819 0.01816578 0.03189825 0.02790144 0.009729168 0.008768963 0.008927581 0.01832445 0.02850746 0.01787097 0.004800896 0.006973947 0.01028592 0.01860425 0.01998775 0.01802271 0.01080986 0.0102409 0.008532969 0.008968634 0.01398992 0.007008842 0.005565914 0.004410202 0.003532917 0.001379993 0.0008970914 0.0005956834 0.0004760418 0.000534274 
0.08295985 0.1092938 0.1024506 0.09037201 0.08784077 0.1003486 0.1063842 0.1176832 0.133774 0.107372 0.09976266 0.1060185 0.09428837 0.09295882 0.08959569 0.09941421 0.07971126 0.06484322 0.05549738 0.06205758 0.04492518 0.04106111 0.06260651 0.04024227 0.0314914 0.02220877 0.01700169 0.01695297 0.02777842 0.01517719 0.007775629 0.01023277 0.008200043 0.01095535 0.01149903 0.009889584 0.008602485 0.008723365 0.008763837 0.01432043 0.01853717 0.02313681 0.02885689 0.02630819 0.01420998 0.007608769 0.00659737 0.007506428 0.006019641 0.01348628 0.003784572 0.001256493 0.00173225 0.003279222 0.0005744552 0.0008463657 
0.06608357 0.09420246 0.109116 0.09850096 0.09456445 0.114834 0.1101127 0.09561957 0.1160256 0.1493405 0.1304595 0.1049373 0.1097247 0.09191961 0.07464932 0.06567071 0.07388204 0.0765151 0.07346909 0.1284399 0.1023864 0.04685918 0.04466662 0.03158172 0.02098323 0.02359784 0.02650132 0.01860561 0.01528987 0.01380153 0.006591343 0.007173319 0.00383113 0.004946444 0.004552969 0.005487469 0.005900546 0.006324425 0.006610775 0.0126425 0.0115153 0.01484487 0.01858511 0.01047955 0.00754984 0.006944939 0.006054963 0.006911118 0.005590111 0.008196918 0.005826885 0.001131653 0.0006782225 0.002230063 0.005603768 0.001418595 
0.08083349 0.119506 0.1318729 0.1489678 0.1261882 0.1464147 0.121115 0.096692 0.1065702 0.1201624 0.1289705 0.1153228 0.1176724 0.1238821 0.08945263 0.06972619 0.07855996 0.1050696 0.1187136 0.1350098 0.1224432 0.06403589 0.03559345 0.04621907 0.02187644 0.02769139 0.02537086 0.02181204 0.01644211 0.003096521 0.00384107 0.002807327 0.004888074 0.003501428 0.003447855 0.003969225 0.004721111 0.004860835 0.005443063 0.008927042 0.009512784 0.009677778 0.009529243 0.006863886 0.006772552 0.006277668 0.005463721 0.006247464 0.005075195 0.005152856 0.003195417 0.003790962 0.006632022 0.007654067 0.001566168 0.001765496 
0.1183137 0.1423566 0.1553827 0.1431202 0.1406326 0.1611643 0.1039468 0.08592632 0.09071249 0.08365001 0.07524721 0.09539939 0.08150228 0.1316364 0.1805065 0.1035238 0.1053937 0.1170132 0.1212913 0.1421411 0.1906406 0.1301709 0.05496515 0.0263611 0.02178263 0.02188147 0.02564652 0.02661755 0.01072739 0.002374887 0.002908179 0.004306458 0.003619813 0.00348924 0.003728115 0.003899851 0.00482122 0.004381093 0.004716245 0.008029059 0.0085121 0.008660358 0.008510559 0.006132609 0.006210605 0.01464579 0.004841427 0.005505264 0.007377466 0.005036868 0.01026335 0.007539772 0.005396036 0.001741594 0.002070451 0.002207552 
0.157246 0.1733142 0.179802 0.1452666 0.1511616 0.1714789 0.1619973 0.1048007 0.1063513 0.08102439 0.0873289 0.06857737 0.07299755 0.07899725 0.08676889 0.09680451 0.1352027 0.146639 0.1250772 0.1415152 0.1319461 0.1404227 0.1144149 0.09140761 0.06209582 0.0494405 0.03878448 0.03773068 0.02322475 0.02406667 0.01814424 0.01140384 0.008837325 0.007372341 0.00755572 0.006385428 0.003851703 0.003955359 0.004241559 0.007543615 0.007986419 0.008123341 0.007947639 0.007646559 0.008762182 0.01822616 0.01299052 0.006105872 0.004835379 0.004186308 0.003669609 0.002741575 0.002248377 0.002179457 0.002459605 0.005973417 
0.1269777 0.1506493 0.1597953 0.1406893 0.1357762 0.1160528 0.1113116 0.1210747 0.09590287 0.07249071 0.08165464 0.05875798 0.04723281 0.04142091 0.05299371 0.0795209 0.09211159 0.1308524 0.1726527 0.1640014 0.1039077 0.1114975 0.1112218 0.1035494 0.07912627 0.06348694 0.0403515 0.03149695 0.02174435 0.02534791 0.02221058 0.01647553 0.01146288 0.01472932 0.01024115 0.003868215 0.003498036 0.003444812 0.003677688 0.006535933 0.006930781 0.007035709 0.006807653 0.006511131 0.006303072 0.006497526 0.005087117 0.005009911 0.004616956 0.004192633 0.003721254 0.003156424 0.002715051 0.00818787 0.00283087 0.004552094 
0.1382273 0.1290662 0.1238916 0.119102 0.09527053 0.06547669 0.06400273 0.06644111 0.0616138 0.05283401 0.04227697 0.03264334 0.02323776 0.04315878 0.06989052 0.08730733 0.09784593 0.09802862 0.1084275 0.109124 0.08343809 0.09637856 0.09768464 0.09525051 0.0661218 0.07272815 0.06117931 0.05159568 0.03296008 0.0288298 0.01849627 0.02651219 0.02571931 0.02298852 0.008106463 0.004490003 0.003595401 0.003273559 0.003390011 0.005899786 0.006152036 0.006200215 0.005925828 0.00559511 0.005332479 0.004892234 0.005480512 0.005065937 0.004826117 0.004544638 0.004161213 0.003923971 0.003511306 0.003471036 0.004062098 0.0052061 
0.1086175 0.09866866 0.0938168 0.07907686 0.06954888 0.04624807 0.05833616 0.02865789 0.0282905 0.02572899 0.02564142 0.01047491 0.01859014 0.06731798 0.07278381 0.07409241 0.07198909 0.06542705 0.07071175 0.09071901 0.07779105 0.0708782 0.09440326 0.1280941 0.1062697 0.06987845 0.06624469 0.07044959 0.05313014 0.04378175 0.04223315 0.04691237 0.02471275 0.02943077 0.01754145 0.005735865 0.004140116 0.003333615 0.003368565 0.005654698 0.005721717 0.005611021 0.005285273 0.004897103 0.004573774 0.005057191 0.005527626 0.00538855 0.005245121 0.005036497 0.004710066 0.004758801 0.004355747 0.005211544 0.004579153 0.006046907 
0.07074776 0.08572311 0.08735857 0.07336333 0.0805131 0.07556562 0.05673277 0.03179789 0.03205549 0.03087339 0.03072132 0.01680566 0.02077587 0.04110339 0.05374403 0.05252305 0.03907845 0.03593139 0.03874741 0.09535556 0.08699564 0.08563127 0.1000984 0.1623882 0.1397209 0.1094693 0.09581338 0.09200498 0.09752843 0.08716626 0.07876679 0.07336707 0.0606885 0.04254331 0.02369226 0.008507122 0.005659722 0.004125484 0.004030757 0.005200291 0.005075525 0.004835668 0.004455221 0.002468524 0.00393955 0.003987729 0.005065479 0.005839744 0.006232274 0.006823249 0.007033601 0.007269517 0.006280489 0.007023026 0.01254016 0.0320013 
0.09072383 0.1178531 0.07030407 0.05501761 0.05211174 0.06511617 0.06572173 0.03115124 0.02760987 0.01631066 0.008163507 0.01002559 0.02200244 0.0243392 0.02440302 0.03072713 0.02521435 0.02464978 0.02107728 0.06039551 0.07324152 0.07648755 0.08958887 0.1602444 0.1520346 0.122549 0.1079367 0.1163178 0.1181001 0.1227925 0.1052136 0.0830139 0.06071808 0.05436429 0.04233412 0.02561436 0.006786618 0.004247817 0.004020613 0.004975568 0.004646151 0.004271082 0.00383166 0.002046286 0.002719049 0.004249088 0.005455636 0.006319648 0.006984652 0.007382012 0.007475659 0.007544839 0.007192138 0.006876065 0.01180755 0.009100502 
0.08252448 0.1033841 0.07677221 0.05081026 0.0405442 0.05515323 0.05559103 0.03595357 0.02126728 0.007533603 0.01054872 0.0198861 0.02675648 0.02096879 0.02032994 0.03307584 0.02404361 0.0234877 0.01696423 0.04715046 0.04830447 0.06006632 0.1095092 0.1618071 0.1539835 0.1485172 0.1311223 0.1400359 0.1576407 0.1621387 0.1095707 0.08890606 0.0596934 0.06953056 0.05085685 0.02816432 0.0162684 0.004447583 0.004089449 0.004960646 0.004517455 0.004030517 0.003574647 0.001865578 0.003198722 0.004770397 0.009464004 0.009575938 0.01055783 0.01298824 0.0099058 0.01706752 0.008416786 0.01332488 0.01809931 0.0117703 
0.1128595 0.125839 0.0925559 0.06647267 0.05417761 0.05934439 0.05092511 0.02180391 0.02045602 0.0200133 0.01826061 0.03536765 0.0368756 0.02508686 0.03326145 0.03139589 0.02005153 0.0239016 0.01806704 0.06016865 0.06774662 0.06706246 0.063623 0.1211564 0.1309178 0.128175 0.1362187 0.1525676 0.1513985 0.1425377 0.1129605 0.1029178 0.08937491 0.0979519 0.06362604 0.02843895 0.02266547 0.006105375 0.004294173 0.005168486 0.004631781 0.004128681 0.003679744 0.002286656 0.004441097 0.01052428 0.02083806 0.009310497 0.01010029 0.01644844 0.01443283 0.02208873 0.02019399 0.01298974 0.02041033 0.01317619 
0.119941 0.1074096 0.1191252 0.1087185 0.07395756 0.06126318 0.06895921 0.03883419 0.01318163 0.01500572 0.02627739 0.04229288 0.02292491 0.0174509 0.02512451 0.03197241 0.04186232 0.04605053 0.02724905 0.09187904 0.1119156 0.1259076 0.09476793 0.1279031 0.135601 0.1255349 0.1307256 0.1197993 0.1231245 0.1237838 0.1177341 0.09563093 0.09202142 0.07011793 0.05360138 0.02177044 0.02374648 0.008254476 0.005763574 0.006084104 0.005433072 0.005231586 0.004460154 0.005576002 0.004514193 0.006904202 0.006775736 0.009517604 0.01557794 0.01687152 0.0146163 0.02177069 0.03923253 0.03885755 0.03788647 0.04484886 
0.1019308 0.09295959 0.08838827 0.09208743 0.08038872 0.04453677 0.04698775 0.0232586 0.01044163 0.01702561 0.01549524 0.01543177 0.005108824 0.005640045 0.01183188 0.031783 0.05584288 0.0543984 0.06515291 0.1013151 0.1307489 0.1374903 0.1087542 0.1526004 0.1498653 0.1488348 0.140154 0.1287576 0.1213269 0.1292111 0.1257394 0.1095576 0.08520076 0.06086625 0.05878253 0.02736768 0.01740983 0.01379171 0.01122428 0.009541768 0.007605962 0.007138657 0.00688633 0.003581384 0.006580626 0.007462749 0.008910895 0.01604923 0.01750382 0.01660402 0.01532901 0.02902072 0.04847359 0.04103391 0.04257135 0.03837588 
0.07173367 0.07864866 0.09366304 0.08860516 0.05648312 0.03081438 0.04135605 0.0104324 0.01665897 0.01131484 0.005733712 0.005889775 0.006068177 0.006926658 0.01698403 0.04206339 0.1089505 0.08552124 0.0675731 0.1033917 0.1192092 0.1087359 0.07838956 0.135894 0.1551794 0.1756526 0.1460655 0.1506175 0.1360487 0.1352249 0.1264617 0.1040033 0.08280335 0.06157046 0.058156 0.03445039 0.02467303 0.01497619 0.00791999 0.006810463 0.005932936 0.005443256 0.0158262 0.00508732 0.005068558 0.007041426 0.009629009 0.01457212 0.0216521 0.02505328 0.02795948 0.03603547 0.04784452 0.04218842 0.07524634 0.08627103 
0.06920782 0.07759862 0.08511129 0.04933389 0.03309337 0.01767407 0.01273653 0.0126067 0.009854494 0.007838971 0.00351788 0.003229817 0.006225396 0.008861309 0.00855359 0.03560388 0.05307427 0.05301433 0.02940436 0.0918254 0.1007282 0.07868471 0.08157704 0.1055719 0.1217962 0.1381632 0.1279867 0.1344019 0.121529 0.1136622 0.1116541 0.1023922 0.08401204 0.06330288 0.05946634 0.02970091 0.01754191 0.01302839 0.007525748 0.008543469 0.006622357 0.005816622 0.005579465 0.004141834 0.005864066 0.008209951 0.01143056 0.02279892 0.02830099 0.02970202 0.03448897 0.03872038 0.04866112 0.0831267 0.0985337 0.1136812 
0.08170824 0.06387994 0.09501582 0.04773074 0.02922732 0.01563794 0.009086441 0.01708907 0.02791223 0.01562133 0.01424397 0.01304844 0.01364562 0.01816961 0.02461491 0.0758898 0.120233 0.151769 0.1458551 0.1117636 0.1184432 0.1262469 0.09125865 0.09137897 0.129293 0.1500942 0.122798 0.1220182 0.1229399 0.1115083 0.1074974 0.08668752 0.07908656 0.06305944 0.04566673 0.03370538 0.04831478 0.01635901 0.01340649 0.009092338 0.007221524 0.006659236 0.006510477 0.003152502 0.005603614 0.009274391 0.01431164 0.03562758 0.0338915 0.04556799 0.04572014 0.0564355 0.08730005 0.1276874 0.1620934 0.1419669 
0.08237883 0.0678974 0.05194433 0.03021951 0.0186451 0.01429465 0.00835428 0.01759521 0.02153825 0.01282532 0.0124881 0.01440867 0.01684235 0.02295931 0.02849435 0.1320288 0.169438 0.1303778 0.1796702 0.1190315 0.1234687 0.11678 0.09262604 0.08456118 0.1133836 0.142685 0.1064086 0.1130656 0.1290128 0.1227306 0.09729707 0.07892618 0.06597616 0.05113022 0.04202973 0.03000049 0.02220048 0.01809283 0.01619525 0.009263373 0.007836107 0.007843312 0.007594516 0.004415093 0.008906148 0.01277579 0.0225979 0.03541044 0.04184245 0.06154224 0.05128206 0.1021653 0.1337946 0.1829602 0.1742922 0.1366846 
0.08204298 0.05145571 0.02472893 0.0158034 0.006428399 0.005914674 0.007361361 0.01506442 0.01583328 0.01229349 0.01305265 0.01310957 0.01597231 0.02113329 0.03671549 0.06308311 0.100858 0.1918408 0.1279397 0.1015433 0.0873484 0.09963453 0.09112166 0.08193526 0.09050097 0.1334644 0.107672 0.1102253 0.11566 0.1088727 0.08530881 0.06536729 0.0562764 0.0447985 0.0351567 0.02584087 0.01950286 0.0171599 0.01411032 0.008961289 0.007632925 0.007498349 0.00857976 0.00428647 0.007989915 0.01275214 0.02076852 0.03594641 0.06069568 0.05857776 0.07270562 0.1217436 0.1571811 0.1873554 0.2078452 0.1786487 
0.1392679 0.05416224 0.02614919 0.01243786 0.01609392 0.01753641 0.01072669 0.01156839 0.01200464 0.01381181 0.01283557 0.0141632 0.03065595 0.025569 0.03014128 0.04498423 0.04725255 0.1083444 0.08910404 0.0822563 0.06227729 0.05893311 0.07116691 0.06535371 0.07977217 0.09583063 0.1056937 0.08502104 0.08037361 0.07537805 0.06311024 0.0457796 0.06304043 0.03095381 0.02717042 0.02015297 0.01551554 0.01473434 0.01198083 0.007614941 0.006683034 0.007632301 0.01049647 0.005886139 0.01017257 0.01975472 0.02941264 0.04615745 0.06644159 0.0712527 0.06777841 0.09865735 0.1116021 0.1764496 0.2244745 0.2157099 
0.1119749 0.07944902 0.02426166 0.0129153 0.01208212 0.01162174 0.00693166 0.01265094 0.01350298 0.01188188 0.01191772 0.01921694 0.04443906 0.04927906 0.06151242 0.03132418 0.03187865 0.05051042 0.04915778 0.05082855 0.04611008 0.030435 0.03092658 0.05068881 0.07082337 0.09699894 0.09582964 0.05329951 0.04772254 0.03910558 0.03199642 0.01282476 0.00996231 0.008327181 0.007040522 0.01067594 0.01049414 0.007832996 0.007204537 0.003414574 0.003178637 0.004597333 0.00699435 0.01556898 0.02183262 0.03327118 0.04908734 0.07411808 0.0887638 0.1000872 0.1093336 0.1256509 0.1638827 0.1925673 0.2027016 0.155396 
0.09383672 0.06511939 0.01209349 0.01220722 0.01031789 0.00286804 0.00305618 0.01082064 0.0112899 0.01151112 0.01240548 0.01974453 0.03229621 0.04269151 0.0611923 0.02752768 0.0174812 0.03519274 0.03276499 0.03003099 0.02499185 0.02008147 0.02389619 0.04525766 0.05363873 0.06782933 0.06659525 0.04702248 0.03326324 0.02856651 0.02186732 0.008795843 0.005960405 0.004106833 0.003951696 0.007973093 0.007482587 0.00704133 0.009229316 0.004559997 0.003648619 0.005677017 0.007947082 0.01939695 0.02812159 0.04405958 0.05662798 0.08894578 0.1112621 0.1176753 0.1424838 0.1505811 0.2027015 0.2401614 0.2005495 0.1845348 
0.04167474 0.01804752 0.006737943 0.003057311 0.003031077 0.000878028 0.0009317443 0.01020776 0.0107141 0.0109236 0.01231127 0.02175608 0.01761717 0.02353604 0.01730625 0.01136508 0.009516667 0.01114292 0.00982472 0.01192913 0.01483155 0.01525032 0.01823406 0.03228212 0.04794923 0.05161829 0.04269262 0.03403712 0.02490132 0.01920266 0.01564746 0.005283243 0.002952319 0.001943383 0.004779099 0.003915571 0.003725214 0.003864019 0.00406019 0.002213631 0.002333723 0.004576804 0.008796114 0.02096923 0.03924928 0.05416864 0.06758598 0.09336958 0.1423063 0.1679857 0.184692 0.1771699 0.2145308 0.2045746 0.2070302 0.1014583 
0.03832677 0.0120435 0.003423903 0.004943687 0.003222323 0.0007924468 0.0008470913 0.009323312 0.0101874 0.01011491 0.01003495 0.01621227 0.01563523 0.01466061 0.01294258 0.009940959 0.008102931 0.007559028 0.00987889 0.009800781 0.01065799 0.01339593 0.01568252 0.02935289 0.04288 0.04120694 0.03398513 0.02372661 0.01886741 0.01435466 0.01226293 0.004088425 0.00241138 0.001932575 0.001596217 0.002910118 0.002959961 0.003189298 0.00364755 0.002464682 0.003634052 0.004882328 0.00946505 0.02176637 0.03392208 0.04673204 0.05767417 0.09452126 0.1300068 0.1496243 0.1806552 0.1870864 0.1858751 0.2213088 0.1328662 0.098625 
0.03865532 0.009765296 0.002096457 0.0008514901 0.001555783 0.0008644105 0.0009370116 0.008972884 0.01459556 0.009905085 0.009695068 0.01424193 0.01405124 0.01301901 0.01114932 0.007430596 0.005863422 0.005330565 0.005855383 0.006510963 0.006826167 0.01169269 0.02182129 0.02595559 0.04039721 0.03097358 0.0185017 0.01416893 0.01263987 0.01204124 0.009634997 0.004286472 0.002995732 0.001431069 0.001403794 0.001185748 0.001178387 0.001388719 0.001776863 0.002209611 0.002547559 0.00533144 0.01039952 0.03316616 0.04582067 0.06267235 0.09685676 0.1104838 0.1424297 0.1777899 0.1699266 0.1752781 0.2106093 0.1701073 0.1761387 0.07591667 
0.02563484 0.003383441 0.0003851749 0.0006163027 0.001283288 0.0007506371 0.0008298793 0.009150412 0.01211811 0.00896572 0.008788251 0.01270828 0.01239555 0.0113733 0.009529345 0.006114154 0.004570829 0.003981631 0.004384111 0.004789237 0.005190519 0.006123391 0.01289385 0.01900649 0.02422246 0.02252253 0.01524865 0.015827 0.01272304 0.007749564 0.00622815 0.003275831 0.001766159 0.001523572 0.0009444642 0.0007705571 0.0007369958 0.0010363 0.001543907 0.002178874 0.002852182 0.005782693 0.01181472 0.05540251 0.05871646 0.07120274 0.09494445 0.1124666 0.156073 0.1680775 0.1716375 0.1864604 0.1523495 0.1728276 0.1731509 0.07350001 
0.03989374 0.008354814 0.0007251282 0.001915826 0.001708077 0.0006360017 0.0007132817 0.006905821 0.007569886 0.00783929 0.007623782 0.01094779 0.01064028 0.009657061 0.008294764 0.004989809 0.004013626 0.003023752 0.003338974 0.003668753 0.003975044 0.004764651 0.007789244 0.01322502 0.01639406 0.0110399 0.01224011 0.01001732 0.008501362 0.005639573 0.004641276 0.002176208 0.001245621 0.0009637118 0.0007840144 0.0006509576 0.0006100177 0.0009201553 0.001698246 0.002224927 0.003266463 0.01444215 0.0261327 0.05201127 0.06103773 0.08026072 0.09377607 0.1096322 0.1391098 0.1651908 0.1775865 0.1349819 0.1482826 0.1674198 0.1687624 0.06979167 
0.04106059 0.008532651 0.001396356 0.0004204587 0.0004672982 0.0005247717 0.0005853238 0.005645776 0.00620763 0.00639881 0.00624801 0.008956042 0.008726834 0.007920595 0.006573674 0.004073235 0.002935254 0.002472295 0.004991225 0.002993744 0.003230069 0.003868686 0.004872162 0.007829618 0.01066798 0.01042035 0.009438396 0.007692596 0.006790864 0.006106213 0.01284686 0.00182951 0.001225341 0.0009179992 0.0009243362 0.00167046 0.006062463 0.001280315 0.001854506 0.01379111 0.01727987 0.01206517 0.0128753 0.03588716 0.04912041 0.05888414 0.07689454 0.08818276 0.109496 0.1470183 0.1953488 0.1434475 0.149613 0.165204 0.1650112 0.07029167 
0.02022564 0.007472063 0.00443418 0.002118479 0.00230127 0.00265144 0.002941608 0.003452949 0.003797665 0.003940208 0.003849426 0.00411679 0.004036982 0.00366847 0.003049162 0.001905525 0.001387918 0.001178323 0.001290039 0.00158254 0.001692511 0.002034819 0.002571072 0.001877134 0.002142002 0.005480554 0.001880771 0.001680235 0.001165581 0.007139247 0.02913747 0.002073698 0.001552139 0.001647938 0.001711063 0.00230703 0.02887086 0.01770469 0.01534269 0.01063676 0.005978734 0.01051376 0.0177654 0.03658777 0.04411826 0.05996298 0.07862537 0.09656247 0.110864 0.1723358 0.1558844 0.101 0.08924998 0.08845832 0.1040417 0.089625 
0.02102039 0.01497605 0.004504949 0.001975293 0.001588017 0.001784148 0.001998101 0.002354538 0.002591838 0.002688803 0.002655304 0.002859819 0.002823238 0.002577217 0.002140394 0.001344265 0.0009850818 0.0008385731 0.0009054592 0.001104754 0.001176005 0.001418876 0.001812352 0.00132723 0.001538947 0.001582159 0.001374751 0.001048108 0.0008841748 0.0007536982 0.0006710899 0.001825663 0.001537117 0.001863271 0.001809871 0.001787782 0.003907697 0.005430361 0.004952929 0.004959246 0.007327646 0.01152881 0.01826123 0.04318191 0.05166829 0.05256775 0.06815078 0.08641734 0.1198306 0.1264919 0.1450227 0.1054583 0.07858333 0.07779167 0.10675 0.08204166 
0.01508692 0.007809957 0.0020346 0.0009753863 0.001095494 0.001219266 0.001360888 0.001593715 0.001747374 0.001812921 0.001805936 0.001963632 0.001946075 0.00178348 0.001487728 0.0009322126 0.0006885807 0.0005872353 0.0006542517 0.0007632964 0.0008093862 0.0009784667 0.001268557 0.003162877 0.002473453 0.001115168 0.001003187 0.0007757585 0.0006734804 0.0005982625 0.001949334 0.001611231 0.001789797 0.002700201 0.002034704 0.001833354 0.002527792 0.006199463 0.006401373 0.00663525 0.009346391 0.01297039 0.01824688 0.02934141 0.03528517 0.04852964 0.0632946 0.08341911 0.1219214 0.116475 0.1199614 0.09716666 0.06591666 0.08220832 0.114375 0.08566667 
0.006113718 0.003159338 0.0007349763 0.0007971871 0.0008427844 0.001482126 0.001031243 0.001201783 0.001309508 0.001359129 0.001348802 0.001459289 0.001443096 0.001323326 0.00109847 0.0006856144 0.0005051668 0.0004321787 0.0004639194 0.0005626356 0.0006008781 0.0007282004 0.0009432753 0.0007080785 0.0008295989 0.0008496332 0.0007737628 0.0006112795 0.0006090886 0.0004953156 0.0005544802 0.001432455 0.001771748 0.002816166 0.001938289 0.002035166 0.002640484 0.004104289 0.006023487 0.008021642 0.01055921 0.0142256 0.01843848 0.0337614 0.03914518 0.04583212 0.05356803 0.07734312 0.07617461 0.1101495 0.1155454 0.08433335 0.04699999 0.07366667 0.101375 0.07745834 
0.007753658 0.001250516 0.0008794006 0.0003682011 0.0004206869 0.0006310863 0.0005099168 0.0004398282 0.0004749083 0.000488906 0.0004820243 0.0003173806 0.0003106123 0.0002834183 0.0002338593 0.0001577881 0.0001160127 9.959151e-005 0.0001078206 0.0001724899 0.0001852004 0.0002245621 0.0002932459 0.0001699971 0.003957392 0.0002089437 0.0001959652 0.0003176916 0.0002959855 0.0003291007 0.0002859356 0.0008449268 0.0008496596 0.000994335 0.00179376 0.002935492 0.003600692 0.005995137 0.01100039 0.01199903 0.01660669 0.02095202 0.02355047 0.05869547 0.05341967 0.04428119 0.04607701 0.08675 0.1272083 0.166 0.1574583 0.07624999 0.078125 0.09291667 0.09395833 0.08000001 
0.0006607477 0.002475172 0.001987063 0.0004587811 0.0002175936 0.0002408501 0.000279968 0.0002126634 0.0002240325 0.000225087 0.0002158394 0.0001375667 0.0001882637 0.0001171117 9.697011e-005 9.33388e-005 4.86973e-005 0.0004449058 4.703148e-005 0.0007977847 0.0005380213 0.0001026906 0.0001343511 0.0001788259 0.0001421434 0.0001021202 0.0001053329 0.0001895736 0.000196386 0.0003652469 0.0002290534 0.0007236293 0.0008723337 0.002295182 0.002795788 0.004060929 0.004745406 0.00821815 0.01004743 0.01369581 0.01711496 0.02017595 0.02375288 0.04162645 0.05279303 0.04053021 0.06735948 0.1033333 0.1117083 0.1309167 0.1211667 0.07741667 0.07954166 0.07749999 0.08504167 0.07866667 
0.002841795 0.0002476118 0.0006260484 0.001378458 0.0001026187 0.0001363309 0.0001090773 8.564319e-005 8.504104e-005 8.041971e-005 7.093378e-005 4.099536e-005 3.442725e-005 2.908841e-005 2.440318e-005 1.676171e-005 1.281667e-005 1.201998e-005 0.0005341424 0.007535925 2.845652e-005 3.605543e-005 4.776533e-005 2.82371e-005 3.368228e-005 4.186591e-005 5.259141e-005 0.005217812 0.002761859 0.0001549631 0.0001841679 0.001513326 0.002666799 0.001989637 0.003500948 0.005904663 0.007292425 0.006888291 0.009068605 0.01975191 0.09351039 0.02045491 0.02403165 0.0420028 0.04516801 0.05158443 0.07516704 0.05120833 0.09054165 0.122625 0.1263333 0.108 0.07820833 0.06575 0.08491666 0.08779167 
0.002200899 0.0006622684 0.0001028106 0.0005392692 7.349764e-005 7.893556e-005 7.835438e-005 6.169386e-005 6.165077e-005 5.814404e-005 5.108704e-005 2.948205e-005 2.4702e-005 2.07494e-005 1.74638e-005 1.201306e-005 9.170611e-006 3.980107e-005 0.0008060287 0.0007323835 0.0003801135 0.0003285272 0.0001705894 0.003915373 2.443957e-005 0.006290397 3.9318e-005 8.431629e-005 9.956095e-005 0.0001231088 0.0001532818 0.0008549902 0.001232792 0.002176282 0.005323326 0.007095465 0.004777796 0.006689141 0.008885534 0.01373329 0.04180244 0.01991129 0.02667804 0.05926376 0.04525296 0.05067115 0.03645924 0.039625 0.07316668 0.108375 0.117 0.1012917 0.1102083 0.09074999 0.09370834 0.08225001 
0.003180594 0 0 0.0032621 0.0007630362 0 0 1.62935e-005 0.0001002059 1.543319e-005 1.353681e-005 0.0003758064 0 0 0 0 0.0004407382 0.000958949 0.0009115771 0.001025516 0.001253924 0.002090817 0.002208149 0.007213324 0.0006405815 0.0005271056 0.0003387733 0.0002097359 0.0003048565 0.0002249748 0.0005090279 0.0009785532 0.001405883 0.004328338 0.005921244 0.004784233 0.004515644 0.006077939 0.008070018 0.01473429 0.01777053 0.04061301 0.06072168 0.07741379 0.06495965 0.07411672 0.03850069 0.02525 0.1044167 0.114125 0.1617917 0.1262917 0.1334167 0.1204583 0.1143333 0.1117917 
0 0 0 0 0 0 0 5.906712e-006 6.099798e-006 5.806916e-006 4.986409e-006 0.0001200387 0.0004940358 0 0 0 0.0002826312 0.0005126676 0.0007270282 0.000859546 0.0008633022 0.000864398 0.0007501934 0.0007303357 0.000616903 0.000523271 0.00033434 0.0001947381 0.003158427 0.0001601809 0.0004453832 0.0008676182 0.001854579 0.003325086 0.002649741 0.003737234 0.006408417 0.005763073 0.007650405 0.01364887 0.04649715 0.04938635 0.04631216 0.04963613 0.03598995 0.04217861 0.03032726 0.04208333 0.11 0.109875 0.1137083 0.101875 0.1282917 0.09583332 0.09991667 0.1072083 
0 0 0 0 0 0 0 6.216185e-007 5.819354e-005 8.673746e-007 6.205869e-007 8.340975e-006 0 0 0 0 0 0.0002144702 0.0004128255 0.0005609919 0.000596126 0.0006206193 0.0005499468 0.0005022135 0.0004643353 0.0003967235 0.0002337104 0.0001052054 0.0001855222 0.0001095924 0.0003192169 0.0007169572 0.000875649 0.001526356 0.002304773 0.003203486 0.003642543 0.004998261 0.006678967 0.01256948 0.02174219 0.03039565 0.02622755 0.0367493 0.04061004 0.03766256 0.03042128 0.07658333 0.107 0.07191666 0.061625 0.07645834 0.08470834 0.105125 0.09750001 0.09229167 
