ncols         56
nrows         54
xllcorner     28.264
yllcorner     -5.7719999999999
cellsize      0.25
NODATA_value  -9999
0.1220066 0.0766797 0.05834151 0.0841999 0.05806119 0.05172091 0.05790127 0.06335105 0.03716793 0.05742939 0.1307979 0.1731501 0.1531503 0.1340712 0.157206 0.1127558 0.09961262 0.09719548 0.1196564 0.1622949 0.1629557 0.2323037 0.2654251 0.2473013 0.2579807 0.3215612 0.3401228 0.3501763 0.2548998 0.1807113 0.164169 0.16273 0.1729859 0.1723341 0.1052046 0.1008301 0.0978942 0.06615283 0.0509291 0.03808745 0.03016585 0.02577425 0.02975882 0.03417836 0.02947315 0.03126206 0.03318713 0.05260274 0.06899278 0.06237319 0.05340758 0.06248826 0.08307526 0.09108309 0.09947975 0.1022661 
0.1444893 0.08208048 0.06069155 0.07817893 0.06909529 0.06129184 0.0556181 0.0414423 0.03704788 0.04405153 0.09039183 0.1765621 0.1538461 0.12972 0.1589318 0.1254298 0.143253 0.1756204 0.1468949 0.1928912 0.1795148 0.195098 0.2322971 0.2199828 0.2635079 0.2850665 0.3002356 0.2859524 0.3005448 0.2365763 0.1793523 0.1587913 0.1539916 0.124715 0.1159366 0.1326853 0.1075433 0.08599342 0.06025938 0.0442703 0.03750836 0.03523785 0.03755871 0.03655156 0.02919484 0.03620004 0.04272885 0.06468779 0.08964204 0.08527571 0.06673727 0.07946908 0.09089661 0.09465084 0.05820247 0.05146119 
0.1596381 0.1010309 0.08479194 0.07663305 0.1117501 0.1048434 0.09150679 0.06131264 0.0525505 0.04450652 0.06750114 0.1147956 0.126398 0.1680068 0.1695443 0.1441492 0.1582058 0.1927941 0.1557137 0.2375314 0.3191864 0.2387496 0.2946376 0.2460181 0.2598864 0.2626458 0.3004406 0.3089605 0.2890836 0.216814 0.1993411 0.2196063 0.2518971 0.1753824 0.1452903 0.1497757 0.1400602 0.1100115 0.08564097 0.0683207 0.065019 0.05551698 0.04134642 0.03933723 0.03685315 0.03891544 0.05076897 0.06544553 0.08486832 0.09375556 0.07200821 0.08881192 0.08253603 0.08170982 0.07862907 0.06499884 
0.1658161 0.1380797 0.1186048 0.1538222 0.1395845 0.1197637 0.09805419 0.06954926 0.1195566 0.08395914 0.08448064 0.1565599 0.1683224 0.179125 0.1310642 0.1354645 0.1202668 0.1306621 0.1378502 0.2206548 0.2871213 0.2441595 0.2122128 0.251685 0.3295869 0.3489015 0.3815266 0.3347592 0.241127 0.2432073 0.25837 0.2272896 0.2711953 0.2076995 0.1383569 0.1682746 0.1422879 0.1178707 0.1007518 0.09855707 0.1061801 0.100136 0.09910061 0.0884278 0.09469758 0.09724959 0.1053471 0.1152493 0.1544192 0.1040099 0.07172249 0.102573 0.0951756 0.08879653 0.06782817 0.05661669 
0.1386288 0.1219758 0.1155142 0.1349126 0.1324664 0.1042254 0.1036428 0.134985 0.17695 0.1192663 0.1342248 0.1538766 0.1875144 0.1905815 0.1275125 0.1757145 0.1405464 0.1114809 0.1249349 0.1367844 0.185677 0.1758132 0.1755919 0.204512 0.2358071 0.3287072 0.3085692 0.3164002 0.3100455 0.2732012 0.2867449 0.2266081 0.2254231 0.1723585 0.120856 0.1342252 0.1475935 0.1337638 0.09063519 0.09810522 0.1195723 0.1544466 0.1378409 0.1847393 0.2013228 0.2186542 0.2249858 0.1799809 0.1353754 0.1058111 0.08620653 0.09882494 0.09459049 0.07498786 0.06167514 0.04529423 
0.1653695 0.120044 0.09632345 0.1116596 0.1471175 0.1672905 0.1340235 0.1867511 0.1606571 0.1488849 0.1438732 0.1800984 0.1725773 0.1575804 0.1297773 0.1800139 0.1557489 0.1329397 0.1445581 0.2192843 0.2055889 0.1857979 0.1934903 0.1877404 0.3352785 0.3562068 0.2729082 0.2290761 0.2349844 0.2739099 0.2854333 0.2249004 0.2217629 0.1614072 0.152463 0.1537759 0.1404483 0.1971275 0.1315577 0.1215732 0.2075093 0.1585161 0.1650773 0.2101681 0.2223986 0.2344786 0.1499922 0.119115 0.1142216 0.1052619 0.08394455 0.07504585 0.06355867 0.04417191 0.05088489 0.04837063 
0.1629264 0.1259881 0.1313898 0.1167572 0.1002532 0.1549643 0.1511277 0.1913238 0.2119927 0.1361914 0.1556025 0.1900072 0.174754 0.1639747 0.1873144 0.2329638 0.2163865 0.1835184 0.2015032 0.2143208 0.1884921 0.1902291 0.2466394 0.2186916 0.2836793 0.2303668 0.2432141 0.2420095 0.2681804 0.2677006 0.2344261 0.2374436 0.2146794 0.1826058 0.1385449 0.1500215 0.1500026 0.140366 0.1140272 0.1691437 0.2013792 0.1908741 0.2062514 0.1996133 0.1902563 0.1755531 0.1273605 0.1240372 0.1044585 0.09180536 0.07203779 0.08035407 0.08355723 0.0807553 0.07146919 0.08454362 
0.1280133 0.1300369 0.1207796 0.1468443 0.1311305 0.2095896 0.1828783 0.2346916 0.1611791 0.1600247 0.127503 0.1258652 0.1310499 0.1354302 0.1654802 0.2014665 0.2006253 0.1644843 0.1589111 0.1498331 0.1703956 0.168412 0.1576021 0.2134639 0.1924446 0.1630715 0.2163441 0.1827086 0.2088871 0.2196842 0.2480834 0.2444009 0.2417799 0.2082983 0.1916961 0.1903072 0.1341818 0.166254 0.1750697 0.2490605 0.2284184 0.2234628 0.2316199 0.2056338 0.1942679 0.1376173 0.1249178 0.1119511 0.1263083 0.1126279 0.09089222 0.07837413 0.1198397 0.1370118 0.0908443 0.1281921 
0.09184758 0.1480832 0.1532221 0.1561236 0.1776683 0.23082 0.1626572 0.1788089 0.1670375 0.2225982 0.2064158 0.1496625 0.1494615 0.1012434 0.1216084 0.1531276 0.1330896 0.1228128 0.1248672 0.1413651 0.1679635 0.2054212 0.259943 0.2369878 0.2482449 0.2206732 0.1860612 0.1676758 0.1914883 0.1729473 0.1971321 0.2101871 0.2316658 0.2292472 0.2049478 0.2473273 0.1848429 0.1603318 0.1754788 0.2301173 0.2287719 0.2231517 0.182579 0.1865526 0.1385027 0.1363241 0.1381091 0.1380753 0.1601057 0.1416285 0.134848 0.1349256 0.1197032 0.1481703 0.1295055 0.1051524 
0.1187188 0.1253348 0.1437427 0.2549512 0.2437774 0.220832 0.2110677 0.2835719 0.21061 0.2084473 0.2452094 0.2529455 0.2440098 0.1687572 0.1823453 0.2265407 0.2129586 0.1868711 0.2065475 0.197535 0.1472027 0.1621362 0.2277703 0.2481467 0.2238287 0.222977 0.1895944 0.1480247 0.1647927 0.1542017 0.1709854 0.180046 0.1952559 0.1834753 0.1688006 0.2074338 0.1586261 0.1942743 0.1703255 0.2142997 0.2137147 0.1828113 0.1688244 0.218634 0.1734058 0.1436619 0.1517399 0.1514128 0.1546661 0.1405152 0.1551157 0.1610785 0.1788406 0.1326391 0.1357365 0.1159773 
0.1447392 0.1657366 0.1504313 0.269621 0.2772749 0.3172828 0.3087792 0.3799366 0.3466062 0.3836314 0.3309622 0.3029107 0.2748959 0.2502986 0.2162837 0.2675402 0.2326921 0.264539 0.2293983 0.1919231 0.1464257 0.1423274 0.162047 0.1952495 0.185395 0.2434676 0.2276025 0.125361 0.1112769 0.09028581 0.08876409 0.114021 0.1484444 0.1425767 0.1335201 0.1444491 0.1325215 0.1357413 0.1286498 0.1630229 0.1448801 0.1263636 0.1836822 0.2033165 0.1890376 0.1588646 0.196042 0.1718369 0.1942014 0.1683289 0.1544576 0.1717137 0.1532961 0.1550089 0.130491 0.0984386 
0.1565694 0.1669019 0.1671228 0.2424248 0.2792151 0.2597323 0.2160375 0.2150393 0.2491037 0.2364121 0.259988 0.3021354 0.2596878 0.2117495 0.205788 0.1954238 0.1893941 0.1901742 0.1561823 0.1575458 0.13254 0.1133581 0.1232859 0.1389408 0.1399069 0.1475835 0.1524732 0.1256096 0.09547906 0.07719817 0.06083376 0.06503161 0.08445249 0.08966345 0.08712263 0.1189285 0.1066984 0.08289985 0.09068327 0.1437202 0.1348924 0.1582287 0.1531402 0.1649722 0.1874421 0.1941388 0.1703965 0.1600337 0.1722552 0.1751071 0.164738 0.1667608 0.243498 0.1938799 0.1053054 0.08349659 
0.2308939 0.2228381 0.2475882 0.2921333 0.278379 0.2664535 0.229214 0.2266841 0.2365433 0.2515495 0.2869666 0.3199823 0.2834405 0.2430076 0.2354236 0.2461077 0.2646401 0.2239465 0.1822662 0.1580937 0.1428384 0.127822 0.09110327 0.111208 0.1625707 0.197218 0.1074339 0.0861419 0.06702907 0.0557218 0.05358247 0.05372441 0.05409692 0.07181166 0.1041807 0.1163751 0.1222937 0.08373011 0.0975835 0.1693834 0.1929067 0.1819238 0.149331 0.1688645 0.1607671 0.1412925 0.1441777 0.1648973 0.1451738 0.1566322 0.1509721 0.1395347 0.1819256 0.1542132 0.1097364 0.1087406 
0.2234283 0.2595747 0.2895182 0.3037281 0.2818422 0.2645399 0.2601649 0.2524762 0.2526397 0.2387354 0.2079878 0.2439489 0.2747696 0.3321899 0.299845 0.2939148 0.303769 0.2719359 0.2081961 0.1550354 0.114926 0.1377837 0.1179304 0.1147895 0.1169403 0.1057004 0.09276381 0.06534724 0.05688251 0.0406923 0.03754296 0.04178742 0.0440531 0.05001039 0.08109842 0.1256315 0.1533199 0.1044373 0.09382747 0.1721334 0.1891406 0.1752373 0.1489786 0.1362265 0.1405039 0.1430763 0.137068 0.1407721 0.128479 0.1484462 0.133189 0.1258053 0.148388 0.1596357 0.1883514 0.1155236 
0.2421658 0.2711109 0.2749863 0.2701851 0.2711565 0.2722571 0.2512481 0.2694407 0.2419669 0.2106133 0.1823899 0.2341098 0.2821335 0.281901 0.2874038 0.2522433 0.296539 0.244454 0.2243551 0.1771327 0.1309561 0.09508609 0.0962225 0.1196319 0.07424819 0.06822113 0.06470211 0.08040024 0.0875209 0.06213727 0.03719574 0.0355378 0.03932964 0.04388215 0.05685849 0.08900221 0.08066322 0.0386853 0.06355071 0.170799 0.2086205 0.1697264 0.1678938 0.1711255 0.210103 0.1795363 0.1720755 0.1668118 0.1446709 0.1509697 0.1503787 0.1360171 0.1300561 0.1016671 0.1321581 0.1073087 
0.2200668 0.2927946 0.2741657 0.2961409 0.2565775 0.2245043 0.2023216 0.246539 0.2435866 0.2411682 0.2752465 0.2517591 0.2375953 0.2321568 0.2530281 0.2501045 0.2629208 0.245535 0.2249046 0.1739725 0.1480199 0.1211677 0.0915567 0.1116648 0.08992986 0.05820335 0.05231207 0.05597772 0.07621847 0.08232106 0.0442306 0.05386692 0.06104423 0.07407813 0.07146458 0.04815358 0.05078271 0.05020703 0.0614668 0.1345057 0.1377718 0.1550328 0.1702199 0.2185078 0.2044433 0.1843339 0.1848684 0.1765569 0.2176612 0.2380985 0.2236873 0.1129661 0.1106016 0.128396 0.08570114 0.06372476 
0.2176014 0.2467709 0.2442148 0.2361785 0.215208 0.1961738 0.2817618 0.2725365 0.2604818 0.2251312 0.2861169 0.2788104 0.2395582 0.2533675 0.3140395 0.321007 0.3074046 0.2950608 0.2651235 0.2267628 0.1825409 0.1560012 0.09029459 0.07985649 0.08480205 0.05727977 0.0459051 0.04116502 0.05811467 0.07621285 0.05818931 0.0659197 0.09108027 0.07705414 0.06708687 0.04179692 0.05620848 0.08148132 0.06885132 0.08901304 0.1146834 0.144961 0.1672218 0.1683644 0.1335216 0.09616159 0.1394386 0.1349631 0.1401854 0.176528 0.1969395 0.1438603 0.1203343 0.1000303 0.07742626 0.0580178 
0.2691094 0.203745 0.1912415 0.2106955 0.2349959 0.2215298 0.2723725 0.266897 0.2622485 0.2464325 0.2484289 0.2622727 0.25305 0.2889106 0.3113397 0.3310294 0.3301597 0.3181231 0.2863047 0.2491986 0.1864424 0.1350745 0.08852901 0.05564739 0.05872105 0.0531381 0.05473862 0.04582173 0.05830579 0.06322759 0.05778905 0.0646335 0.08601499 0.07036334 0.08166301 0.07487673 0.05967579 0.07390139 0.06545389 0.08775387 0.1068767 0.1234761 0.130534 0.1647743 0.1556959 0.1134527 0.114984 0.08264092 0.08814137 0.0820894 0.1134223 0.1558333 0.2440153 0.1083959 0.07551803 0.07304513 
0.2964322 0.2151751 0.1853591 0.2360981 0.2399699 0.2211447 0.2843979 0.2538032 0.2277157 0.2000743 0.2038112 0.2295935 0.2642013 0.2936833 0.337468 0.3605837 0.3201636 0.2630013 0.2644555 0.2541151 0.2291873 0.1572103 0.1004497 0.07031143 0.07338185 0.07463104 0.07405135 0.06919449 0.07192549 0.07821287 0.06078683 0.0712983 0.07783077 0.09059446 0.09247904 0.0746452 0.03768073 0.05006114 0.04594613 0.06807637 0.0770336 0.08557538 0.1079348 0.1280458 0.1985261 0.171826 0.0978314 0.1400466 0.1513467 0.1158201 0.0959962 0.1630301 0.1482444 0.09689724 0.1011302 0.09903915 
0.2347589 0.235381 0.2372231 0.236903 0.2267648 0.2818268 0.2147108 0.215267 0.1895682 0.1611716 0.1539161 0.2133294 0.2863592 0.3137937 0.3362784 0.39686 0.3837876 0.2984513 0.3021295 0.2617742 0.3231265 0.2246749 0.1483855 0.1252033 0.1064374 0.09877132 0.1027377 0.1176356 0.1208907 0.1083746 0.07444085 0.08383762 0.07488833 0.07431439 0.08929878 0.03616687 0.03490485 0.03690186 0.03307746 0.05066175 0.07376382 0.09261986 0.0948098 0.1292475 0.2408124 0.219137 0.130725 0.1047327 0.09528532 0.111564 0.1023444 0.0823728 0.09150098 0.1125925 0.1480504 0.1184414 
0.227241 0.2582505 0.2622799 0.253253 0.26235 0.2449232 0.1983947 0.1872231 0.1546443 0.150158 0.1590101 0.2250464 0.2887248 0.3245046 0.3158361 0.3477333 0.3706288 0.3360749 0.303678 0.2663674 0.2711797 0.2256151 0.1658629 0.1555243 0.1227329 0.104801 0.1063389 0.1139677 0.1164939 0.1004621 0.1079871 0.09433172 0.07581113 0.07475422 0.1038225 0.06035415 0.05753922 0.03793487 0.02818536 0.04529266 0.06241079 0.07627243 0.0819893 0.1032561 0.1684798 0.25058 0.1739687 0.1078027 0.08183909 0.06577227 0.05182045 0.06295926 0.06840158 0.1070399 0.1304179 0.1063138 
0.199684 0.2441848 0.2351449 0.2740429 0.2723409 0.2573508 0.2316264 0.2041646 0.1694466 0.1338684 0.1444325 0.213312 0.2567391 0.2749582 0.27864 0.2819198 0.3069543 0.3181212 0.3323312 0.3284107 0.2279799 0.2203687 0.2595698 0.2220642 0.1478827 0.1224547 0.1194136 0.1000962 0.1226745 0.1214863 0.120107 0.1193566 0.09632373 0.07451414 0.06667459 0.05542371 0.06210088 0.05119934 0.05883519 0.05153206 0.05959431 0.05843916 0.07737122 0.09898802 0.1100472 0.1420361 0.1112629 0.04756506 0.04434515 0.03843977 0.03647241 0.06770217 0.07519941 0.1007374 0.1420728 0.08337615 
0.237257 0.2556206 0.2132033 0.2399737 0.2713366 0.2832097 0.2504442 0.2468497 0.1951698 0.1465077 0.1332848 0.2100072 0.2036734 0.2276087 0.2213509 0.2126745 0.2388484 0.2818525 0.2695055 0.2817636 0.2575517 0.2518257 0.2403041 0.2263781 0.1977314 0.1625373 0.1438949 0.1701682 0.1320122 0.1232697 0.1030495 0.082563 0.08732101 0.09566026 0.08283377 0.05007875 0.06220124 0.07676551 0.06559598 0.07169026 0.07430714 0.07458734 0.06840307 0.09933744 0.09837746 0.06533629 0.05510619 0.0285342 0.0294878 0.03151084 0.0464176 0.06811586 0.07913297 0.098584 0.137709 0.1254983 
0.1986984 0.1373513 0.2312987 0.2134434 0.2871581 0.2980554 0.2325104 0.2180205 0.1754896 0.1509648 0.1495815 0.1758365 0.1968571 0.1954165 0.2012648 0.1964108 0.1983261 0.2278921 0.2498558 0.2488993 0.2924789 0.3158039 0.2507469 0.2530788 0.2389462 0.1879235 0.1665244 0.2194452 0.1875 0.156128 0.1146367 0.1202109 0.109851 0.1060893 0.1193607 0.09625853 0.1067135 0.1032351 0.1059275 0.08404046 0.08900336 0.08124739 0.07664157 0.07698822 0.0871475 0.0698565 0.03491665 0.02475497 0.01583757 0.0321567 0.0593897 0.0923275 0.1383683 0.2035502 0.2224806 0.1609005 
0.1554188 0.1358964 0.1914238 0.215923 0.2264092 0.1810332 0.156136 0.1550591 0.1491394 0.1447497 0.1099572 0.1861015 0.2152937 0.2162283 0.1963903 0.1883838 0.180267 0.1858318 0.2637565 0.3069411 0.2990514 0.2516324 0.2272299 0.2262062 0.2277332 0.1807215 0.1718948 0.2221396 0.2219933 0.1732751 0.1317284 0.1240899 0.115876 0.11988 0.1255581 0.1146867 0.1250661 0.1123117 0.1111491 0.1148727 0.1181052 0.07867146 0.07371607 0.0736164 0.09005045 0.07103271 0.05288821 0.04301045 0.07229547 0.06070801 0.1131441 0.1276831 0.1719102 0.2145573 0.1275055 0.09847758 
0.1741658 0.1437746 0.201115 0.2296893 0.1793769 0.1366827 0.1462637 0.1600341 0.1496072 0.1218664 0.1492449 0.192957 0.2062351 0.1984547 0.1864687 0.1655791 0.1675802 0.1808755 0.2038039 0.2509165 0.2178673 0.2077914 0.2610515 0.2575555 0.2323649 0.1942329 0.1910016 0.2123936 0.2106122 0.1921588 0.161655 0.1295719 0.149468 0.1623885 0.1455932 0.1413314 0.1294968 0.1192615 0.1276073 0.1521849 0.1576209 0.1110344 0.09014592 0.08362211 0.08818661 0.07788408 0.1285335 0.1150444 0.1019731 0.1267842 0.1263123 0.1135863 0.08552033 0.1010386 0.09811522 0.1086607 
0.1918188 0.1604561 0.1463208 0.2018342 0.1958702 0.1381922 0.1487774 0.174184 0.1565508 0.1373909 0.1494595 0.1740353 0.1706315 0.1725504 0.176415 0.1786254 0.1753851 0.1752782 0.1825494 0.2488148 0.2178649 0.2032317 0.2269207 0.2291743 0.206099 0.1892238 0.1987491 0.2038152 0.198581 0.2061649 0.1699201 0.1614151 0.1663278 0.1643563 0.1642804 0.1645398 0.1811307 0.1576472 0.1931742 0.1835556 0.1800295 0.1559833 0.09899101 0.05986557 0.06152743 0.06318359 0.1078555 0.1186918 0.1700625 0.1757786 0.1039159 0.1170073 0.05498741 0.0581206 0.1067953 0.08521671 
0.2257004 0.1351909 0.1509796 0.1645354 0.2101494 0.164882 0.1662705 0.1824374 0.1676061 0.180665 0.1697445 0.1890623 0.1877255 0.1788205 0.2012468 0.1900013 0.1906383 0.1757261 0.2242108 0.2284567 0.2362665 0.2412578 0.2299986 0.2229054 0.2050665 0.2502019 0.2122329 0.1855804 0.1574402 0.1838918 0.1590115 0.1846569 0.1713782 0.1935528 0.2274517 0.276119 0.2978934 0.2812133 0.2915109 0.2527465 0.2653757 0.2418852 0.2192907 0.1115942 0.1126213 0.07773927 0.05852196 0.05083886 0.06725 0.08830296 0.1180411 0.1578252 0.1356516 0.08247522 0.07398678 0.1027697 
0.2217525 0.2009864 0.1909184 0.1789468 0.1979239 0.1546265 0.1309248 0.1640657 0.1526674 0.1463614 0.1390278 0.1529684 0.1332329 0.1544894 0.1386392 0.1493241 0.1622964 0.1846933 0.1836803 0.1733928 0.200216 0.2748224 0.2440424 0.2606005 0.2433197 0.2574524 0.2217649 0.1706347 0.1612738 0.1704022 0.1676038 0.1906549 0.187151 0.2056708 0.2431151 0.3058266 0.3614602 0.3484558 0.3415129 0.2961217 0.3294158 0.3493012 0.3697396 0.2191711 0.1551278 0.08839961 0.08345614 0.08486849 0.06402791 0.11131 0.08263404 0.1307064 0.1079629 0.09527381 0.06490086 0.06950407 
0.2107928 0.2434325 0.1997527 0.1883337 0.1687103 0.1409609 0.1306731 0.1375996 0.1467528 0.1586294 0.1369403 0.1417812 0.13025 0.1405963 0.1433882 0.1358935 0.1302862 0.1466925 0.1317202 0.1320178 0.1440071 0.1541249 0.2582634 0.2967257 0.2701219 0.3159582 0.2794065 0.2030662 0.1760022 0.16987 0.1595955 0.2000117 0.2074018 0.2182576 0.2634935 0.3443797 0.4273006 0.4004447 0.3768629 0.3087094 0.2911943 0.3672282 0.3590401 0.1726515 0.1238079 0.09115048 0.08955926 0.07884844 0.07090054 0.07560078 0.06560483 0.08039603 0.1074422 0.09810084 0.06907195 0.0746937 
0.2667312 0.2394294 0.2111761 0.1676765 0.1385051 0.1265503 0.1163954 0.141258 0.1540428 0.1735593 0.1410881 0.1418957 0.1395303 0.1299236 0.1241926 0.1026865 0.09029617 0.1214252 0.1295636 0.118458 0.1304147 0.1544957 0.1412479 0.1990976 0.2830124 0.3046006 0.242263 0.2148492 0.1959924 0.1445872 0.1478927 0.200394 0.2015918 0.2383552 0.2671959 0.3328533 0.409168 0.3978734 0.3217668 0.2581131 0.2670817 0.3123709 0.2668899 0.1711408 0.1609165 0.1079527 0.07676008 0.05846043 0.06771824 0.07835288 0.07310247 0.1039016 0.1144771 0.08351634 0.05636827 0.0784756 
0.2752756 0.2676374 0.2405134 0.1664535 0.1139843 0.1073029 0.1177235 0.1853349 0.1801127 0.1785299 0.1557074 0.1753236 0.1778511 0.1556438 0.1636022 0.1240573 0.1457229 0.2090279 0.1829422 0.1565627 0.1266958 0.1355239 0.1343552 0.1490035 0.1998721 0.2812043 0.2122956 0.2010984 0.1941333 0.1569347 0.1479034 0.1903467 0.1937977 0.2160766 0.2381969 0.3366801 0.4340176 0.3620512 0.3054186 0.2599014 0.2212582 0.2390718 0.2032926 0.131317 0.08965126 0.06297663 0.06479226 0.09806731 0.1171461 0.1011427 0.1002944 0.08619717 0.1124729 0.0965086 0.05440355 0.05919424 
0.3068551 0.2609023 0.1384621 0.1216855 0.09491778 0.08942804 0.1199635 0.196952 0.1934175 0.1628847 0.1730375 0.194065 0.2021178 0.1736631 0.1346577 0.123098 0.1684585 0.1983822 0.1908422 0.1640607 0.1224617 0.1224616 0.1122144 0.1399746 0.1641738 0.1969475 0.2064872 0.2089505 0.203266 0.1566305 0.1529142 0.1895811 0.2023112 0.2210737 0.2330781 0.2677863 0.2841098 0.2591282 0.2501322 0.2145024 0.2016321 0.1792427 0.1676091 0.1057265 0.1133128 0.07705241 0.07549787 0.1237933 0.161423 0.1798131 0.1306435 0.1432551 0.05518048 0.04165167 0.04169063 0.02507242 
0.3118006 0.1845426 0.09071735 0.1109884 0.09923343 0.1107988 0.1473959 0.2049486 0.1776815 0.1614614 0.1576763 0.1860175 0.1853696 0.212803 0.1473627 0.1705584 0.1988686 0.2232531 0.1660724 0.1440811 0.1283943 0.1252156 0.1310254 0.1566664 0.1645581 0.2266228 0.2449079 0.1921047 0.1630879 0.1538763 0.1463511 0.1624655 0.1746181 0.2085511 0.2251629 0.2230227 0.2490736 0.2327283 0.2189095 0.1834801 0.2059884 0.1680625 0.1548969 0.09414279 0.1002503 0.07475723 0.09789275 0.1206424 0.1371341 0.1533848 0.1165624 0.08121996 0.03927671 0.06181788 0.03922636 0.01679518 
0.2645451 0.2055274 0.1565297 0.1314854 0.1281565 0.1310895 0.1382471 0.1686757 0.1628747 0.1414048 0.1326781 0.1765989 0.1734594 0.1535697 0.1465462 0.2225958 0.2221305 0.2248798 0.1854929 0.1450936 0.1324359 0.1376063 0.1495309 0.1695256 0.2069616 0.2480007 0.2088352 0.1758547 0.1478399 0.1392679 0.1568524 0.1427398 0.1528971 0.153421 0.1644675 0.1825696 0.187811 0.178655 0.1816097 0.152888 0.1717304 0.1534458 0.1251007 0.08455377 0.07580465 0.08934844 0.08487321 0.08330059 0.08874311 0.1226331 0.124392 0.08926424 0.07100924 0.03805194 0.02254362 0.003744465 
0.2675157 0.2055958 0.1656393 0.1796308 0.1723834 0.1523916 0.1226111 0.1733881 0.1501465 0.1450303 0.1366119 0.1624947 0.1628207 0.1613222 0.1551082 0.223758 0.3062167 0.2929763 0.1991128 0.1260187 0.1310581 0.1252489 0.1170456 0.1924317 0.2754401 0.2427139 0.233328 0.1560472 0.1141835 0.1079701 0.1151864 0.1119081 0.08876561 0.09272382 0.1075736 0.1233253 0.1237744 0.1280375 0.1154703 0.1196889 0.1179621 0.1107225 0.1071185 0.09843644 0.09089022 0.1081316 0.1152011 0.0929722 0.08034002 0.1237831 0.1163674 0.1028514 0.09970489 0.05040241 0.03290365 0.0009120209 
0.2740582 0.2258271 0.1452972 0.1408055 0.1406208 0.1030898 0.09361626 0.1383314 0.1273358 0.1312696 0.1515534 0.1636658 0.1607779 0.1462607 0.1435644 0.2272936 0.3006705 0.2186461 0.1758805 0.1337463 0.1232447 0.1532762 0.1268932 0.2130084 0.2306063 0.2324636 0.1723762 0.1427154 0.1037702 0.08185388 0.07975947 0.07402852 0.08063352 0.07886423 0.07798147 0.08445293 0.09555051 0.08975659 0.08961521 0.09794166 0.1135763 0.1070069 0.1165368 0.08658096 0.08408896 0.09212506 0.09503849 0.1210057 0.1107362 0.1313598 0.1374726 0.1136278 0.0726452 0.03953825 0.0341831 0.001774596 
0.3611633 0.1996952 0.1001692 0.09382822 0.06908852 0.0769877 0.07902547 0.1117587 0.128095 0.117065 0.1375199 0.1670521 0.1697105 0.1437123 0.1437068 0.2211686 0.2487473 0.2031141 0.1830627 0.1442998 0.1421024 0.1458899 0.1584724 0.1947203 0.2112455 0.2107215 0.168759 0.1250877 0.1083451 0.08397036 0.08609436 0.06684598 0.07842483 0.07735958 0.07105821 0.07122272 0.07213202 0.08084461 0.08364602 0.09031037 0.07998007 0.08554865 0.08909234 0.08021203 0.09903809 0.09643075 0.1108768 0.1332869 0.1672917 0.1464041 0.1284231 0.1033809 0.05821565 0.04276396 0.03724007 0.006290323 
0.3034035 0.2054264 0.09969205 0.07100376 0.06377358 0.07125638 0.06308924 0.1096875 0.1140528 0.1258391 0.1375147 0.1561198 0.1686388 0.1401318 0.1928348 0.2527397 0.195361 0.1518705 0.1770061 0.1454379 0.1435056 0.1419113 0.1460327 0.1523908 0.1574245 0.1597049 0.1487124 0.1111504 0.09667758 0.0970539 0.08887927 0.08006108 0.0845743 0.08197086 0.07880655 0.08098578 0.07796197 0.0759189 0.08002167 0.08698337 0.08492041 0.09280193 0.1273108 0.1269169 0.1278443 0.1258847 0.1252903 0.1597995 0.1594075 0.1404445 0.09726522 0.07163659 0.05210067 0.04655375 0.03713064 0.00282258 
0.2827153 0.174711 0.09065427 0.07457735 0.08619101 0.04925748 0.04157919 0.08906394 0.102364 0.1123459 0.1234765 0.1367809 0.1325261 0.1349873 0.2197836 0.2240752 0.179191 0.1479622 0.1420467 0.1271803 0.1080174 0.1116766 0.1444443 0.1450491 0.1085115 0.1066881 0.1093712 0.108449 0.08077337 0.09788324 0.08439324 0.1098813 0.1048947 0.1034571 0.1004907 0.09602375 0.09491576 0.08685945 0.08918207 0.09984052 0.09322458 0.1027687 0.1109938 0.1325784 0.1332882 0.125855 0.1749252 0.1948916 0.1576066 0.1324824 0.1001546 0.07085786 0.06520705 0.053474 0.05285864 0.007701612 
0.2660381 0.1595252 0.07471322 0.08551688 0.06569961 0.04062122 0.02522806 0.07074622 0.09010871 0.1147002 0.106851 0.1295661 0.1257081 0.1248935 0.1624544 0.125404 0.1214051 0.129821 0.0909101 0.07995395 0.08647614 0.1167458 0.1331409 0.1054858 0.108423 0.09337591 0.1260861 0.1075044 0.08481459 0.0838092 0.08991793 0.1130712 0.122907 0.1225172 0.1142623 0.102199 0.1087192 0.08903126 0.08537762 0.08854561 0.09601653 0.1103705 0.1330776 0.1483634 0.167376 0.1744303 0.2633801 0.2721719 0.2068949 0.1342527 0.1039856 0.09309515 0.05849465 0.05620512 0.06049545 0.02241935 
0.2503835 0.1369443 0.08124508 0.06623785 0.06331601 0.0578763 0.05521766 0.06901832 0.08600094 0.1096514 0.1041282 0.131371 0.1660342 0.1124171 0.1360583 0.1242629 0.1878289 0.1088733 0.09074434 0.0880901 0.1046194 0.1132646 0.08474388 0.09736033 0.09430538 0.0861171 0.107866 0.1090494 0.0971303 0.09187768 0.1027615 0.1392907 0.1373698 0.140593 0.1381759 0.1146753 0.1004373 0.08903378 0.08723781 0.1139925 0.1193352 0.1617782 0.232332 0.2144548 0.2589537 0.2743956 0.2647943 0.2474584 0.2112316 0.1433364 0.1522874 0.07554182 0.07898549 0.06899124 0.06957076 0.03778226 
0.1769541 0.1128032 0.06412139 0.07431346 0.07600749 0.0551153 0.04893502 0.06862839 0.08163685 0.08307374 0.1007616 0.1435159 0.1421374 0.1423008 0.1452069 0.1188812 0.1150678 0.1084187 0.07823738 0.1010449 0.1125579 0.0896817 0.08128917 0.1251525 0.1153373 0.1056347 0.07968085 0.1054728 0.1195643 0.1500159 0.1408102 0.1502484 0.1593091 0.1601792 0.1654912 0.1584231 0.1751067 0.1116921 0.1102426 0.1029453 0.1276302 0.1718065 0.2676081 0.2569778 0.3038589 0.315609 0.3469793 0.3667196 0.1981074 0.1398433 0.1830592 0.09158434 0.1053569 0.09990995 0.08280206 0.04439516 
0.1598716 0.1076733 0.0752787 0.05641715 0.05751023 0.07834708 0.04400722 0.06359444 0.06106674 0.07341312 0.08064264 0.08211154 0.09974544 0.1028 0.1224005 0.1299804 0.1134576 0.08896787 0.09905808 0.1026106 0.1158092 0.1313124 0.09966414 0.1870912 0.1778779 0.111394 0.03832047 0.05770116 0.08812504 0.1789476 0.1289928 0.1281503 0.1387933 0.146606 0.1520537 0.1893684 0.3756956 0.1579222 0.1479876 0.129422 0.141736 0.1778231 0.2500333 0.2578634 0.2866123 0.3248651 0.3057889 0.1993834 0.1619884 0.1980657 0.1354125 0.04254032 0.04487903 0.05995968 0.03798387 0.02975806 
0.1306303 0.1234473 0.08234243 0.04525786 0.05631515 0.06125086 0.04422932 0.05713217 0.04961628 0.05277682 0.05839454 0.06674779 0.07623144 0.07621227 0.09434184 0.1161555 0.09096362 0.0769922 0.09032358 0.1037803 0.1149291 0.112923 0.07109167 0.1904773 0.1060788 0.08950531 0.03861167 0.0415968 0.08147807 0.1644573 0.1499768 0.1643932 0.1781518 0.1735923 0.167979 0.1641856 0.177419 0.1685462 0.1800847 0.1602949 0.1615589 0.1822735 0.2193231 0.2644387 0.2891097 0.3375039 0.3053224 0.1640148 0.1646983 0.1484021 0.1505759 0.04725806 0.03306451 0.04516128 0.03209677 0.03044355 
0.1364218 0.0836864 0.0556719 0.04419507 0.03695115 0.05238929 0.05493772 0.04339432 0.04675888 0.04836638 0.05126736 0.05418884 0.09286655 0.08423781 0.09580705 0.08754034 0.09052997 0.1123159 0.09764522 0.09937429 0.1681899 0.1830427 0.1012469 0.1897273 0.09214419 0.03905011 0.03003839 0.05642499 0.0953363 0.09593257 0.1220754 0.1735162 0.1862549 0.1639151 0.1606292 0.2064325 0.2000816 0.2134744 0.18474 0.1874542 0.1844741 0.2099418 0.2313228 0.2408611 0.2400604 0.2896294 0.2758879 0.1834976 0.224164 0.1653314 0.151017 0.04012097 0.02991935 0.04447581 0.04423387 0.0283871 
0.09165546 0.05876518 0.04185123 0.02799602 0.03042238 0.05409816 0.05192492 0.04738057 0.05919887 0.0609175 0.04106639 0.05595861 0.08122035 0.1060677 0.08787411 0.08034357 0.08774882 0.1057769 0.1107251 0.08070623 0.1162062 0.1202647 0.1003297 0.1290782 0.08510674 0.04123443 0.05064911 0.06928769 0.08311286 0.08392315 0.1743096 0.1995552 0.2074323 0.1712503 0.1701454 0.2478659 0.2210105 0.2231185 0.218452 0.2283902 0.2240115 0.2887465 0.2543492 0.2115584 0.1971696 0.2048419 0.1786319 0.1599509 0.1414733 0.1569284 0.1402211 0.04495968 0.03576613 0.01802419 0.02879032 0.02229838 
0.06543379 0.04960755 0.05326095 0.0281346 0.0250936 0.04287926 0.07583093 0.04432119 0.03620757 0.02612765 0.03118927 0.02751878 0.03290202 0.03852296 0.03260964 0.070876 0.09413125 0.09149066 0.07624504 0.09178629 0.1079424 0.104522 0.1202105 0.1491214 0.1080215 0.07155749 0.1023839 0.09650034 0.08530294 0.07624157 0.1185741 0.1319119 0.1229225 0.1404804 0.1665838 0.1937669 0.1711184 0.1658649 0.1889476 0.2348697 0.2860419 0.3501782 0.3339668 0.2233565 0.1856317 0.1485626 0.1447805 0.01669355 0.03233871 0.02846774 0.02004032 0.03149194 0.03278226 0.01435484 0.01955645 0.01197581 
0.05604443 0.04545613 0.06601908 0.03996439 0.02262131 0.03343526 0.061667 0.05456106 0.04158061 0.02815527 0.03129826 0.03105245 0.03560479 0.03263964 0.02486259 0.05429599 0.09055321 0.06769594 0.0580229 0.05191544 0.05038727 0.0495971 0.05913306 0.09768679 0.1073369 0.09800428 0.07105383 0.07938872 0.1061624 0.09619009 0.07823358 0.1273858 0.1236326 0.1428668 0.1641902 0.1874819 0.1968401 0.1567835 0.1558064 0.2071637 0.2949881 0.3449724 0.3525744 0.2601849 0.2047366 0.1899591 0.1732595 0.04177419 0.04423387 0.03084677 0.0328629 0.02758064 0.04802419 0.01544355 0.01463709 0.03173387 
0.0669966 0.04772059 0.04858727 0.03073218 0.02684258 0.0294032 0.03975531 0.04490612 0.02516541 0.02282692 0.02144052 0.02731923 0.03263789 0.04279357 0.02930606 0.03986816 0.05027051 0.06333444 0.05443995 0.04445315 0.04266844 0.04928009 0.04741206 0.07419801 0.04906955 0.0304369 0.03194286 0.06438151 0.07655664 0.06350245 0.05118559 0.1032462 0.09598719 0.1047786 0.14518 0.2144484 0.1975618 0.2074582 0.181747 0.20226 0.3022484 0.3327135 0.2846495 0.2867986 0.2550554 0.2147343 0.1982996 0.05633064 0.05947581 0.05842742 0.06479838 0.03677419 0.03129032 0.01330645 0.02419355 0.0457258 
0.08460225 0.04696054 0.02994189 0.03254985 0.02970599 0.02495632 0.03359585 0.05200441 0.02399062 0.02250405 0.02588693 0.02505127 0.0247129 0.02073486 0.02914472 0.04683263 0.07222663 0.09322648 0.1166649 0.06261937 0.04240559 0.06625864 0.05576455 0.07354282 0.04338847 0.0334331 0.04671906 0.05935441 0.04939383 0.06146585 0.04430304 0.07414455 0.0655434 0.07109163 0.1021134 0.1408704 0.1866639 0.1778171 0.2180431 0.2348954 0.2909573 0.3173073 0.324366 0.2853723 0.2835514 0.1917621 0.1444278 0.05266129 0.06600806 0.09354838 0.1280645 0.07616935 0.05568548 0.04524194 0.04528226 0.06637097 
0.07629896 0.06529542 0.04176152 0.04595565 0.02607645 0.02002639 0.02545929 0.08524492 0.02524585 0.02373713 0.02351957 0.01757062 0.01776937 0.0208167 0.02778012 0.03932032 0.0412521 0.07337546 0.06015158 0.05177203 0.04237015 0.04052563 0.05842876 0.03954699 0.03993103 0.03566344 0.0425269 0.03594471 0.02946831 0.02280024 0.02921116 0.05753171 0.05187398 0.07853018 0.10076 0.163824 0.1634702 0.2743035 0.323536 0.2722927 0.3131297 0.3151335 0.3058737 0.2081933 0.216669 0.2418806 0.1657651 0.05 0.07629032 0.1070968 0.1175403 0.06427419 0.08245968 0.0858871 0.06987903 0.06120967 
0.05946473 0.0441897 0.06420517 0.04678689 0.03537523 0.02505926 0.05037846 0.0333964 0.01952989 0.01991662 0.02081796 0.02628697 0.01815763 0.02479612 0.03119829 0.02162196 0.02664997 0.02840663 0.04229482 0.04484576 0.03988658 0.03771895 0.03642019 0.03817456 0.02710574 0.02849858 0.02720201 0.02872674 0.01672373 0.01828217 0.0239912 0.06533908 0.06859314 0.09201921 0.08269696 0.1517622 0.1952721 0.2093323 0.2840893 0.2492622 0.2790045 0.2320298 0.2076763 0.1531581 0.2230396 0.2354926 0.1535311 0.04633064 0.08318547 0.11125 0.1255242 0.06991936 0.08592742 0.1077419 0.09282258 0.08100806 
0.05895606 0.04782864 0.03297289 0.03832036 0.02966863 0.03145462 0.03359078 0.04877716 0.02673816 0.02009589 0.01969015 0.02257719 0.01630385 0.02773358 0.03009088 0.03635805 0.02692019 0.02962861 0.07555453 0.05343487 0.04083866 0.0700035 0.04830258 0.03304669 0.03173488 0.02534744 0.01799586 0.01430374 0.01315988 0.01770036 0.02493497 0.06817862 0.07056397 0.0642451 0.09931608 0.1362206 0.1535682 0.197038 0.2540253 0.2475327 0.2325608 0.1837004 0.159948 0.1432472 0.1578893 0.1979035 0.1364657 0.05379032 0.1025806 0.1687097 0.1557661 0.09403226 0.1166129 0.1102419 0.07745968 0.08012097 
