ncols         56
nrows         54
xllcorner     28.264
yllcorner     -5.7719999999999
cellsize      0.25
NODATA_value  -9999
0.0006722187 0.001405099 0.006745325 0.01590891 0.006477802 0.007317285 0.00197078 0.002308545 0.001621015 0.0006000708 0.000602545 0.001800683 0.004810075 0.00558384 0.003522241 0.001967003 0.001074175 0.009401098 0.01299181 0.01546861 0.03936689 0.03779167 0.03508141 0.03628108 0.04501614 0.0765876 0.05054354 0.08239143 0.1153574 0.1248728 0.09681896 0.07912746 0.1108689 0.1065752 0.1009632 0.09170584 0.09750777 0.1080201 0.1196565 0.114313 0.057433 0.05342958 0.02626429 0.03549349 0.04417868 0.01124309 0.002495947 0.004334583 0.000545862 0.0004473335 0.0004262257 0.000674169 0.0006458335 0.000632506 0.0006414912 0.0006906405 
0.03494533 0.03407725 0.02553058 0.02109427 0.007720751 0.004998869 0.003234757 0.001464897 0.001790675 0.001262321 0.0007643485 0.0007570519 0.003336804 0.002071775 0.003483441 0.006446844 0.008333055 0.01875921 0.02180194 0.02955186 0.04495412 0.03637813 0.02635248 0.03097047 0.04515228 0.07469098 0.09278798 0.09868035 0.1203679 0.1091086 0.08259334 0.05834509 0.08307064 0.08381049 0.1132225 0.09110878 0.07214368 0.06425891 0.06675157 0.06683467 0.04655486 0.04665001 0.03638965 0.0555762 0.03793969 0.006439976 0.004721791 0.006265549 0.007737924 0.00318423 0.0004090778 0.0006393154 0.00059905 0.0005814278 0.0005914539 0.0006336664 
0.139698 0.04290507 0.006073207 0.008606272 0.003142286 0.00767075 0.001502966 0.001805842 0.001613861 0.003655173 0.005221443 0.01304797 0.003866633 0.005049555 0.006123003 0.009633977 0.02739131 0.02223305 0.02206194 0.0403511 0.04504982 0.04869786 0.03217451 0.03143939 0.0456477 0.07638348 0.1347029 0.1441988 0.09211247 0.09359442 0.06638458 0.05753562 0.08688463 0.0939746 0.1032977 0.07678317 0.05866226 0.06233554 0.0554264 0.03522607 0.02439478 0.02653341 0.04003221 0.03429184 0.04665337 0.01410036 0.01973759 0.009088431 0.004919521 0.0003870798 0.0003596187 0.0005564326 0.0005177861 0.0004980813 0.0005062782 0.000543372 
0.02520205 0.01930018 0.007771348 0.003377948 0.006270999 0.004988478 0.00216763 0.003644359 0.01123266 0.009669315 0.009492443 0.01692058 0.01088385 0.01163831 0.01834361 0.02021895 0.03490415 0.03473813 0.0239302 0.02987917 0.04796464 0.08114804 0.04459215 0.0334661 0.05717092 0.09262341 0.1349129 0.1312759 0.09872946 0.09802664 0.06444375 0.07862637 0.1048582 0.1173307 0.1037832 0.08337824 0.0655904 0.07045492 0.03966916 0.01876933 0.0390978 0.04101425 0.03074944 0.02118804 0.03164426 0.03926002 0.1349391 0.006521064 0.001097465 0.0005791887 0.0005338758 0.0006468353 0.0005886096 0.0005591747 0.0005714654 0.0006489197 
0.004415006 0.006722563 0.002290682 0.001754441 0.0009917647 0.001216061 0.002084936 0.005648684 0.01010878 0.006886295 0.001400835 0.004405476 0.01620132 0.01069311 0.01376793 0.02358269 0.04431803 0.03397467 0.01716085 0.04520833 0.09416299 0.115158 0.1028581 0.1096763 0.134061 0.1141676 0.0878333 0.1058191 0.07572754 0.1034209 0.106451 0.1028384 0.1252764 0.108944 0.09734821 0.07432799 0.08113202 0.06845513 0.0344946 0.01873741 0.04139047 0.05836302 0.035813 0.02039814 0.02976999 0.02402932 0.009049453 0.003291539 0.0008403937 0.0006243613 0.0004462779 0.0005274867 0.000467552 0.0004408139 0.0004499853 0.000514025 
0.0180282 0.006994751 0.003246075 0.002797645 0.003028343 0.00238849 0.004248261 0.007696245 0.006550176 0.008924101 0.006670634 0.007967908 0.01554028 0.02384379 0.02440308 0.03466206 0.03492219 0.04516835 0.06722863 0.09357338 0.1758187 0.1414059 0.1578359 0.1796044 0.120807 0.0966847 0.1209696 0.09669518 0.1022895 0.1341034 0.1968821 0.1129986 0.1159849 0.112358 0.08193236 0.05250165 0.06055208 0.05224678 0.04929574 0.03031308 0.07092093 0.03368282 0.01396386 0.02098851 0.02013954 0.01438626 0.008642415 0.0008030602 0.001802036 0.0004131454 0.0003702229 0.0004308595 0.0003718497 0.0008381424 0.001480264 0.002181679 
0.01131654 0.006428989 0.00687849 0.006891702 0.007713923 0.010326 0.007415787 0.007859169 0.01495704 0.01796904 0.01863397 0.01893256 0.03113458 0.03657358 0.03578066 0.03799538 0.04274941 0.04483499 0.07682466 0.09258588 0.1507124 0.1678602 0.2013432 0.1889401 0.1428227 0.1281374 0.136761 0.08227044 0.1476366 0.1538059 0.1317481 0.09807299 0.07194661 0.1151962 0.1014297 0.06931344 0.05161166 0.03512285 0.02900398 0.0314371 0.06176873 0.02620573 0.008630629 0.01053268 0.01263136 0.006478155 0.001111402 0.0007810452 0.0004580339 0.00264412 0.001891719 0.0003548372 0.001250018 0.002105449 0.002843667 0.003443774 
0.01225532 0.01458396 0.02242716 0.01491505 0.00990412 0.01458544 0.01373309 0.02886922 0.04435529 0.04484788 0.0392107 0.03551509 0.03166005 0.0260248 0.02918161 0.02846691 0.03110015 0.04189641 0.04966657 0.06281762 0.09055537 0.1293384 0.1172458 0.1027603 0.1391269 0.1002633 0.04557529 0.03462576 0.0910015 0.1421875 0.1391444 0.04659911 0.05572424 0.1345601 0.1332116 0.06371202 0.04595228 0.01519231 0.03266742 0.01950183 0.02145222 0.009841713 0.007080039 0.002462318 0.0008717873 0.000731356 0.0006050042 0.0003156101 0.0002197689 0.0001627272 0.0001469872 0.0008467248 0.001865793 0.002781421 0.004296607 0.004013678 
0.03004077 0.01557345 0.01068895 0.02025089 0.02756559 0.0296348 0.031495 0.04428844 0.04246319 0.04190715 0.04137143 0.03812112 0.02725851 0.03000356 0.03426314 0.03325485 0.04603305 0.03289945 0.03719206 0.05690933 0.07042293 0.05994394 0.09103207 0.07396833 0.1071303 0.07705268 0.04520984 0.04084319 0.03001445 0.04593538 0.05638954 0.04683664 0.06047734 0.07536864 0.07619955 0.05787076 0.049958 0.02230032 0.02893901 0.0121574 0.01624078 0.009005355 0.006227661 0.002156995 0.0006178407 0.0004981685 0.000413263 0.0002147695 0.000151274 0.0001129602 0.0001021127 0.0009737248 0.001941415 0.00277117 0.009242579 0.003770938 
0.02592702 0.02116712 0.02949359 0.04775866 0.06835567 0.04261886 0.03706107 0.05389466 0.04626294 0.04123902 0.04047056 0.04077692 0.02530318 0.02109516 0.02823264 0.03935184 0.05371669 0.04042111 0.02945117 0.01642221 0.0399404 0.04867683 0.07921439 0.07541795 0.04832392 0.03360091 0.01054104 0.01065023 0.0208222 0.05083229 0.07086674 0.03177728 0.02385034 0.02548656 0.01653903 0.01385178 0.01923921 0.02279912 0.01353713 0.007667531 0.01019275 0.003314432 0.008297208 0.002147999 0.001312616 0.003481996 0.0002941153 0.0001539092 0.0001123136 8.680286e-005 0.0001648483 0.001233112 0.002100019 0.00395972 0.004900204 0.003467946 
0.03025547 0.01730068 0.02871545 0.0395251 0.04202196 0.02833773 0.03550023 0.03872878 0.03727201 0.05191841 0.04056906 0.03615031 0.03244922 0.02847677 0.03100825 0.03672995 0.03074607 0.03017075 0.02771208 0.009923754 0.01924421 0.009834688 0.01745579 0.02514066 0.02163867 0.01757869 0.01879661 0.01302768 0.02598087 0.06748512 0.07668092 0.02500803 0.01695953 0.008501627 0.01014392 0.00956545 0.01381908 0.01576916 0.009275017 0.009708971 0.008502082 0.002496114 0.002940966 0.0004764702 0.003239178 0.006784393 0.0002620369 0.0001407012 0.0001072889 0.005871102 0.0003583865 0.001226115 0.001786787 0.002325871 0.007944667 0.003123621 
0.0501469 0.041838 0.03358002 0.02691519 0.03197229 0.03509815 0.03885395 0.04463394 0.04167669 0.03544248 0.05036844 0.03726848 0.0407631 0.0397686 0.03151387 0.03992745 0.02387142 0.02373356 0.01992227 0.004325591 0.01320996 0.01081965 0.01199116 0.02559031 0.02632185 0.02162903 0.01893909 0.01956089 0.01533958 0.01485596 0.01336638 0.01908972 0.01602483 0.01173258 0.01249223 0.01412163 0.01892366 0.01434725 0.009011129 0.009643298 0.005027212 0.004196901 0.004486623 0.004980028 0.004666521 0.004010017 0.002038868 0.002599211 0.002071669 0.001718798 0.001677795 0.001667658 0.001923248 0.002199444 0.002430499 0.002653985 
0.04352029 0.04048565 0.03536997 0.02410666 0.03654143 0.051558 0.04865967 0.04464711 0.04384407 0.0291261 0.03121886 0.03672573 0.03594311 0.04547364 0.05613051 0.07022361 0.02871189 0.02299351 0.01862257 0.003337748 0.008390196 0.01442517 0.02019 0.014872 0.0136627 0.01640078 0.01167601 0.006774396 0.009797222 0.010393 0.009559246 0.01158185 0.01235254 0.01110768 0.01238011 0.01610305 0.02681707 0.01779704 0.003837088 0.004837755 0.003440426 0.003341654 0.002298834 0.003162353 0.003772415 0.00801594 0.008920487 0.002306475 0.001955901 0.00169708 0.001630444 0.001638222 0.001904349 0.00216829 0.002361641 0.002542391 
0.04733004 0.03284764 0.04643177 0.06268578 0.07785439 0.05447173 0.04634783 0.04612208 0.03834123 0.02924726 0.03021045 0.02552373 0.0383017 0.05057569 0.05783261 0.05545116 0.03052603 0.03420514 0.02776941 0.01282216 0.01241919 0.011189 0.01621029 0.01312533 0.01289702 0.03255186 0.01511334 0.003536689 0.002664937 0.003430765 0.003581414 0.003858323 0.007440302 0.007608588 0.008635786 0.01560362 0.01550916 0.02088871 0.02217207 0.00660446 0.01043032 0.004049223 0.001691992 0.001931884 0.00186393 0.005163726 0.001566465 0.0021363 0.001877412 0.001664489 0.003774256 0.001489893 0.001783701 0.001995648 0.002088027 0.002232628 
0.1779337 0.05306792 0.05005916 0.04182611 0.04306236 0.04163191 0.03259979 0.05482196 0.04578923 0.0356127 0.02918041 0.03057141 0.03627715 0.05516661 0.05931912 0.03980063 0.03036823 0.03654822 0.02513402 0.01038503 0.009856095 0.00887438 0.008382056 0.01366111 0.01347436 0.03055333 0.005233023 0.002197812 0.005465823 0.002719368 0.001628363 0.001892409 0.004372659 0.0034382 0.006139342 0.01279534 0.008441185 0.01416935 0.01251125 0.0185223 0.01310329 0.004316344 0.001596898 0.002492262 0.001811829 0.001707779 0.02262628 0.002086748 0.001825793 0.001611984 0.001441186 0.002077902 0.00156264 0.001732152 0.001749369 0.001789077 
0.2600745 0.1081425 0.05383229 0.02321574 0.0210079 0.02103517 0.1015883 0.1502901 0.1126598 0.05454399 0.02687215 0.02702596 0.03083299 0.03213553 0.03682206 0.03395303 0.03589141 0.02943583 0.03385393 0.01501462 0.01512485 0.01608945 0.01199371 0.007493392 0.009186026 0.006412953 0.0009512428 1.462931e-005 0.004699155 0.004838025 0.0006776294 0.0004034158 0.0004623081 0.0005138303 0.0005573299 0.004244659 0.002790561 0.006355701 0.00146312 0.003776325 0.00340425 0.003926947 0.01009221 0.02305971 0.00221793 0.002114023 0.001938462 0.00256048 0.001877278 0.001650436 0.001475324 0.004066681 0.001429117 0.002115065 0.001566966 0.001446375 
0.07184939 0.1225715 0.1091718 0.07210791 0.1678392 0.0681949 0.06168641 0.06468523 0.06522747 0.05410289 0.02402675 0.02724695 0.03368766 0.03647809 0.03205841 0.02908211 0.02971883 0.02662004 0.02324243 0.01852426 0.02230532 0.01937716 0.01091285 0.01427552 0.008220457 0.003221472 0.001199338 7.944008e-006 4.204955e-006 2.720401e-006 3.518935e-006 0.0001633048 0.0001932121 0.0002369471 0.0002949213 0.0007156161 0.0008343927 0.0009716027 0.001130305 0.002465812 0.002768434 0.004615412 0.006313479 0.01130575 0.002181748 0.002137915 0.001851807 0.002096691 0.001817149 0.001592348 0.003061057 0.001023339 0.001285055 0.003450444 0.001813682 0.001119535 
0.219974 0.1701085 0.1087645 0.1455115 0.200598 0.07300307 0.07305027 0.06120182 0.04663238 0.06220579 0.05695815 0.03786196 0.040225 0.04348014 0.03210259 0.03474056 0.03090757 0.02739247 0.03406643 0.03036966 0.02406166 0.02143413 0.01480637 0.008725376 0.009375983 0.007641295 0.005879156 0.0001513868 3.694467e-006 2.128175e-006 2.151388e-006 9.685617e-005 8.370216e-005 0.0001104847 0.0001630473 0.0004418232 0.0005472567 0.0007131884 0.0008811784 0.002043201 0.002414555 0.002759178 0.002812045 0.02206039 0.002204588 0.00191029 0.00171024 0.001931267 0.001665642 0.002820349 0.001309843 0.0007655394 0.0007667014 0.0008347171 0.000707722 0.0007806607 
0.1575013 0.1437663 0.09736565 0.1646768 0.16748 0.1037489 0.191613 0.07887644 0.09032409 0.07349812 0.07940805 0.04410218 0.05176029 0.04912604 0.04196824 0.03194846 0.03216603 0.03087497 0.02918062 0.03475735 0.02216885 0.01900434 0.01087382 0.007966171 0.008364654 0.005281062 0.003353952 1.138409e-005 7.939985e-006 5.831414e-006 5.044309e-006 0.000162484 0.0001340644 0.0001344532 0.0001634501 0.000393985 0.0004519261 0.000564337 0.000727997 0.001703828 0.002016481 0.002199043 0.00226055 0.001663361 0.03258207 0.009608632 0.001534939 0.001652063 0.001423356 0.001249687 0.001195018 0.001677805 0.0005917006 0.000548741 0.000543382 0.0005645094 
0.2043819 0.1886569 0.1087578 0.1046043 0.1394058 0.2751229 0.2475821 0.1079878 0.09592608 0.11351 0.1305804 0.06486259 0.07737782 0.05840048 0.08896708 0.07970439 0.02067971 0.02404027 0.05078477 0.0265245 0.0127485 0.01233307 0.01332537 0.02434249 0.01837806 0.006132711 0.003644404 0.003969066 0.001414838 0.001109851 0.0009322602 0.0006404801 0.0004892963 0.0004198399 0.0004330598 0.0002249048 0.002926163 0.003432636 0.003825018 0.00119577 0.001429683 0.001572031 0.001629332 0.003023669 0.00551353 0.001801133 0.001605273 0.001430598 0.001222797 0.001073281 0.0009888844 0.0008067825 0.0007280803 0.0006926669 0.0007034725 0.0005533552 
0.2486288 0.1855991 0.193215 0.1021211 0.1368863 0.2544588 0.2048507 0.1413627 0.0986494 0.102656 0.1129181 0.04244706 0.04734765 0.05261876 0.06562436 0.08303515 0.04807897 0.03340152 0.03670011 0.02554145 0.01417199 0.003588315 0.02527554 0.02752572 0.02501317 0.01218268 0.003748518 0.003071025 0.003088474 0.002819875 0.001264535 0.0008494483 0.0006221307 0.0004829633 0.0004341223 0.0001946563 0.002817015 0.005856771 0.006073663 0.0008959909 0.001090415 0.001211328 0.001270964 0.007723487 0.001490434 0.007642257 0.001278632 0.008484487 0.009241757 0.0008541199 0.0008027308 0.001600048 0.0006218799 0.0006122638 0.003439893 0.0005160027 
0.32327 0.1996739 0.1618343 0.08907973 0.1862564 0.1881254 0.1558512 0.08151946 0.1074274 0.08785618 0.07654552 0.04338996 0.03636299 0.03080863 0.05395401 0.09355044 0.08700325 0.08677858 0.06064108 0.07451708 0.02176197 0.02309633 0.01754496 0.03337909 0.0256876 0.01322412 0.005967879 0.003534507 0.00741446 0.004724425 0.003384799 0.001313123 0.001023608 0.0008395308 0.0006683126 0.0002664738 0.000195121 0.003563566 0.00383497 0.001113003 0.0009013525 0.000988297 0.00102624 0.007181992 0.009381317 0.01473605 0.003283117 0.02295239 0.00780673 0.007509965 0.007957928 0.0005446949 0.0005190022 0.0005251382 0.0005622321 0.0004652176 
0.29082 0.2381112 0.09717502 0.08117041 0.09819769 0.1640823 0.1650025 0.1754175 0.05481415 0.04963546 0.05565388 0.03987659 0.03597215 0.03904973 0.04493256 0.04987546 0.08018343 0.09930904 0.06251775 0.06432635 0.05816942 0.03918611 0.0295081 0.04183805 0.06574474 0.0242808 0.004848182 0.005402332 0.01858959 0.005785491 0.002862511 0.002037799 0.001691346 0.001392995 0.00113466 0.0004407217 0.0003089784 0.0002557782 0.0002832283 0.0008004049 0.0008981992 0.0009038544 0.0009145769 0.01039802 0.01540166 0.0009183887 0.003460172 0.005986152 0.007968239 0.01424941 0.01503784 0.007992902 0.005405371 0.0004304468 0.0004757527 0.0004023932 
0.1734199 0.1192153 0.08226302 0.1233478 0.07055202 0.1167261 0.1275114 0.1155938 0.05594417 0.04008576 0.03922582 0.02239957 0.03124146 0.02320153 0.02524092 0.05728872 0.06702542 0.1041492 0.07726105 0.06972676 0.08548363 0.05780961 0.03267258 0.04881875 0.0685086 0.04695869 0.01521782 0.01108192 0.01593743 0.00707862 0.00582541 0.005551305 0.004888041 0.003997759 0.003509125 0.003107252 0.0009158619 0.0006947214 0.0006966045 0.0007753624 0.000774693 0.0007533053 0.0007101546 0.01438235 0.0146303 0.002531483 0.006312488 0.01126439 0.01531708 0.01008111 0.01175196 0.009887104 0.000179194 0.0001958418 0.0002261756 4.774886e-005 
0.2004781 0.1703008 0.07794289 0.08614716 0.0355609 0.0236851 0.04400507 0.04123234 0.04696528 0.05697008 0.005536397 0.007367248 0.02093579 0.0316095 0.04032464 0.03717791 0.04268561 0.04578198 0.03228119 0.06482354 0.08171162 0.07454152 0.05925957 0.04257443 0.06311949 0.04579792 0.03083702 0.01146598 0.01340859 0.01406712 0.00914242 0.00800526 0.007135261 0.00549258 0.004860161 0.003352591 0.001165642 0.000840675 0.0007842586 0.0008077855 0.0007423862 0.0006722557 0.0005886587 0.01073325 0.007624421 0.00110767 0.0001616764 0.01150627 0.009054245 2.868817e-005 3.342467e-005 0.0001052436 0.000117103 0.000141006 0.0001756326 3.904563e-005 
0.2050615 0.1945781 0.09858173 0.1057364 0.08279239 0.02280288 0.01340121 0.0156275 0.01512808 0.008410282 0.005879518 0.02645198 0.03039108 0.05337888 0.05733179 0.04203689 0.03849748 0.03532732 0.02960612 0.03998835 0.08842655 0.1296109 0.09603618 0.05151756 0.0539953 0.08528996 0.03017539 0.01201499 0.03851841 0.02980138 0.0104923 0.008404337 0.007037337 0.006372448 0.005566975 0.005259983 0.00391082 0.001170278 0.0009786241 0.0009682025 0.0008632176 0.0007303315 0.0006033081 0.01643502 0.0033126 0.0001436495 0.0007253855 0.0003159982 1.5687e-005 1.156128e-005 0.001123994 6.168235e-005 7.65269e-005 0.0001007427 0.0001346914 3.13268e-005 
0.2477497 0.09962872 0.05509875 0.1150991 0.09386218 0.06969721 0.02227905 0.01907306 0.0148111 0.01415427 0.02109315 0.04440453 0.02967384 0.0250013 0.04963636 0.06588248 0.05381716 0.01490237 0.01883722 0.04903952 0.09748019 0.1670857 0.121197 0.05503112 0.04943979 0.0795659 0.03151844 0.01774245 0.04393136 0.03417378 0.01320967 0.0096627 0.008303694 0.007289672 0.007397851 0.005333073 0.007550979 0.002845582 0.001402455 0.001263696 0.001099653 0.0009314051 0.0007801983 0.00560504 0.0002236772 0.0001528869 0.0006958949 8.734593e-005 1.501438e-005 9.285649e-006 1.297639e-005 4.624129e-005 0.003977455 0.006422576 0.001737069 2.42309e-005 
0.1007491 0.05487718 0.0520563 0.08799271 0.09867286 0.1468942 0.08024409 0.02466739 0.03496601 0.04056329 0.05564178 0.1276573 0.09231007 0.04910154 0.02369002 0.05395288 0.06964563 0.0167741 0.0329535 0.0616554 0.07313952 0.1303964 0.1057358 0.05413505 0.04339581 0.03690793 0.03389525 0.02426881 0.022286 0.01877502 0.01559989 0.009134261 0.00742698 0.006870786 0.005998951 0.004560957 0.006021315 0.008856826 0.007504624 0.001839149 0.001515568 0.001535443 0.001010106 0.0005500947 0.0005302802 0.0004706302 0.0001729086 4.177889e-005 1.929862e-005 9.469689e-006 1.217578e-005 9.567489e-006 0.0004991117 0.0002462471 2.21426e-005 1.392541e-005 
0.08844144 0.05200666 0.05221885 0.06879007 0.1232684 0.1410549 0.09735496 0.03322446 0.04347808 0.05138472 0.03440433 0.08903173 0.0585982 0.009567805 0.01684525 0.07745591 0.07034739 0.03848348 0.05720033 0.06276702 0.0576359 0.08489402 0.09474225 0.07023495 0.05748028 0.04258152 0.04398298 0.03310039 0.02451993 0.02011054 0.01655276 0.01028234 0.008151677 0.00748678 0.007055913 0.006182703 0.004364942 0.003783088 0.009285236 0.003075405 0.002701644 0.001485213 0.00140929 0.0006282651 0.001523109 0.0003162946 0.0004085141 4.257533e-005 1.831035e-005 6.40232e-006 6.837679e-006 4.698981e-006 5.008751e-006 7.472094e-006 1.214636e-005 8.154902e-006 
0.07972604 0.0750489 0.0742996 0.1376185 0.09476688 0.04725754 0.07377488 0.03787084 0.02792951 0.03019384 0.02265479 0.05164679 0.02592404 0.01135774 0.05123968 0.03638371 0.04795303 0.02508703 0.02166688 0.05415485 0.04706486 0.05234125 0.07704441 0.06988925 0.06131761 0.05949196 0.06314762 0.04249347 0.02587493 0.025369 0.01597084 0.01302463 0.009832476 0.00858554 0.008415702 0.007119208 0.006320347 0.004274497 0.009690396 0.004713647 0.002933729 0.002254224 0.001494708 0.0007677752 0.0004667352 0.0002767406 0.0004115782 4.681748e-005 1.909203e-005 3.136368e-005 0.0001231447 2.126012e-006 1.669425e-006 3.055815e-006 6.27493e-006 3.801169e-005 
0.08942275 0.07514082 0.06885324 0.08679592 0.06897287 0.03477459 0.0378399 0.01952903 0.0175088 0.01286351 0.03515801 0.0453854 0.02871072 0.02387658 0.08507656 0.02608816 0.0186389 0.0287623 0.03344188 0.03884189 0.03948276 0.04145405 0.04219951 0.05512965 0.05253685 0.04889148 0.05384551 0.04429582 0.03372142 0.02368578 0.02064061 0.01616197 0.01162837 0.01327288 0.01173274 0.006288553 0.01436419 0.007045017 0.006361397 0.00327558 0.00283193 0.002760673 0.001902627 0.0009674908 0.0005700737 0.000324609 0.0003481792 5.452552e-005 2.162259e-005 6.767872e-005 3.730169e-006 1.842695e-006 1.304764e-006 2.182789e-006 4.489952e-006 3.328159e-006 
0.1145421 0.08614243 0.05625439 0.06806941 0.05667705 0.04509353 0.04627283 0.03506745 0.03449808 0.03423209 0.0461113 0.03021422 0.03232839 0.02093242 0.1112215 0.03042796 0.04038637 0.04088691 0.03758984 0.04151259 0.04815084 0.04090064 0.04063271 0.05739819 0.05519383 0.05136349 0.0582203 0.05127609 0.04303714 0.03224104 0.02769752 0.02159276 0.01696382 0.01361995 0.01241541 0.01346458 0.03581067 0.01465374 0.008799452 0.005149949 0.004459696 0.002841321 0.002424061 0.002366963 0.001191707 0.0002177069 0.0009549066 1.847593e-005 7.1652e-006 1.323624e-006 1.019225e-006 0.002589959 0 0 0 0 
0.111901 0.0685012 0.0298052 0.02995041 0.03411024 0.04163401 0.05825618 0.06212148 0.03031455 0.04773084 0.04824883 0.02567721 0.01386668 0.01224084 0.02572129 0.03487477 0.05563551 0.06937348 0.05980157 0.06125046 0.05208874 0.04482737 0.04276118 0.05857126 0.06201474 0.05862928 0.06017971 0.05527206 0.04766685 0.03802861 0.03279671 0.02429723 0.01754058 0.01652293 0.01621109 0.01147113 0.01266585 0.01074421 0.008447811 0.006067191 0.003615745 0.003045843 0.003002376 0.0006824822 0.01024139 0.01296726 0.009481661 0.0113646 0.005393874 1.276089e-006 0.0006191485 0 0 0 3.051523e-005 0 
0.1641042 0.08017256 0.038293 0.04122276 0.05110029 0.03628755 0.07785086 0.05724991 0.02572107 0.04573396 0.03552006 0.02982932 0.03261553 0.0319695 0.02339571 0.05223973 0.07561831 0.09563472 0.1017404 0.06940588 0.06301711 0.05525792 0.04576159 0.06364978 0.06756762 0.07036514 0.07353433 0.0634371 0.05751555 0.04831181 0.03977734 0.0285603 0.02532375 0.02038885 0.01857628 0.01357997 0.01079644 0.01085519 0.009897104 0.005503308 0.005064131 0.004392161 0.00345329 0.001032271 0.0006247304 0.0006109285 0.0002667323 3.674474e-005 0.007309705 0.003718145 0.0008304199 0 0 3.061137e-005 0 0 
0.08469636 0.06098345 0.05109055 0.07289833 0.06945959 0.06049094 0.06045659 0.04467196 0.03340753 0.02601973 0.03965606 0.03803074 0.08068004 0.04046877 0.02847047 0.08373236 0.1514845 0.1601318 0.1277888 0.06724969 0.06002668 0.05330994 0.0502681 0.06709376 0.07404714 0.07641921 0.08151399 0.07725193 0.0695086 0.05791985 0.05059272 0.03801553 0.03564214 0.02313027 0.0201089 0.01616126 0.01257662 0.01191394 0.01206725 0.009002193 0.00736697 0.006594371 0.005259166 0.001623464 0.001037413 0.003280212 0.0005536143 6.627856e-005 2.694494e-005 6.412188e-006 0.001135718 0.002981745 0 0 0 0 
0.1199889 0.1427158 0.1038007 0.09344935 0.0727519 0.06567727 0.06185108 0.06653611 0.04141498 0.03313445 0.03196489 0.03786122 0.05102339 0.04219887 0.04805003 0.08816054 0.09570809 0.1115404 0.112941 0.07047581 0.06119633 0.05361933 0.04926243 0.06978071 0.09410746 0.08200731 0.08932813 0.102627 0.1012594 0.07827774 0.06875779 0.05411283 0.03680473 0.03067235 0.02950555 0.03247787 0.02600988 0.01719341 0.01862986 0.0160513 0.01546349 0.01435522 0.01249856 0.005479925 0.003606863 0.002336454 0.001719796 0.0004057978 0.0001672339 4.190785e-005 2.990362e-005 0 0 0 0 0 
0.1474367 0.167812 0.1024785 0.09660249 0.1173021 0.07393096 0.06834729 0.04964108 0.03217218 0.03230435 0.02841978 0.02157817 0.03237573 0.04236083 0.05252602 0.06448802 0.08581903 0.09330719 0.08253746 0.05626073 0.05360145 0.04895622 0.0542515 0.06720006 0.08321247 0.07392754 0.08038574 0.1079639 0.1066019 0.08513302 0.07658003 0.05238416 0.0418791 0.03950913 0.03861455 0.04587321 0.0343734 0.02052406 0.02092228 0.02005962 0.01890915 0.0243613 0.01689882 0.008269798 0.004588604 0.00302263 0.002230882 0.0005299145 0.0002196601 5.65284e-005 4.024061e-005 0 0.0002508642 1.772392e-005 0 0 
0.1862748 0.1509386 0.07760944 0.08376522 0.0768519 0.08029364 0.08848149 0.05021267 0.03860223 0.0441291 0.02061494 0.02185473 0.02298091 0.03980972 0.03921583 0.05530881 0.06169323 0.07736599 0.07067351 0.05878612 0.04513685 0.04692294 0.05109288 0.06343579 0.07288913 0.07510622 0.07861328 0.09649745 0.1070468 0.09193876 0.07905822 0.0560602 0.0429352 0.03795905 0.04773144 0.06777273 0.04349168 0.02336185 0.02314441 0.02191973 0.02216508 0.02514796 0.0217453 0.007654076 0.006462135 0.003424875 0.002542589 0.000609485 0.0002572148 7.095288e-005 5.069808e-005 0.0002955835 0.0001186362 0 0 0 
0.2204373 0.09864514 0.0775492 0.06786984 0.09762009 0.07726505 0.06052948 0.07677323 0.09284921 0.0487443 0.04364212 0.03634347 0.01514732 0.03150237 0.04539522 0.0464916 0.04863023 0.03589787 0.05241583 0.04504297 0.04729852 0.04171283 0.04805346 0.05996377 0.07170551 0.07896554 0.08910221 0.0933733 0.09593075 0.09571595 0.07843495 0.06326502 0.04645177 0.04233327 0.03885077 0.05060645 0.04391949 0.02628373 0.02453034 0.0213264 0.02513967 0.02533766 0.02513272 0.007872756 0.005332039 0.003568051 0.002662926 0.0006425667 0.0002787182 9.424208e-005 6.120306e-005 0 0 0 0 0 
0.1838535 0.07465112 0.06020984 0.06967865 0.08040801 0.09034131 0.07281251 0.0681095 0.09318775 0.08871611 0.08157687 0.04525797 0.01972656 0.02900177 0.02447439 0.03165913 0.04007895 0.03460537 0.0388092 0.03763464 0.02983643 0.0444924 0.04806086 0.04948398 0.05129787 0.05136385 0.06593319 0.07346562 0.08438499 0.0841215 0.0730771 0.05756762 0.03823128 0.03320256 0.03403741 0.04092226 0.04097236 0.03241104 0.02964619 0.02568916 0.02852155 0.02949146 0.02642572 0.0115217 0.006578797 0.004410234 0.003294695 0.0009966793 0.000445585 0.0002505969 0.0001061598 0 0 0 0 4.464286e-005 
0.203608 0.05527627 0.05452047 0.09633269 0.06729519 0.09252071 0.09663741 0.1041504 0.117065 0.1280009 0.06490062 0.03293133 0.02880421 0.05432025 0.02195683 0.02585387 0.02115681 0.02056884 0.03015975 0.03876122 0.03377179 0.05861453 0.04506772 0.04598567 0.04979221 0.05118387 0.05634618 0.06825974 0.08100135 0.08279985 0.05769588 0.04950124 0.03299236 0.02965368 0.03246238 0.03935605 0.04552261 0.03774563 0.03165421 0.02522421 0.02463854 0.02597019 0.02556416 0.01418233 0.006776829 0.004575917 0.003430102 0.001042378 0.0004877475 0.0001700165 0.0001216908 0 0 0 0 0 
0.1999805 0.1343908 0.05389138 0.1438215 0.1614666 0.0984088 0.109352 0.1092287 0.1215703 0.08472787 0.08799239 0.05361141 0.04098243 0.03549071 0.03336348 0.02399324 0.03808856 0.03867034 0.03905317 0.06490985 0.07119831 0.06460384 0.05088452 0.04944778 0.04857239 0.05916421 0.0658818 0.06425676 0.07183584 0.0746458 0.05311896 0.04123285 0.03013597 0.02781494 0.03047845 0.03809904 0.04409881 0.03881999 0.03267908 0.02440106 0.02230004 0.02197464 0.01966459 0.01414251 0.009876329 0.004682229 0.003241524 0.0036801 0.0004593538 0.0001702507 0.0001254518 0 2.025504e-005 0 0 0 
0.2113242 0.1204425 0.06436431 0.1441004 0.1523114 0.1599329 0.1841654 0.111833 0.1178845 0.110021 0.1072788 0.07413235 0.05593639 0.04042945 0.07344598 0.04819489 0.1035659 0.1111813 0.06603236 0.06293231 0.06926132 0.0598864 0.05542399 0.05325512 0.04853629 0.06306875 0.06155559 0.07060453 0.06209597 0.06449946 0.06481025 0.04126689 0.03004821 0.02512747 0.02374839 0.04652122 0.0612097 0.03500317 0.03025981 0.02139468 0.01870194 0.01848087 0.0187127 0.008740443 0.005389315 0.004402003 0.003307377 0.0008308858 0.0003887749 0.0001488536 0.0001173029 0 0 0 0 0 
0.1704481 0.1246809 0.1225026 0.1508126 0.119262 0.124268 0.1267207 0.1447785 0.1520304 0.1334462 0.1162504 0.1165617 0.107986 0.08342001 0.126395 0.06818765 0.1206573 0.1373837 0.1104458 0.1054139 0.1047497 0.08784163 0.06315812 0.04074221 0.03226437 0.04971438 0.06539262 0.05586994 0.05317157 0.06357656 0.05662249 0.03447208 0.02822195 0.03136009 0.02492781 0.05705756 0.1610454 0.035647 0.02312426 0.01724968 0.01395442 0.01183171 0.01136473 0.006377129 0.004421268 0.003350124 0.001898028 0.0005741728 0.0002657752 0.0001067153 9.152084e-005 0 0 0 0 0 
0.1747026 0.1208476 0.1221169 0.1419057 0.1241248 0.1219563 0.1418752 0.1432248 0.2047531 0.2255806 0.2043982 0.1718091 0.1302692 0.1184413 0.1118244 0.1198978 0.1088021 0.1427387 0.1017742 0.1164916 0.1011453 0.06680118 0.06247371 0.05961358 0.04927265 0.04518396 0.04829253 0.06644759 0.04766661 0.05103654 0.05934532 0.05099932 0.03267612 0.03741315 0.0257904 0.03003993 0.03550407 0.0285465 0.02834453 0.02422432 0.02412921 0.0120978 0.008830649 0.006252263 0.003947964 0.002020824 0.001456751 0.0004365084 0.0002064101 8.913511e-005 8.465368e-005 0 4.464286e-005 0 0 0 
0.1749806 0.1400195 0.1418959 0.1661246 0.1375209 0.1547147 0.14822 0.1961111 0.2607903 0.2600187 0.1598609 0.1590688 0.1855528 0.1780701 0.1475435 0.1866532 0.1231533 0.1234684 0.108789 0.1013499 0.106212 0.07572885 0.0734312 0.1105333 0.1120532 0.06259062 0.0549094 0.04210771 0.04212598 0.04470702 0.05820844 0.05176524 0.03591675 0.02440698 0.0277545 0.02480123 0.03187037 0.03928151 0.04177158 0.02836024 0.02966221 0.01624242 0.01045716 0.005725947 0.004177885 0.002608345 0.00128232 0.0004081572 0.000231885 7.966427e-005 7.958704e-005 0 0 0 0 0 
0.1986839 0.151043 0.1436945 0.1172155 0.09247417 0.1909624 0.1644327 0.1562589 0.2016603 0.1423787 0.17069 0.2005955 0.25837 0.1981743 0.1411391 0.1996797 0.1801981 0.1319012 0.163762 0.1385743 0.09901743 0.09043767 0.08345445 0.08873827 0.1018441 0.08659214 0.05013725 0.05287275 0.04835628 0.04783338 0.04304664 0.05597075 0.06975225 0.03812066 0.03907799 0.03200727 0.03203864 0.03822684 0.03633147 0.02396952 0.01946057 0.01581944 0.008882141 0.005948626 0.003015427 0.004040048 0.001373025 0.001855091 0.0003413769 7.974167e-005 7.950998e-005 0 4.464286e-005 0 0 0 
0.224671 0.1663872 0.1462028 0.1361981 0.127822 0.1102657 0.1156119 0.1243637 0.1494357 0.1490313 0.1331105 0.1953029 0.2303892 0.2117324 0.1822212 0.1879335 0.2076872 0.1910846 0.215753 0.2048522 0.1349806 0.1412782 0.1231837 0.1202282 0.103287 0.06955831 0.05154184 0.05020692 0.06239258 0.045847 0.05666764 0.07243842 0.07780537 0.0608527 0.06288344 0.04442494 0.0349881 0.04790797 0.03525768 0.02499716 0.01548286 0.01277632 0.0147255 0.009093167 0.002130507 0.002338929 0.001834361 0 0 0 4.464286e-005 0 0 0 0 0 
0.2019901 0.1589582 0.1807079 0.1236198 0.1048506 0.1189498 0.1205348 0.1283599 0.12539 0.1930008 0.1508543 0.1395481 0.1436717 0.1736842 0.1799954 0.17689 0.1744968 0.2278832 0.2189724 0.2018376 0.1996911 0.1507268 0.1461226 0.1407069 0.1256664 0.09406833 0.0756271 0.07086465 0.08002742 0.09685639 0.08143283 0.07124209 0.06341113 0.06699397 0.06339461 0.06052209 0.05061781 0.03136147 0.03205537 0.02573751 0.01813745 0.009999816 0.01794291 0.008421929 0.002444675 0.001583511 0.002183293 0.005803571 0 0 0 0 0 0 0 0 
0.1758595 0.1629917 0.1466786 0.1076275 0.1135395 0.1372603 0.1395495 0.1362717 0.1348989 0.1640326 0.1295159 0.1098626 0.1138774 0.1420766 0.1301666 0.2026302 0.1717798 0.2111296 0.2107828 0.1941014 0.2091565 0.1814651 0.1645584 0.1721364 0.181239 0.121707 0.0919884 0.08325262 0.07720473 0.08132594 0.07963535 0.06226952 0.06704892 0.06712304 0.0822562 0.07148378 0.05860425 0.05276625 0.03587987 0.03011923 0.01647188 0.01041679 0.006519211 0.005361895 0.004014672 0.001973509 0.002461976 0 0 0 0 0.0046875 0.0046875 0 0 0 
0.1744792 0.185081 0.1663657 0.1699048 0.1675495 0.1138689 0.1129761 0.1156379 0.1244301 0.1399821 0.115948 0.1159998 0.1351197 0.1535595 0.1273886 0.1696387 0.1644688 0.2011906 0.1877347 0.173622 0.163361 0.1968194 0.1900541 0.1847796 0.180152 0.159442 0.134444 0.1266666 0.1009306 0.09518653 0.09439106 0.08829368 0.1063055 0.1010782 0.07902741 0.06768459 0.0700302 0.06343301 0.04656363 0.03150242 0.02039023 0.01020353 0.0062791 0.005710026 0.003458872 0.002736496 0.005422526 0 0 0 0 0 0 0.007232143 0 0 
0.2400701 0.2563244 0.2739127 0.1786227 0.1485371 0.1108344 0.1258715 0.1050266 0.1132775 0.1210428 0.1083389 0.1240863 0.1299149 0.1497633 0.151653 0.1583309 0.1338083 0.1893512 0.1924677 0.190964 0.1859647 0.2054799 0.2131341 0.1908118 0.1752273 0.1533348 0.1548644 0.1930671 0.1416964 0.1193277 0.1140458 0.1138766 0.1026071 0.1238087 0.1170789 0.1389159 0.1136728 0.07243492 0.05041242 0.02515763 0.01491075 0.01069053 0.007004732 0.004040022 0.005833152 0.003519119 0.004223145 0 0 0 0 0 0 0 0 0.01348214 
0.2338873 0.2171818 0.2031573 0.2071268 0.163383 0.1417132 0.1282783 0.1146421 0.1128044 0.1375277 0.1267964 0.1051184 0.1200325 0.1422896 0.161381 0.1503352 0.1507923 0.1535219 0.1865126 0.1737819 0.1605864 0.1958459 0.1625263 0.1889821 0.1591797 0.1653707 0.1616444 0.2222086 0.1853824 0.1065796 0.1307984 0.1298558 0.1544622 0.1350339 0.1243108 0.1420684 0.1033105 0.06380104 0.05406443 0.02697626 0.01882127 0.01224393 0.007854098 0.004573347 0.003566717 0.003736164 0.005498442 0.008705357 0 0 0 0 0 0 0 0.01883928 
0.2244518 0.2176677 0.1578194 0.1263345 0.1433541 0.1051731 0.09895875 0.08997708 0.09752706 0.1308099 0.1366568 0.1476493 0.1918485 0.1595975 0.1701791 0.1804112 0.1432749 0.1545351 0.1750336 0.1818953 0.1789773 0.163743 0.1439015 0.1578184 0.1577687 0.14483 0.1251183 0.1278123 0.1103563 0.09963601 0.1397482 0.1283438 0.1850319 0.1656257 0.1383637 0.130172 0.1294509 0.07867595 0.09915318 0.0337476 0.01806807 0.01651285 0.01082972 0.007976463 0.006012333 0.009196517 0.008102592 0 0 4.464286e-005 0 0 0 0 0 0 
