ncols         56
nrows         54
xllcorner     28.264
yllcorner     -5.7719999999999
cellsize      0.25
NODATA_value  -9999
0.02847766 0.03087652 0.02431005 0.02548212 0.02549009 0.04390442 0.05200653 0.05254437 0.03182919 0.01951146 0.02872242 0.06304701 0.06295258 0.06447203 0.03791751 0.03718996 0.04514953 0.0388783 0.04757357 0.03401651 0.05359311 0.0583279 0.07185491 0.07328206 0.08935999 0.0715947 0.06646243 0.09609326 0.06139668 0.03753686 0.04014113 0.05306881 0.05239553 0.05400317 0.05063035 0.03925079 0.03602332 0.0401595 0.03736982 0.0504122 0.03691914 0.01263971 0.02539403 0.025863 0.02898891 0.02620246 0.03318219 0.03290556 0.02975934 0.0412028 0.03427121 0.04484789 0.07802781 0.07154076 0.05064123 0.06611825 
0.02299697 0.02576281 0.02805387 0.02594086 0.04154852 0.05353658 0.0735892 0.0540866 0.02880397 0.01566148 0.02510002 0.05280052 0.05558899 0.05157999 0.03961223 0.04448038 0.04271953 0.0381879 0.04275607 0.04553774 0.03861615 0.04656754 0.04337715 0.04598869 0.08531056 0.06969824 0.06344616 0.07076059 0.05307364 0.03688036 0.04689585 0.05316979 0.07071684 0.08236589 0.06579281 0.07397561 0.05452438 0.05287702 0.04244833 0.04617983 0.02460771 0.02203397 0.01827509 0.01917239 0.03344962 0.02788937 0.04673809 0.04245929 0.04283107 0.05811554 0.06657853 0.05969952 0.06094958 0.04494856 0.04228757 0.06468815 
0.02608506 0.01890572 0.03223201 0.0470598 0.05231542 0.03727901 0.03942782 0.02710888 0.02611573 0.02614916 0.01295837 0.03194468 0.03940222 0.04083982 0.0403163 0.03970605 0.04925072 0.05840189 0.03593463 0.03398623 0.03341047 0.02362031 0.04100999 0.05737223 0.06989618 0.06588888 0.06010967 0.04847585 0.04011075 0.04329022 0.05924781 0.0683216 0.06940847 0.08429033 0.09999334 0.09199633 0.06622806 0.04603612 0.05193591 0.0510106 0.05040148 0.02822224 0.01643137 0.01209122 0.01464444 0.01894121 0.0387035 0.04905176 0.06450339 0.07054643 0.07361002 0.06145304 0.04306127 0.03427545 0.03886092 0.03704539 
0.02858521 0.02172009 0.04773686 0.05382759 0.07330826 0.03521942 0.04583648 0.03357535 0.03298267 0.0226209 0.01249806 0.01910549 0.03957414 0.02789967 0.0337293 0.04331188 0.02784597 0.02434353 0.03156431 0.0410255 0.03444265 0.02814958 0.04097542 0.07799272 0.06636973 0.06616167 0.04180947 0.05271333 0.04170489 0.04089089 0.04567518 0.05946254 0.08667697 0.1021014 0.1098677 0.1109148 0.08108634 0.05179822 0.03940916 0.04804962 0.04308584 0.03428032 0.03643315 0.03979707 0.03702217 0.03805972 0.05874182 0.0481654 0.06637618 0.06602709 0.06371558 0.05138032 0.02809105 0.03074846 0.03994142 0.03354933 
0.02185905 0.02713555 0.05900941 0.07031757 0.0711077 0.05093463 0.04693733 0.04182365 0.03096738 0.0230201 0.01516813 0.01871875 0.02707799 0.02726961 0.02991698 0.03659319 0.04031744 0.02683848 0.02468091 0.03083329 0.03186655 0.03096862 0.03038178 0.05142277 0.05206054 0.08132381 0.0430269 0.04639302 0.03965401 0.05305411 0.06046724 0.06894806 0.08365427 0.08133936 0.09070601 0.1166155 0.1010959 0.07285227 0.05012041 0.04416457 0.06940756 0.0908407 0.09139639 0.09031741 0.07854443 0.07905 0.1128599 0.09481522 0.0778254 0.07727944 0.0556071 0.03617182 0.03551677 0.02627106 0.02383276 0.02738734 
0.02369621 0.0319366 0.04710957 0.07199555 0.05406993 0.05983647 0.05618544 0.03554322 0.03805862 0.03333593 0.0240282 0.03032144 0.03189687 0.02848785 0.02182956 0.04183038 0.05891427 0.0375546 0.02124551 0.02174138 0.02703265 0.03168287 0.02715859 0.04317206 0.05601951 0.05676435 0.04150932 0.05385245 0.05634747 0.05835871 0.06788799 0.06583972 0.05456141 0.05560016 0.07257767 0.09991204 0.09127422 0.07928994 0.06925344 0.08906088 0.1015021 0.1302637 0.1301475 0.127546 0.1192692 0.1399673 0.1404657 0.1247384 0.1031379 0.0823441 0.04776814 0.03831677 0.01943449 0.01660062 0.02074542 0.01951034 
0.02988396 0.02519939 0.02377606 0.03012226 0.04161687 0.05874066 0.05407347 0.04330989 0.04279959 0.03624877 0.03406217 0.04449845 0.04188039 0.0407723 0.03735419 0.05143842 0.0916262 0.05997184 0.02126701 0.01679127 0.02864173 0.02931374 0.03060296 0.04928143 0.05979109 0.07147504 0.06330449 0.06096486 0.06617611 0.06330526 0.06910184 0.06542923 0.0581079 0.05796555 0.07556732 0.08588483 0.09971267 0.08354685 0.08030652 0.1218306 0.1601062 0.1620504 0.162893 0.1210927 0.1377083 0.1365009 0.1509489 0.1215403 0.09293034 0.07542822 0.05093871 0.02687499 0.01902515 0.0137023 0.02887497 0.02233767 
0.03661762 0.03267216 0.02766287 0.02917682 0.02937965 0.04329861 0.04898365 0.04055541 0.0410489 0.04479649 0.04818361 0.04324895 0.03859279 0.03086519 0.0233461 0.03192676 0.05104501 0.03342746 0.01872166 0.01669816 0.02138817 0.02631372 0.03279085 0.07196403 0.0591145 0.06489636 0.07264415 0.08113354 0.07754127 0.07001152 0.07877324 0.1127843 0.1130915 0.1001045 0.1148264 0.1296283 0.1336805 0.1262624 0.09718898 0.1220353 0.1398551 0.1994876 0.2038599 0.1667669 0.1809393 0.1283989 0.1196109 0.1118158 0.08614892 0.05992415 0.03567295 0.04054576 0.03834474 0.03299239 0.03712746 0.03767848 
0.04120598 0.03201589 0.03897082 0.04674831 0.04833726 0.04093171 0.04508961 0.04460141 0.03813376 0.05171204 0.05072284 0.04786651 0.03851401 0.03183106 0.03165279 0.04204078 0.04955133 0.05575814 0.02280506 0.02419565 0.0280385 0.03972046 0.03829371 0.05666457 0.0522114 0.06606345 0.07459807 0.05296638 0.05027159 0.08107708 0.0688616 0.09738367 0.1078859 0.1060466 0.1049976 0.1545664 0.1476828 0.1353151 0.1430656 0.1129391 0.1240674 0.1698814 0.1754096 0.1573562 0.1464269 0.1170074 0.1018255 0.09858902 0.07438175 0.054 0.02264535 0.03084624 0.03287948 0.02385034 0.02850098 0.02062352 
0.03891939 0.03899579 0.04264531 0.05999687 0.06828242 0.05467654 0.0439266 0.04169179 0.04232658 0.05023762 0.05320355 0.05694338 0.04470827 0.04943176 0.05307465 0.0428892 0.06472932 0.08961299 0.0255167 0.02102871 0.02532765 0.02589431 0.03464302 0.05590147 0.04906659 0.03295386 0.04399282 0.03575346 0.02397459 0.0511579 0.07817226 0.09359504 0.1316889 0.1477394 0.1596798 0.1787038 0.1865133 0.1396743 0.1332242 0.1521095 0.1580662 0.1602378 0.1535746 0.1580011 0.1111029 0.07409099 0.06270738 0.08702314 0.06177814 0.03982073 0.03074351 0.02136834 0.0178714 0.0269274 0.03201038 0.01820466 
0.05182334 0.06109882 0.04604687 0.04942603 0.05344089 0.04807116 0.05792522 0.0457153 0.04411685 0.04981108 0.05775455 0.06620914 0.05702035 0.07441072 0.08068874 0.06666014 0.05720248 0.07675208 0.03457785 0.03460706 0.01884553 0.01815971 0.03058004 0.05019042 0.02937503 0.0174481 0.02499244 0.01804319 0.009193899 0.02873635 0.0746292 0.1582511 0.2056805 0.173693 0.1591046 0.1824734 0.1598362 0.131636 0.1508986 0.1470903 0.1462358 0.1550514 0.1436794 0.1521671 0.1151772 0.07702424 0.05953459 0.07431418 0.05281396 0.03729469 0.04179412 0.04018389 0.04070473 0.04337772 0.05153734 0.03254949 
0.06284266 0.05301556 0.03292975 0.03407195 0.03333711 0.04188218 0.03759409 0.03915189 0.04145949 0.04784022 0.05848973 0.07421115 0.07833486 0.09216259 0.07813475 0.07475547 0.05459074 0.0497373 0.03867242 0.02774216 0.02172355 0.01714241 0.01388906 0.02923402 0.0440121 0.02502316 0.01925128 0.02036919 0.02868097 0.05414291 0.1030135 0.1441633 0.1553975 0.1348796 0.1094727 0.1159886 0.1314816 0.1464052 0.135523 0.1112702 0.1048911 0.1192586 0.1229496 0.1501226 0.1311679 0.09455941 0.0755209 0.07897252 0.06530938 0.05091015 0.0488507 0.04204306 0.05655546 0.0678733 0.04775849 0.03277182 
0.04252328 0.0385021 0.06029652 0.03676137 0.02558299 0.04781657 0.04294547 0.03968092 0.05657601 0.06872527 0.07227436 0.09174681 0.1081522 0.07611371 0.06788585 0.07947598 0.06121352 0.04235122 0.03417069 0.03369858 0.0273829 0.02022275 0.01601254 0.02321308 0.03075681 0.03421956 0.02379582 0.02595139 0.05652759 0.06993107 0.09799227 0.1165727 0.09505432 0.1044422 0.1107001 0.1214484 0.07927922 0.09222255 0.1031046 0.1143488 0.1271544 0.1348334 0.1148111 0.1255281 0.1100557 0.08601971 0.06845349 0.07174598 0.05345005 0.04128163 0.03961164 0.03200351 0.04785547 0.04940322 0.05029838 0.07289471 
0.03411753 0.03415132 0.06048661 0.04976065 0.03994138 0.05569641 0.05948067 0.04333682 0.0678272 0.07578932 0.08345342 0.0829867 0.09790885 0.07608098 0.0720817 0.09187142 0.07570889 0.03781423 0.04470501 0.04098565 0.03491128 0.02385766 0.009577855 0.01764795 0.01746214 0.01878917 0.02061108 0.04342118 0.07940598 0.1155927 0.1132689 0.1152116 0.1055714 0.1047782 0.1030731 0.09527249 0.06414827 0.06077256 0.0663965 0.09111406 0.091598 0.106175 0.1253317 0.1307652 0.09493341 0.06004581 0.05329093 0.05769297 0.0450589 0.04272464 0.03796606 0.03457571 0.06601292 0.07535716 0.07865759 0.08489383 
0.04961903 0.06524345 0.09012686 0.0620895 0.0747546 0.09918467 0.07496805 0.06300636 0.0674377 0.07726454 0.06567661 0.06750928 0.06189001 0.06834839 0.06432711 0.08648125 0.09481765 0.07698137 0.05785115 0.04514537 0.02758357 0.02411283 0.02011446 0.02286828 0.0236809 0.02278279 0.02646035 0.09278848 0.1455615 0.1439779 0.1281902 0.07133427 0.07268281 0.08808846 0.06478341 0.03216558 0.02241693 0.02939108 0.04296973 0.08491432 0.07324796 0.07746667 0.1180651 0.1307917 0.09590296 0.05653102 0.04239816 0.04513446 0.04383567 0.05289462 0.05109339 0.06874651 0.09421503 0.09912966 0.1240031 0.08843821 
0.07591485 0.1188571 0.09118173 0.0932119 0.1134606 0.1053881 0.07092854 0.0926892 0.06056955 0.03932522 0.04288035 0.0561671 0.0653414 0.09739567 0.1058718 0.1130184 0.1080237 0.08228206 0.06972203 0.05780257 0.03662116 0.03199431 0.02463669 0.04097109 0.04729721 0.05783485 0.05093917 0.06801327 0.1309322 0.129843 0.1165175 0.07827798 0.06264314 0.04570185 0.04373523 0.04253168 0.03859438 0.03613676 0.04140026 0.1123317 0.1158413 0.1379068 0.1814484 0.1136213 0.08577722 0.06203639 0.04695398 0.0481681 0.0525364 0.05454528 0.05288469 0.05977055 0.08152407 0.08704901 0.09866109 0.04832909 
0.07782115 0.1243685 0.1211844 0.08750604 0.06700806 0.09132126 0.07420433 0.07572167 0.06140652 0.03645477 0.05995406 0.07392565 0.07328145 0.09641203 0.09569471 0.09054901 0.1150557 0.09774254 0.06876212 0.07743193 0.05078643 0.05223343 0.04950485 0.05868253 0.06681123 0.08849519 0.05475726 0.05289465 0.0564056 0.08392862 0.1290615 0.0960734 0.09093018 0.03625821 0.03539005 0.04743239 0.0508195 0.05049709 0.04736653 0.1251411 0.1383992 0.1612006 0.1273498 0.07672486 0.06890254 0.05651505 0.05048009 0.05123356 0.06082064 0.05363217 0.03959908 0.03567154 0.0364817 0.04399814 0.06389707 0.03493011 
0.09722096 0.1277641 0.1105757 0.1128426 0.06778685 0.0782878 0.05354 0.05081468 0.05149585 0.04909755 0.06436998 0.07950373 0.08814727 0.118396 0.08672757 0.1025968 0.09435951 0.08210983 0.08281703 0.1070688 0.07279348 0.05066912 0.04858667 0.06582645 0.06165767 0.05723801 0.05786202 0.06840652 0.06514519 0.07551672 0.09334616 0.08836453 0.08398554 0.05964522 0.0486295 0.04044557 0.0428093 0.06459323 0.07292871 0.129651 0.1747715 0.1691929 0.1257436 0.06570017 0.06166845 0.0497224 0.04055494 0.05037594 0.0485373 0.04765749 0.03700668 0.02148821 0.0226299 0.03502246 0.07199126 0.05338134 
0.1430129 0.1377135 0.1020815 0.1388442 0.1070657 0.085782 0.05409338 0.04100256 0.04897802 0.05560569 0.05537686 0.07980725 0.09629603 0.165642 0.1201782 0.1018498 0.1043871 0.08436368 0.1012324 0.1076074 0.0999328 0.08321039 0.07941514 0.09598862 0.06993788 0.06231014 0.06120858 0.08482453 0.06413462 0.05430131 0.04410343 0.06234088 0.09149578 0.09037141 0.05592152 0.03913502 0.03706896 0.07425682 0.08678392 0.09439519 0.1323588 0.1447006 0.1315355 0.1022971 0.06601126 0.04954154 0.03512363 0.05478146 0.05459861 0.04007561 0.03738936 0.01954325 0.02401863 0.02980966 0.07048445 0.04188387 
0.1799308 0.1700161 0.09813988 0.1246863 0.1145324 0.0938721 0.05716003 0.0702735 0.05413282 0.0575453 0.05103543 0.09552943 0.1072111 0.1447149 0.1692184 0.1693756 0.1429887 0.1282048 0.1430258 0.1505396 0.1558333 0.1372326 0.1142929 0.1176997 0.1142434 0.1051126 0.08297089 0.07260963 0.07093035 0.05294542 0.0619859 0.06673328 0.06472816 0.07694316 0.07878145 0.0564964 0.0408485 0.04297772 0.06498504 0.07011621 0.08111702 0.08022882 0.07901111 0.09181908 0.06967917 0.05469295 0.05042172 0.06144606 0.06064329 0.05696857 0.05284415 0.0361688 0.04028267 0.04825747 0.05828587 0.04257685 
0.1138744 0.1100519 0.1040997 0.09980123 0.1119931 0.07986835 0.07084077 0.07163033 0.06435163 0.06243128 0.04316987 0.07996642 0.08880777 0.09861588 0.141586 0.1929455 0.1584692 0.1206764 0.1063895 0.1267245 0.1789242 0.1470856 0.08365366 0.1098751 0.1125416 0.1117209 0.1032324 0.09241685 0.08714084 0.07253688 0.0858178 0.0943928 0.06953473 0.07999358 0.07121608 0.05282859 0.05227114 0.04444129 0.04943603 0.05614261 0.06946992 0.07315975 0.07531673 0.07469741 0.07206517 0.06135233 0.06346321 0.0704049 0.07828388 0.0762841 0.06728853 0.0502355 0.06139103 0.06288404 0.06121673 0.04861594 
0.1487559 0.1297678 0.1229198 0.09816721 0.1026658 0.09637716 0.1078651 0.09513915 0.06546252 0.0530932 0.03563724 0.05824203 0.08228803 0.134525 0.1677724 0.1862922 0.1461179 0.1250609 0.1301417 0.1888328 0.1611046 0.1179809 0.1153446 0.144218 0.1339966 0.1426337 0.1477846 0.1395346 0.09521292 0.08965142 0.1058372 0.1519232 0.1130204 0.09904137 0.1051117 0.06339153 0.0824911 0.0426306 0.03821596 0.06455415 0.08444441 0.1001018 0.08554773 0.09295491 0.07972483 0.07875343 0.08043776 0.08521453 0.102457 0.1049446 0.08761251 0.06183747 0.0673738 0.07083049 0.07186182 0.05430058 
0.1186238 0.09459147 0.0808818 0.09345663 0.1106743 0.1050698 0.116613 0.1119207 0.07311646 0.07154855 0.05380065 0.06656755 0.07131186 0.1144171 0.1932084 0.1735658 0.1812545 0.1431953 0.16315 0.2103305 0.2489736 0.1933539 0.1511046 0.190316 0.1724022 0.167357 0.1478375 0.1712366 0.1145378 0.1222739 0.1097259 0.101116 0.1041945 0.1203269 0.1233298 0.08066887 0.04619596 0.0428514 0.03636679 0.05916752 0.09578958 0.1192804 0.09650058 0.09593407 0.08616187 0.08894504 0.1033565 0.104505 0.1253496 0.1638723 0.09260683 0.07500701 0.08213388 0.07801148 0.09661629 0.0644818 
0.05632952 0.06211482 0.04681463 0.07520621 0.08702365 0.08040976 0.08530259 0.1020336 0.09702934 0.1039761 0.1160811 0.1150391 0.0841218 0.1138518 0.1625871 0.163589 0.1321604 0.1143202 0.1492216 0.2048102 0.256588 0.2186677 0.2045095 0.20431 0.2200034 0.219271 0.2097671 0.2098616 0.2056645 0.1836412 0.1539759 0.1492 0.1635952 0.1575685 0.1694798 0.1241492 0.0511703 0.04669193 0.04945716 0.05376109 0.07165193 0.08703382 0.08922783 0.08164025 0.08180136 0.1449267 0.1834144 0.1415654 0.08823197 0.1040305 0.06488501 0.06473727 0.07632982 0.1037953 0.2179465 0.1121706 
0.04653046 0.05370621 0.06473843 0.07378351 0.07178751 0.06014101 0.04055911 0.06270179 0.08386938 0.08243416 0.09924482 0.1093258 0.1224139 0.1437879 0.1327013 0.1250322 0.1358988 0.1399339 0.1698432 0.2068653 0.1857024 0.2081292 0.2275344 0.2511022 0.2349931 0.2526434 0.2334232 0.2424753 0.2504145 0.2353674 0.2041325 0.2006143 0.1993775 0.162781 0.1631223 0.1391159 0.07512335 0.05767041 0.07140292 0.05374409 0.06562398 0.08756167 0.1152599 0.1122646 0.1727338 0.2250378 0.2477363 0.1293437 0.09540121 0.07143449 0.06449918 0.07820597 0.1183275 0.1859264 0.1941827 0.1036356 
0.04906389 0.04963791 0.05966476 0.06583602 0.06051988 0.06317546 0.04955938 0.05960323 0.0629891 0.0714061 0.05856916 0.08804531 0.1225406 0.1228684 0.1116953 0.1154551 0.1229042 0.1490262 0.1529766 0.1594151 0.1833768 0.1861018 0.2242025 0.256352 0.2692572 0.2626717 0.2651733 0.2833386 0.2906792 0.2737298 0.2553878 0.2259371 0.1879547 0.1709017 0.1547268 0.1413487 0.1224295 0.09106582 0.1227289 0.07213558 0.07828412 0.1025535 0.1267939 0.1731454 0.1947004 0.2830065 0.3341627 0.1134243 0.09279899 0.09712791 0.06719716 0.08006921 0.1244443 0.1806521 0.2108463 0.1105019 
0.03842522 0.03711948 0.03653331 0.05767424 0.05655123 0.0600152 0.06808362 0.08651648 0.0952541 0.08273911 0.07385548 0.1051334 0.1323037 0.1253101 0.1024998 0.1083583 0.1502388 0.1593983 0.1505488 0.1814845 0.1853611 0.2254152 0.2196658 0.2574212 0.2792728 0.2759881 0.2815452 0.3170702 0.2769487 0.2647551 0.2689205 0.2550872 0.2282475 0.2152505 0.2066321 0.1622517 0.1214162 0.1048642 0.08752079 0.06752861 0.06716838 0.07587023 0.07808813 0.07381553 0.08527268 0.09002488 0.1761751 0.129443 0.1215899 0.1225525 0.08741472 0.1309309 0.1276771 0.1282829 0.192485 0.1098187 
0.04937492 0.04532112 0.05284176 0.1007062 0.09952088 0.08698827 0.1017072 0.1382316 0.1572332 0.1544593 0.1442172 0.1506299 0.1576462 0.1472955 0.1681727 0.1392285 0.1269722 0.1367929 0.1605916 0.1566963 0.1733736 0.2103298 0.2221168 0.2940933 0.3084452 0.309383 0.3074087 0.2919141 0.2841933 0.2879301 0.2839851 0.2885849 0.2763926 0.2574461 0.2295793 0.1454525 0.1404149 0.1174963 0.09433609 0.08950943 0.07463692 0.06814071 0.06642266 0.04716324 0.06125645 0.06099756 0.1103203 0.09988239 0.1182489 0.1181768 0.1201122 0.1107652 0.1200621 0.1178517 0.1425994 0.1904063 
0.04823489 0.06114082 0.08445741 0.09709127 0.09223615 0.09664601 0.08840395 0.1351455 0.1651264 0.157423 0.1605888 0.1637174 0.1460785 0.1522692 0.1643773 0.1335365 0.1344314 0.1134207 0.1274582 0.134095 0.1394787 0.1713939 0.2484713 0.3410155 0.3657897 0.3602019 0.314882 0.2942473 0.2937067 0.3111303 0.2966223 0.2934341 0.2941646 0.2541418 0.2113394 0.162145 0.1405586 0.1378845 0.1165494 0.1105026 0.1087551 0.08510148 0.06691435 0.04522755 0.05464229 0.05575754 0.114812 0.08154408 0.1052405 0.1404229 0.1436211 0.1766487 0.1438661 0.1613055 0.1869799 0.1869613 
0.05125935 0.06677594 0.06520022 0.09593177 0.09095319 0.06911141 0.06962442 0.1060569 0.1348563 0.13705 0.1460791 0.1406271 0.1033375 0.09284231 0.1143575 0.1099105 0.1299265 0.1183327 0.1127414 0.1308459 0.1510486 0.1914143 0.2161613 0.3126227 0.3567162 0.3746689 0.3339196 0.3090333 0.3161888 0.3521051 0.3478626 0.3287791 0.3161951 0.2830911 0.2391377 0.2019483 0.1525369 0.1440076 0.1624533 0.1658179 0.1212706 0.1074352 0.0673116 0.05223975 0.04396679 0.0571821 0.1014533 0.1506417 0.2023176 0.1232672 0.1034738 0.1821213 0.1672447 0.1594513 0.1932784 0.2312441 
0.0753648 0.08374039 0.08145271 0.1152425 0.08321427 0.03533397 0.05629916 0.110209 0.1326809 0.108513 0.1144622 0.1160671 0.08982816 0.06218258 0.08143385 0.08680303 0.1078445 0.130498 0.1646881 0.1258441 0.1488965 0.1621531 0.2035317 0.2789668 0.3833176 0.3521846 0.3601587 0.350203 0.3321719 0.3562456 0.3341525 0.3577945 0.3386474 0.291077 0.2601867 0.2254251 0.2021901 0.2012611 0.1882293 0.2015205 0.1519044 0.1184906 0.07275453 0.06332152 0.04769838 0.04403932 0.07203822 0.1000315 0.1538773 0.1221627 0.1399905 0.1341068 0.1646419 0.1467263 0.156085 0.2295079 
0.08035623 0.1192817 0.08677117 0.1323256 0.098482 0.0484677 0.04540696 0.1240932 0.2628486 0.1262571 0.1076792 0.1303772 0.09917548 0.07632859 0.1096946 0.08322801 0.1653708 0.1627224 0.1633222 0.156129 0.1564371 0.2167453 0.2495372 0.2567373 0.3035994 0.3318536 0.3079964 0.34783 0.3586746 0.3621619 0.3612991 0.3650652 0.3258735 0.2995532 0.282235 0.2841788 0.3122156 0.286009 0.2122851 0.2147018 0.1820602 0.1185467 0.08099988 0.04225469 0.03615716 0.03225979 0.04655317 0.06181794 0.1038156 0.118415 0.1827273 0.1999345 0.2554135 0.2253098 0.1572152 0.2263444 
0.1045855 0.0952131 0.08169767 0.1005658 0.09255867 0.05966276 0.05990944 0.1251583 0.180387 0.09974778 0.1161354 0.08797072 0.08397998 0.1274836 0.1270934 0.1170494 0.1426045 0.175675 0.1629469 0.1643881 0.1819143 0.1846644 0.202433 0.2580086 0.3140264 0.3341077 0.3187275 0.3615477 0.3782279 0.3795422 0.3804187 0.3566701 0.3415307 0.3238363 0.318262 0.3391696 0.3260633 0.289526 0.2499245 0.2163752 0.1757206 0.1006224 0.09423421 0.04597682 0.02747545 0.04192201 0.05174438 0.05925447 0.1239306 0.1530913 0.1674455 0.1297454 0.2208176 0.1807842 0.1617352 0.2162571 
0.1401763 0.08684732 0.05342706 0.06167467 0.06890267 0.05056707 0.05994954 0.1272301 0.09444589 0.06246036 0.06044899 0.06468572 0.07542735 0.1686345 0.1571037 0.132321 0.1893825 0.2183836 0.2549683 0.1911734 0.1852959 0.1885059 0.2016107 0.251071 0.2957593 0.340683 0.3572861 0.3635082 0.3827338 0.3840466 0.3643045 0.3585621 0.3575447 0.3830054 0.411853 0.4044586 0.3386707 0.3006356 0.2618957 0.204826 0.1623057 0.1125388 0.08785126 0.06280381 0.04932332 0.05593363 0.0771878 0.07844331 0.1277823 0.1781896 0.1670114 0.1301377 0.1248274 0.1532992 0.1624394 0.1937433 
0.1487162 0.07597376 0.05127408 0.05442721 0.04056737 0.0575575 0.08226295 0.07652303 0.06970106 0.07481608 0.08316485 0.0705206 0.0862523 0.1873937 0.1373491 0.1382563 0.1814776 0.2592927 0.2275873 0.1998743 0.1757507 0.1881351 0.1965976 0.2447559 0.2975035 0.3066181 0.2951263 0.3456454 0.370056 0.3758029 0.3699301 0.3597691 0.3432476 0.3749781 0.3982519 0.3993087 0.3461866 0.3001371 0.2435 0.1945646 0.1906734 0.1242339 0.09364282 0.08339499 0.06843826 0.05384367 0.0604756 0.08023353 0.1160278 0.133255 0.1300164 0.1244022 0.1396184 0.09014429 0.1037937 0.1528163 
0.1515661 0.1087293 0.05237338 0.0677857 0.06005203 0.0613481 0.06549009 0.05150866 0.04783279 0.08088155 0.1256171 0.07787202 0.06716318 0.1173796 0.1463754 0.1275935 0.1604024 0.2493414 0.2497274 0.2084337 0.1713871 0.1719024 0.2023614 0.2833314 0.3497174 0.3265288 0.3121834 0.3242862 0.3280526 0.3261304 0.3157679 0.3172323 0.3187821 0.3385582 0.3557423 0.3659426 0.3610788 0.276287 0.2363518 0.211031 0.1772693 0.1330899 0.1048023 0.0734304 0.06663147 0.06992426 0.1037127 0.127736 0.1542811 0.1801545 0.1754624 0.1968143 0.1695157 0.1646492 0.2574002 0.1769274 
0.1355592 0.1009732 0.04711277 0.04488267 0.05827398 0.058932 0.05009409 0.04850503 0.05436611 0.05297556 0.07268526 0.07629701 0.06070025 0.08257274 0.1609465 0.1310129 0.1546009 0.1802171 0.174039 0.1868597 0.1393567 0.1657118 0.2011361 0.2689145 0.3114733 0.3101161 0.3090096 0.283008 0.2827691 0.2851251 0.2792983 0.284228 0.2912347 0.2969449 0.295465 0.350481 0.3152661 0.2464208 0.2134448 0.1844467 0.147083 0.1376557 0.1008848 0.06670489 0.06465162 0.08611788 0.1111498 0.1486003 0.2014152 0.194067 0.1844766 0.1567643 0.1641753 0.159862 0.1974233 0.1356942 
0.09486007 0.07580291 0.03290447 0.04790369 0.03606129 0.05505706 0.07382753 0.05752895 0.03874023 0.03714485 0.05362511 0.08401629 0.06018842 0.0929421 0.113165 0.1636753 0.1313027 0.1520512 0.1531333 0.1482507 0.1953797 0.1719731 0.1945458 0.2398033 0.2729658 0.2899439 0.275371 0.266452 0.2656128 0.2809847 0.2889411 0.2688781 0.2454508 0.2675222 0.2805077 0.298745 0.2708522 0.2107529 0.2012792 0.1675292 0.1490829 0.1020131 0.08409742 0.06014829 0.0842454 0.09524864 0.1760612 0.2348713 0.2401594 0.2340411 0.2337682 0.1647357 0.1872881 0.1493348 0.1556943 0.04383064 
0.1101551 0.06918231 0.06315867 0.04874183 0.02995627 0.0771364 0.06141055 0.04105103 0.04199166 0.04213753 0.04792883 0.07607044 0.06369165 0.0979977 0.1295094 0.1210667 0.1601862 0.1884069 0.1736964 0.1408219 0.1389465 0.1755477 0.1980524 0.2257446 0.2157242 0.2359733 0.2336346 0.2584513 0.2800723 0.2879879 0.285566 0.2590947 0.2530974 0.2549911 0.2816536 0.2806929 0.276494 0.2097104 0.1954086 0.1960587 0.1546411 0.1121753 0.09700087 0.08067823 0.1059946 0.1513612 0.2261514 0.280943 0.3849843 0.2551078 0.3728904 0.2074105 0.2498171 0.1868026 0.1496302 0.1009677 
0.08589023 0.06128436 0.04400406 0.04767716 0.0369924 0.07254138 0.03960179 0.02523069 0.03404478 0.05331058 0.06043186 0.07485583 0.07504968 0.09983516 0.1166025 0.1274107 0.1328515 0.1742914 0.165541 0.1700834 0.1359126 0.1793233 0.2430942 0.2054914 0.1922799 0.171778 0.2172552 0.2938401 0.2950345 0.2694671 0.2598119 0.302401 0.3013363 0.2906151 0.3026432 0.2458019 0.2349092 0.1923884 0.180747 0.1579826 0.1048779 0.07781214 0.08575332 0.124954 0.1590125 0.1945296 0.2330995 0.2786266 0.3610584 0.3086847 0.3096166 0.1994821 0.1851256 0.1606555 0.1804613 0.1516129 
0.08446737 0.06775357 0.03843727 0.04848224 0.05115127 0.04226308 0.03178651 0.02807344 0.04090225 0.05218088 0.06375989 0.1112248 0.1032566 0.1329138 0.1092175 0.1065725 0.118943 0.08903239 0.13435 0.1484335 0.1262993 0.2030836 0.2765101 0.1823861 0.156456 0.1347839 0.1712596 0.2290923 0.2371048 0.2419086 0.2458688 0.263895 0.2901286 0.3055705 0.3040077 0.2227932 0.1779432 0.166912 0.1605498 0.1166189 0.06563785 0.06643941 0.09181179 0.1386656 0.1648715 0.219935 0.2460723 0.306603 0.4634764 0.3309868 0.2444778 0.221108 0.1595773 0.1678704 0.188865 0.1260887 
0.0921409 0.05785844 0.03670026 0.03799218 0.05242784 0.05190522 0.04874483 0.0754104 0.1054663 0.112518 0.1253476 0.1606194 0.186464 0.1812175 0.1309393 0.1125215 0.1313829 0.175128 0.1447638 0.1457519 0.1713123 0.2273032 0.2488334 0.1939304 0.1748694 0.1598982 0.1706878 0.2309031 0.2480423 0.2329097 0.2603272 0.2852114 0.2640299 0.2552632 0.2410828 0.1915107 0.1404972 0.1384029 0.1207205 0.103481 0.064471 0.06849401 0.08453594 0.1607357 0.2049538 0.2636597 0.2887121 0.3389417 0.4407333 0.2738875 0.2701549 0.2054496 0.225943 0.2085109 0.2141082 0.116129 
0.1030046 0.070117 0.04284416 0.02764306 0.0274903 0.06659863 0.0615945 0.07819261 0.1214941 0.188807 0.1343947 0.09609102 0.09352791 0.1086201 0.1162052 0.1793987 0.1603285 0.1657045 0.1719266 0.1695004 0.1539326 0.2060555 0.1770799 0.1852696 0.2107819 0.1756357 0.168346 0.2075729 0.2210882 0.2021983 0.2272028 0.2461139 0.243344 0.2105217 0.2179558 0.1779346 0.2104642 0.1455808 0.1186831 0.1080557 0.07840192 0.065982 0.08930236 0.1744113 0.2567695 0.313424 0.413456 0.4349676 0.3555295 0.3910947 0.4243895 0.2970625 0.3030933 0.2619568 0.2299073 0.09084677 
0.09921644 0.05305824 0.02317829 0.0238535 0.03223315 0.08686721 0.058453 0.08491547 0.07284325 0.06740317 0.08153056 0.05712149 0.06030254 0.07200307 0.1002925 0.1194772 0.1318502 0.1508201 0.1609213 0.1753197 0.1495137 0.1222278 0.1608138 0.1993633 0.1882012 0.1634967 0.1212181 0.1080265 0.1130087 0.095023 0.1133497 0.2006067 0.1837953 0.1674147 0.1648003 0.1952027 0.3996779 0.1700841 0.1453232 0.143042 0.08730204 0.08168837 0.1058214 0.1712882 0.2611139 0.3659734 0.4589991 0.4580807 0.4131354 0.4771061 0.438251 0.3829032 0.3187097 0.2427016 0.1802822 0.08225808 
0.07880434 0.05165584 0.02784895 0.03230386 0.03575953 0.06822484 0.05208991 0.05980394 0.06938058 0.06185406 0.07098969 0.05745039 0.0624778 0.07075647 0.076097 0.1008053 0.1252147 0.1510869 0.1250712 0.1977118 0.1482087 0.08532587 0.1401229 0.1186189 0.106441 0.140068 0.0972083 0.07923605 0.06448877 0.05983826 0.09721439 0.2243247 0.2015731 0.1772566 0.1799471 0.1980185 0.2036033 0.191072 0.1630498 0.1307322 0.1042187 0.08267052 0.1061742 0.1792945 0.25366 0.3926958 0.4170646 0.4023418 0.4801777 0.5049551 0.4782088 0.3745161 0.2818952 0.1714113 0.1534275 0.09197582 
0.09463921 0.05548748 0.03431343 0.04172965 0.01087856 0.02091276 0.04271284 0.03103381 0.03012231 0.05254271 0.05923582 0.08423901 0.08954182 0.07596027 0.0664677 0.08560717 0.09198802 0.1073822 0.1160308 0.1675134 0.1275916 0.1121771 0.06787946 0.06351089 0.06248662 0.09871098 0.07575101 0.07649097 0.07093331 0.0792355 0.0999765 0.2197111 0.2125776 0.1659375 0.1537435 0.1844351 0.1855609 0.2059623 0.1835673 0.1203766 0.08392782 0.08239388 0.114939 0.2035903 0.269886 0.3429127 0.3622737 0.4600003 0.4957855 0.4716187 0.4643655 0.361129 0.2632258 0.2131048 0.2094758 0.1470968 
0.06443496 0.03421102 0.0431701 0.03247641 0.0147787 0.01808652 0.02586672 0.02829731 0.01516998 0.02768119 0.04129783 0.0492366 0.07511338 0.07467585 0.06891837 0.07236286 0.07577801 0.08994533 0.09582822 0.1088411 0.07736181 0.07252453 0.06406813 0.06170321 0.06382623 0.07246439 0.1395649 0.1350981 0.1405329 0.1116047 0.06945997 0.1552411 0.176175 0.1926761 0.1672344 0.1619143 0.1842574 0.1568614 0.1334137 0.0969603 0.09944689 0.09482077 0.1092812 0.2247974 0.2594363 0.4018104 0.3948095 0.4286353 0.4128868 0.4353534 0.500388 0.4200403 0.3931048 0.3378629 0.3174597 0.1727419 
0.04220996 0.02564777 0.02391285 0.01116482 0.01199753 0.01568324 0.02370044 0.02490952 0.01913905 0.0323732 0.04000738 0.04625008 0.08081627 0.08755852 0.08414819 0.08457978 0.0833317 0.1035434 0.1151691 0.09729074 0.0731584 0.08326042 0.07019715 0.07953639 0.05649392 0.1679604 0.2123682 0.1500086 0.1508859 0.1086227 0.06417711 0.1287178 0.1811974 0.1704323 0.1427895 0.1390437 0.126561 0.1216251 0.1162788 0.1353221 0.1240155 0.1279985 0.1908994 0.3253756 0.4041072 0.4507782 0.4331027 0.3264113 0.6317338 0.6289517 0.6770566 0.4287903 0.3545564 0.4462903 0.4291935 0.222379 
0.01569196 0.01235818 0.01674295 0.0144805 0.01244235 0.01013802 0.01879735 0.02164575 0.01659073 0.0205148 0.02225537 0.0376543 0.06384014 0.07978147 0.08499303 0.06962179 0.07470667 0.1041737 0.08459003 0.07296407 0.08032043 0.100674 0.1496988 0.1826169 0.0922339 0.1307119 0.1557447 0.1102184 0.1028205 0.04489237 0.1053215 0.2220396 0.1921497 0.1271279 0.1036354 0.1208497 0.1090309 0.1079995 0.1238202 0.1406159 0.1265447 0.1578371 0.2882736 0.4579455 0.477152 0.4005919 0.4284527 0.451492 0.6189113 0.7625806 0.6818144 0.4797984 0.3787097 0.4092339 0.4206049 0.2865726 
0.0158068 0.01621881 0.01814403 0.02074254 0.02785913 0.01300172 0.01818273 0.02057892 0.01248638 0.02017538 0.01846542 0.03183854 0.05324151 0.0652736 0.05543585 0.0574743 0.05547651 0.04848063 0.05008525 0.04622614 0.06335194 0.09000226 0.1650863 0.1697042 0.1440389 0.1064157 0.1301339 0.08664776 0.04938013 0.05477901 0.1272049 0.1945749 0.1842303 0.1587325 0.1187007 0.1281796 0.1037696 0.1098228 0.09809309 0.1064843 0.115048 0.1221603 0.2238096 0.4019598 0.3564553 0.3999282 0.4067626 0.424879 0.4598387 0.5615321 0.5011693 0.4164112 0.3680241 0.3360484 0.3193952 0.1792339 
0.02256926 0.01636348 0.01503736 0.03764791 0.05063839 0.02214301 0.02110054 0.02223007 0.01702103 0.01334265 0.01239432 0.02564584 0.0350786 0.03748915 0.03879273 0.04194788 0.03827979 0.03691612 0.04218123 0.04986907 0.063283 0.0815624 0.1327461 0.1732913 0.1352204 0.08058263 0.1045659 0.04611209 0.04275871 0.08653864 0.1648107 0.2102205 0.1742121 0.1441694 0.1144234 0.1272849 0.1137936 0.1114232 0.09262131 0.1083681 0.1128259 0.1183342 0.2166889 0.3972143 0.3500368 0.3270292 0.3056129 0.448508 0.5409275 0.5984677 0.3940726 0.255 0.2882661 0.245 0.1582661 0.1283065 
0.01959651 0.01831106 0.01879185 0.105188 0.04872952 0.02529308 0.03402551 0.04582299 0.02679883 0.01310047 0.01279823 0.01188363 0.02248494 0.02361028 0.02012181 0.02526416 0.03430064 0.03484375 0.04261937 0.04337835 0.05500365 0.06294432 0.092543 0.1013904 0.05131661 0.04991536 0.06186337 0.06202615 0.05018587 0.09159599 0.1744957 0.1522625 0.1089009 0.0952245 0.0937718 0.1028212 0.1313709 0.09537053 0.06748901 0.09976679 0.1197656 0.1244037 0.1746061 0.2699789 0.3421226 0.4426171 0.3676627 0.4455242 0.5340322 0.4970968 0.3522984 0.1845968 0.2000806 0.2056855 0.1738307 0.12375 
0.01165629 0.01015011 0.01275088 0.05737183 0.03036055 0.01615395 0.0244768 0.03575032 0.02793112 0.01848463 0.01643142 0.01456826 0.01856229 0.01918876 0.02460194 0.02746148 0.02698847 0.02457319 0.02738523 0.04202663 0.04815328 0.04768804 0.05534057 0.05278644 0.04014627 0.05083281 0.06859291 0.03319927 0.03633252 0.06169061 0.09762795 0.1018505 0.0794263 0.06071806 0.06385674 0.05370134 0.06671268 0.07960251 0.05624816 0.08588584 0.1139866 0.1418264 0.1917424 0.1802993 0.2354553 0.3799201 0.3230348 0.4032661 0.478871 0.3711291 0.2749194 0.1742742 0.1658871 0.2256048 0.2215726 0.1368548 
0.02080673 0.01092548 0.02102079 0.02536495 0.02650633 0.01029062 0.01106904 0.01951483 0.01406419 0.01603156 0.01670229 0.01758899 0.01298271 0.01433527 0.01821047 0.02687838 0.0250958 0.02513076 0.02401451 0.03480714 0.03946003 0.03234904 0.0272572 0.02733232 0.02451504 0.03399857 0.01923836 0.02137367 0.02533231 0.04373418 0.0458084 0.04442032 0.03191476 0.02748069 0.03574082 0.03384789 0.04782866 0.06949195 0.07462247 0.0821034 0.09068397 0.1226658 0.1448708 0.1535202 0.1940675 0.354752 0.2896591 0.4552016 0.4711291 0.2928226 0.2683468 0.2280242 0.1775403 0.1967742 0.2258871 0.1446774 
