ncols         56
nrows         54
xllcorner     28.264
yllcorner     -5.7719999999999
cellsize      0.25
NODATA_value  -9999
0.1725422 0.1302128 0.2283698 0.1644419 0.1463907 0.2290709 0.215746 0.2919796 0.160432 0.1059266 0.09980267 0.2150359 0.2641147 0.2739463 0.4276464 0.4550813 0.4334596 0.5571989 0.4743938 0.3994214 0.2097851 0.1698258 0.1625914 0.2539299 0.2518496 0.2539815 0.2487255 0.3264827 0.336881 0.3179149 0.3301002 0.3644392 0.4409805 0.4962397 0.43397 0.4081825 0.3537309 0.3375408 0.3882594 0.3397434 0.1152058 0.2200971 0.09538513 0.1102625 0.1153324 0.1419956 0.1683857 0.20775 0.1352293 0.149555 0.1504982 0.127982 0.08501409 0.05067307 0.03724902 0.05117454 
0.2028523 0.2255518 0.2686715 0.2290465 0.1492787 0.2313089 0.2131032 0.147375 0.1459803 0.1354864 0.1316145 0.2041803 0.3733273 0.2615418 0.337333 0.3290573 0.2857566 0.3287972 0.3780883 0.317531 0.1430818 0.1697749 0.2200234 0.246886 0.2369011 0.2643945 0.2389446 0.3051091 0.3002923 0.2594248 0.2530235 0.3646689 0.3999076 0.5143527 0.4803299 0.4361882 0.4755885 0.3709898 0.2950032 0.3237795 0.1505591 0.165148 0.1715204 0.1529659 0.2357221 0.1117876 0.1150659 0.1869882 0.1580302 0.2023468 0.178773 0.09338497 0.04308489 0.03009297 0.02633926 0.0416925 
0.1855745 0.2527887 0.3333308 0.2177699 0.2178918 0.1947559 0.1413992 0.1420633 0.1514587 0.2028105 0.1714595 0.2313578 0.231873 0.2330421 0.2096149 0.2771266 0.2728763 0.2844331 0.4248752 0.2973162 0.1804253 0.1449992 0.1552418 0.2428076 0.2638136 0.3839521 0.3020395 0.3092254 0.316879 0.2501116 0.2074385 0.2548184 0.3477683 0.5048084 0.5375023 0.5004286 0.424307 0.2707386 0.2540445 0.2970734 0.276561 0.2652479 0.240366 0.2240602 0.2511283 0.1144377 0.09348068 0.1411106 0.1436168 0.08994521 0.1425985 0.03261772 0.0386347 0.02004808 0.01816877 0.01785279 
0.1861218 0.1867456 0.1783987 0.208254 0.22987 0.1299849 0.1796692 0.1572365 0.1778592 0.2534992 0.1801652 0.2611108 0.2010038 0.2432331 0.2695253 0.2954645 0.2709593 0.3890729 0.3484017 0.2396343 0.2043577 0.179044 0.194089 0.2427034 0.2922691 0.2969941 0.2812096 0.2876697 0.2867324 0.2630031 0.2084672 0.2695517 0.3706578 0.5334023 0.5537181 0.5564132 0.3384453 0.2504683 0.2396351 0.2547287 0.2165053 0.2631624 0.2107346 0.2133235 0.1562421 0.0591751 0.1143724 0.1464384 0.1395002 0.1091717 0.07704039 0.06590711 0.03713281 0.01777615 0.01257311 0.01779777 
0.1548666 0.1740351 0.1577275 0.1549125 0.1705467 0.1727279 0.1999501 0.1407101 0.2370625 0.2748814 0.2112479 0.1820526 0.1605178 0.1833413 0.2930834 0.4399644 0.3354008 0.3457602 0.2160505 0.215834 0.2000114 0.1925826 0.1958516 0.257873 0.2389682 0.1716284 0.1674212 0.2585196 0.2559839 0.2469146 0.2378504 0.2744293 0.3250774 0.4840512 0.4526632 0.4805526 0.3126826 0.170261 0.1242305 0.1492135 0.1882759 0.1705107 0.2114164 0.2916726 0.1909876 0.1949709 0.1472972 0.08744679 0.0995407 0.07848774 0.03123832 0.02228858 0.02098729 0.01671978 0.01328957 0.01197177 
0.1062488 0.1303781 0.3077823 0.1766427 0.1787067 0.2322887 0.2293985 0.1441846 0.1503237 0.3591466 0.3436188 0.1730748 0.09020833 0.1188176 0.2886427 0.368275 0.3037224 0.2577241 0.1558471 0.2007498 0.1463212 0.1802112 0.20849 0.2185515 0.1894542 0.1627037 0.1823945 0.1885916 0.2003018 0.2157634 0.223588 0.245701 0.2396204 0.2963471 0.2350544 0.2260882 0.2107571 0.112013 0.09676826 0.125636 0.1750981 0.1836343 0.1659698 0.2772813 0.2522193 0.2419728 0.153152 0.07106876 0.07098808 0.04038413 0.01639251 0.01407831 0.0139444 0.01285775 0.01334007 0.01212691 
0.1129142 0.1196941 0.1499706 0.2141143 0.1594671 0.2170288 0.200966 0.1552425 0.2250575 0.3686774 0.2451609 0.09648217 0.05090023 0.08862159 0.3208401 0.4536321 0.2383011 0.2196209 0.1520992 0.1910283 0.1897736 0.1664397 0.2275756 0.2931511 0.2433128 0.1629339 0.1385887 0.1704176 0.1780713 0.1547406 0.1458351 0.1549106 0.2087808 0.2254516 0.1400345 0.1321992 0.1324003 0.09000353 0.08412248 0.1055685 0.09467164 0.1613474 0.09959833 0.1491046 0.2130905 0.2205651 0.1588815 0.06153033 0.02873405 0.01626989 0.0164087 0.01599785 0.01554152 0.01434528 0.01453349 0.01324648 
0.1626475 0.2354096 0.1767141 0.2289339 0.1790902 0.1928215 0.1794811 0.1923071 0.2651874 0.2045046 0.1323774 0.07460265 0.04874757 0.07491232 0.1116128 0.1640169 0.2651877 0.1027032 0.07436071 0.1431801 0.1627663 0.1481949 0.1675047 0.2254291 0.1361026 0.1441245 0.1291288 0.08236838 0.110135 0.08691495 0.09613781 0.1068984 0.1890813 0.1496314 0.1183523 0.1089673 0.06617343 0.03705636 0.09349844 0.1008669 0.06651077 0.06137192 0.08254717 0.01835033 0.06960385 0.09284631 0.08113828 0.03014143 0.01706351 0.01479136 0.02000103 0.01836547 0.01737902 0.0161288 0.01596608 0.01462682 
0.1734689 0.1656869 0.159056 0.2523448 0.1635263 0.1401485 0.1884533 0.2585648 0.3046937 0.201643 0.1383158 0.07532999 0.08956914 0.06103558 0.07916897 0.1311218 0.2473965 0.1444688 0.05037878 0.08400308 0.1720116 0.2252692 0.1212166 0.1006703 0.08253306 0.07571426 0.1063264 0.06846467 0.03170771 0.1025903 0.1333812 0.1350026 0.1253483 0.08953685 0.1182765 0.1036262 0.0578755 0.03676798 0.04103468 0.04142577 0.0306124 0.02655226 0.02610169 0.0199771 0.02316033 0.03075235 0.02789002 0.02385504 0.02003142 0.02148057 0.02042886 0.02113559 0.02027976 0.01897746 0.01850974 0.01708408 
0.1494895 0.1609558 0.137304 0.2655541 0.2000051 0.1363034 0.1890098 0.2381853 0.2396323 0.1834775 0.1699436 0.1040354 0.05096884 0.04432588 0.04828219 0.1107272 0.1228419 0.1479796 0.0693479 0.09050541 0.1684634 0.2351746 0.1295269 0.1007021 0.04697528 0.04275671 0.03554539 0.06161753 0.01441363 0.02147638 0.05115889 0.07776306 0.06580144 0.02547196 0.04350735 0.06251927 0.09020545 0.08380593 0.04136586 0.04752542 0.05646214 0.06776856 0.04090438 0.03085963 0.03051989 0.02436486 0.02006574 0.01699795 0.01972683 0.02512821 0.02727146 0.02467481 0.02378522 0.0225691 0.02215562 0.02085815 
0.1234198 0.1475003 0.1663729 0.1823113 0.1033718 0.1057955 0.1405278 0.1551901 0.1364335 0.1351152 0.1599377 0.1149041 0.04719658 0.0328069 0.03222699 0.06232375 0.1177037 0.1338305 0.08659915 0.146324 0.2196123 0.1886118 0.126374 0.07638977 0.06887611 0.03659389 0.01960033 0.01782515 0.01722127 0.004756879 0.01327704 0.01582015 0.01132547 0.02896924 0.04969726 0.05208263 0.1035356 0.07946653 0.0347719 0.08135397 0.07521674 0.08491755 0.04841863 0.03524625 0.01699013 0.01664678 0.01760246 0.01888618 0.02154856 0.02358654 0.02557033 0.02609904 0.02517807 0.02413921 0.02389263 0.02283103 
0.07703653 0.1172523 0.1605631 0.1606996 0.09516803 0.114433 0.1499393 0.2456556 0.1689251 0.1335774 0.1208075 0.06467027 0.06283761 0.03056461 0.04039694 0.07037368 0.08121281 0.1246281 0.2048074 0.124743 0.1670419 0.1661437 0.06798096 0.02610607 0.01754193 0.01569162 0.0124873 0.01449395 0.01549396 0.008721385 0.00904776 0.01511811 0.03763933 0.06079804 0.08497216 0.07436711 0.08139502 0.06859561 0.03298472 0.04317236 0.04926285 0.02563031 0.02313998 0.02094912 0.01885391 0.01713597 0.01663871 0.01578098 0.01583096 0.016172 0.01678751 0.01966906 0.01856647 0.01781009 0.01767966 0.01659315 
0.1062885 0.2079917 0.2390424 0.1723495 0.1412391 0.1654843 0.2032335 0.2034345 0.169035 0.231057 0.1583843 0.1114938 0.07595647 0.08964048 0.07197449 0.1332421 0.08320438 0.09734735 0.1189935 0.1277311 0.1089059 0.07724927 0.06432834 0.04612555 0.01447926 0.006176963 0.006216402 0.003995303 0.004062425 0.004223153 0.006095693 0.006538894 0.02809864 0.0586614 0.0653815 0.07420316 0.04838431 0.05234166 0.02619101 0.02403862 0.02243822 0.02073655 0.01958945 0.01980535 0.01827165 0.01678228 0.01615471 0.01495637 0.01538679 0.01582972 0.01629447 0.01897525 0.01787467 0.01705092 0.01687643 0.01601667 
0.1993317 0.2219716 0.2810655 0.216562 0.1560976 0.1609652 0.1864248 0.1735175 0.2257051 0.1889878 0.1336446 0.08941736 0.07937266 0.1326441 0.1077414 0.08319596 0.08786024 0.09342907 0.09742066 0.07306334 0.06367461 0.05238958 0.03281158 0.02438487 0.01957082 0.0036627 0.002648459 0.001328748 0.001368093 0.001501334 0.001741755 0.0148514 0.01839923 0.03979411 0.05597368 0.07364202 0.02601338 0.0254098 0.02668777 0.02561035 0.02258282 0.02005214 0.01919826 0.01924799 0.01796783 0.01659627 0.0158796 0.01445651 0.01494815 0.01527527 0.01540065 0.01773129 0.01658464 0.01568395 0.01545864 0.01470781 
0.21762 0.2729407 0.2686563 0.238763 0.1709264 0.1135295 0.1457694 0.2064196 0.1832901 0.2162513 0.1231948 0.09165767 0.09870436 0.1502118 0.134655 0.08976906 0.1225528 0.1392643 0.0897449 0.0498753 0.05134987 0.04872285 0.03972504 0.007930848 0.005842728 0.0009422197 0.000925872 0.001040042 0.001012812 0.001104909 0.001304993 0.002101291 0.004431158 0.015455 0.027287 0.0199359 0.02389258 0.02608033 0.02796545 0.02308097 0.02237021 0.02136722 0.02038906 0.02021818 0.01875398 0.01717055 0.01609545 0.01449428 0.01476441 0.01490941 0.01478309 0.01670029 0.01549066 0.0144809 0.01408934 0.01315226 
0.1682163 0.2165911 0.2539464 0.2238235 0.2145698 0.1692792 0.1478826 0.2717799 0.2335055 0.1533879 0.1029031 0.1455452 0.1908263 0.1604935 0.1398539 0.1253853 0.1246446 0.1424177 0.1164676 0.0441127 0.06449278 0.08655094 0.08318421 0.01872971 0.002525178 0.001225735 0.001122587 0 0 0 0 0.001917437 0.003065593 0.007319559 0.01038011 0.01627232 0.01954366 0.02146129 0.02303606 0.02197083 0.02167727 0.02111734 0.02045048 0.0215734 0.0200955 0.01844611 0.01722229 0.01501055 0.01493305 0.01480164 0.01443858 0.01577406 0.01437834 0.01309335 0.01367449 0.01216175 
0.180861 0.2307167 0.2103141 0.1709672 0.1934698 0.1601614 0.1325112 0.1485119 0.1745623 0.1348312 0.08893614 0.09887316 0.1224308 0.1532513 0.1590415 0.1531651 0.1204162 0.1025687 0.08134741 0.04311283 0.05141462 0.06838808 0.0826306 0.01804787 0.01164858 0.001423515 0.0008329143 0 0 0 0 0.0009715859 0.001273716 0.005255361 0.01305077 0.01386068 0.01753119 0.01948105 0.02126791 0.02074398 0.02099508 0.02082413 0.02044289 0.02176504 0.02043008 0.01890158 0.01763725 0.01536743 0.01506624 0.0145939 0.01404985 0.01476445 0.01320462 0.01183123 0.0114192 0.01035446 
0.2756148 0.2325815 0.2502577 0.2583281 0.2198425 0.2018445 0.1582867 0.1376181 0.1409477 0.1160193 0.0746804 0.05611492 0.08170304 0.1180811 0.104454 0.1056074 0.0869503 0.06989492 0.06967241 0.07540693 0.04415481 0.02727486 0.04452356 0.01641817 0.008681797 0.0018954 0.001416854 0 0 0 0 0.0009718624 0.001110292 0.004787458 0.007734046 0.01955351 0.01672434 0.01879609 0.02067221 0.02017873 0.02063545 0.02061375 0.02032384 0.02173856 0.02057357 0.01927084 0.01815278 0.01597819 0.01621871 0.0146871 0.01391109 0.01411258 0.01251852 0.01110463 0.01027831 0.009334261 
0.3128127 0.2182238 0.2827922 0.3163451 0.2666304 0.2229314 0.1629495 0.1620876 0.1210536 0.1178075 0.04266277 0.04470865 0.0729 0.1049189 0.1246502 0.1070024 0.1386274 0.1026608 0.1396823 0.1230669 0.08681104 0.03564891 0.02722728 0.01585959 0.005707112 0.003941478 0.007316487 0.0001132636 0 0 0 0.00191848 0.001716744 0.004633198 0.007498988 0.0164286 0.02204332 0.01811705 0.01992021 0.01953221 0.02025606 0.02032291 0.02015537 0.0218069 0.02085909 0.01972366 0.01874615 0.01687282 0.01659943 0.01540727 0.01402787 0.01357168 0.01193838 0.01296556 0.009631257 0.00856523 
0.3525052 0.244053 0.2257275 0.2568175 0.2602486 0.1982929 0.1529083 0.1206479 0.1093163 0.08832729 0.03939288 0.05607812 0.09899637 0.1725277 0.1400606 0.2607692 0.1688364 0.09342943 0.1184583 0.1148358 0.08174609 0.08623512 0.05526616 0.03342725 0.02054685 0.01762309 0.01282217 0.009560925 0.00807523 0.006937832 0.006126212 0.005447243 0.004579588 0.005123704 0.007208445 0.01054597 0.0136062 0.01536423 0.01703831 0.01728045 0.01862593 0.01911556 0.01914455 0.0199016 0.01958289 0.01888446 0.01816707 0.01860164 0.01692668 0.01583334 0.01437488 0.01279562 0.01122603 0.01233221 0.01043331 0.008657182 
0.3485777 0.28534 0.2532212 0.2525068 0.291364 0.2106904 0.1663011 0.1317826 0.1791928 0.1356149 0.06168094 0.1141553 0.1576557 0.12212 0.1660203 0.1897786 0.1205724 0.1480099 0.230299 0.1205171 0.07798859 0.07610341 0.04835352 0.03746375 0.03834016 0.02165573 0.01600704 0.01270153 0.0108998 0.009371225 0.008216358 0.007169313 0.005829983 0.00501933 0.006433147 0.008611483 0.01143513 0.01305218 0.01465445 0.0153753 0.01701433 0.01774872 0.01798684 0.01881381 0.01871062 0.01819499 0.0177028 0.01776941 0.01726066 0.01627561 0.01485008 0.01287185 0.0114458 0.01021781 0.009270002 0.009155514 
0.3480553 0.2297412 0.2122611 0.2837931 0.2088609 0.1499595 0.1326145 0.1601932 0.1231751 0.1246802 0.07202036 0.05031129 0.04984186 0.07794265 0.1967845 0.1318756 0.126967 0.1813196 0.2662744 0.1826596 0.1044122 0.0903189 0.0620246 0.04414294 0.04080541 0.02693494 0.02432699 0.01879788 0.01713792 0.01323137 0.01141612 0.01014255 0.008330226 0.007056267 0.006497449 0.006997738 0.00946525 0.01084263 0.01232439 0.01362331 0.01547925 0.0163992 0.01678753 0.01768321 0.0176703 0.01729499 0.01842902 0.01757446 0.01721936 0.01641211 0.01515712 0.01293934 0.01170611 0.01061435 0.01029365 0.009382311 
0.2520154 0.2477883 0.2096528 0.1734958 0.1360034 0.1016637 0.1375339 0.1948622 0.1506544 0.08017582 0.02932142 0.02990475 0.04123523 0.05627107 0.108188 0.1492419 0.09849294 0.1119147 0.1562683 0.1120811 0.09787848 0.09884718 0.0659368 0.07163009 0.0580441 0.03707169 0.03488759 0.02803201 0.02421461 0.02018396 0.01647277 0.01485925 0.01340744 0.0103673 0.008787973 0.005888706 0.007836882 0.008972265 0.0104204 0.01251534 0.01498803 0.0156724 0.0161198 0.01702567 0.01703761 0.01671837 0.0165938 0.01744684 0.01722986 0.01660519 0.01559301 0.0134236 0.01233808 0.01169015 0.01053505 0.009243151 
0.1710111 0.2264112 0.1625051 0.1161429 0.1019538 0.114384 0.1146343 0.1445637 0.1192167 0.04313564 0.03747008 0.03588773 0.04320255 0.06231036 0.09359664 0.1655642 0.2134036 0.1612091 0.1497228 0.1197262 0.111296 0.1672025 0.1047506 0.09000675 0.06701875 0.06039555 0.05451856 0.04809871 0.04742187 0.042465 0.03811275 0.03089735 0.02597279 0.02190351 0.01820594 0.00970532 0.007256038 0.007572732 0.008877199 0.01147375 0.01372377 0.01493847 0.01603547 0.01722776 0.01608862 0.01549387 0.01533048 0.01649437 0.02244111 0.01878559 0.01414229 0.0133273 0.01253709 0.01179516 0.01342428 0.009364528 
0.1361683 0.1577275 0.1409434 0.1009652 0.07687058 0.06949679 0.08222669 0.08420095 0.06185386 0.0407296 0.04245132 0.02009138 0.05868087 0.07498364 0.06759381 0.0600385 0.1042208 0.08902158 0.1795938 0.1147039 0.1137956 0.1842068 0.102359 0.09050092 0.07405655 0.06493058 0.05915453 0.05765945 0.05542368 0.05080404 0.04560499 0.03717939 0.03357678 0.02671186 0.02182863 0.01143643 0.007687232 0.006628185 0.007919094 0.01061033 0.01298619 0.01432491 0.0183787 0.01566953 0.01543498 0.01517839 0.0190637 0.02263241 0.02145563 0.01788311 0.01422346 0.01373037 0.01322104 0.01256056 0.01215204 0.01002631 
0.1404463 0.1310149 0.1324478 0.1501622 0.09342244 0.06661759 0.05232562 0.04380127 0.02600177 0.03463899 0.02083408 0.05007424 0.06074371 0.1086017 0.1043813 0.05357921 0.0739841 0.05765441 0.1349534 0.1152098 0.136199 0.158574 0.1208155 0.1095016 0.08647991 0.07524468 0.06573018 0.06280006 0.06622309 0.06078968 0.0546177 0.0481458 0.05669771 0.03387571 0.02873791 0.01788399 0.008077357 0.006729314 0.009089566 0.01038216 0.01255637 0.02140288 0.01938438 0.01500381 0.01472295 0.01418813 0.01568615 0.01512594 0.01455648 0.01435517 0.01449106 0.01394356 0.01352248 0.01678239 0.014008 0.01042335 
0.1071773 0.1183021 0.08736093 0.09009679 0.07501946 0.09249076 0.07021501 0.04849935 0.02780561 0.03750321 0.06908537 0.08503687 0.07034954 0.07468432 0.08398981 0.06371371 0.06603408 0.05899711 0.07108168 0.1043178 0.1375779 0.1141459 0.1279731 0.1217836 0.106032 0.07640148 0.07455359 0.08961748 0.080441 0.05897382 0.05257438 0.05536405 0.04309895 0.03723137 0.03484993 0.01270552 0.008925098 0.007143038 0.008258005 0.0106725 0.01298758 0.01417867 0.0145481 0.01507443 0.01454616 0.01390683 0.01461785 0.01463122 0.01427435 0.0140789 0.01411417 0.0140487 0.01543385 0.01652829 0.01351863 0.01080316 
0.08650022 0.1019283 0.08349466 0.06700152 0.06357566 0.07093164 0.07258177 0.07801457 0.07174597 0.0614548 0.0907883 0.1603396 0.1179436 0.1036783 0.09927855 0.1025896 0.07535082 0.1110368 0.1137141 0.1093465 0.1284423 0.1327845 0.1131515 0.1276934 0.1104911 0.09394524 0.09548459 0.08976496 0.07014143 0.06329246 0.0582561 0.05580467 0.04652153 0.03963486 0.03227188 0.01667742 0.01237963 0.01115659 0.01033689 0.01143101 0.01359617 0.01461375 0.01478366 0.01425921 0.01393451 0.01481994 0.01336611 0.0140083 0.01399848 0.01394005 0.01408204 0.01479593 0.01448132 0.01328939 0.01350587 0.01162056 
0.1201873 0.1401355 0.094236 0.09206512 0.09863518 0.0781263 0.05709445 0.07917275 0.0919761 0.08295783 0.1001806 0.1279787 0.1325483 0.1242061 0.07683374 0.07875782 0.0863317 0.20426 0.1015429 0.1006183 0.110586 0.1056075 0.1195333 0.1557952 0.1144933 0.1137336 0.1069573 0.08838166 0.07236343 0.06603373 0.06054219 0.06004783 0.05487869 0.04267664 0.03820934 0.0203101 0.0143538 0.01070894 0.01102686 0.01191792 0.01394399 0.01477275 0.01471884 0.01539567 0.01501755 0.0144873 0.01313677 0.013337 0.01328853 0.01327598 0.01360056 0.01593731 0.01557952 0.01475719 0.01397977 0.01240285 
0.1639815 0.1505181 0.1060315 0.1060102 0.07273339 0.05257575 0.05499122 0.08757736 0.1042567 0.07315136 0.06198902 0.07869504 0.0867249 0.09029744 0.05663546 0.06214163 0.08631729 0.06279614 0.16574 0.1210684 0.08562802 0.1006354 0.104753 0.1229804 0.155001 0.13509 0.1263009 0.1110184 0.08041058 0.07247069 0.07107309 0.07722396 0.06094057 0.0445982 0.0396469 0.02594297 0.01531769 0.01140941 0.01515959 0.01205151 0.01389595 0.01457922 0.01427256 0.01337755 0.01246266 0.01203631 0.01288066 0.01251305 0.01248525 0.01253764 0.01306806 0.0140235 0.01630387 0.01530181 0.01550643 0.01381679 
0.141431 0.1489449 0.1260994 0.08237775 0.04761586 0.04157567 0.0369115 0.07024632 0.0899425 0.05155216 0.03424361 0.06226941 0.1153083 0.06357063 0.04480349 0.03144358 0.0317498 0.03177373 0.04546953 0.09569421 0.07840715 0.1082953 0.08563818 0.1092612 0.1922452 0.1535766 0.128429 0.1178524 0.09483133 0.08398543 0.0790645 0.08297171 0.06265986 0.0545778 0.04757628 0.04471495 0.0352622 0.01253023 0.01800579 0.01246762 0.01415172 0.01469141 0.0142199 0.01319158 0.01211313 0.01132773 0.01156663 0.01221972 0.01225608 0.01240942 0.01309376 0.01435521 0.01452484 0.01477049 0.01492921 0.01400121 
0.1173855 0.1459301 0.09746412 0.06118837 0.03321108 0.0229836 0.04042042 0.07677241 0.08623438 0.07008979 0.06356788 0.09137748 0.08557608 0.05671329 0.02047116 0.03309265 0.04039814 0.047684 0.06900506 0.09493052 0.09686654 0.0929958 0.091543 0.1122333 0.1381578 0.1629791 0.1271689 0.1242272 0.1331211 0.1161342 0.1027874 0.07678851 0.07668615 0.04574552 0.0353999 0.04458648 0.1105312 0.01894209 0.0139797 0.01287066 0.01444758 0.01480104 0.01422026 0.01281074 0.01184553 0.01121715 0.01128717 0.01243048 0.01188509 0.0118647 0.0125113 0.01464003 0.01453158 0.01462793 0.01470664 0.01482883 
0.1201148 0.128207 0.08220714 0.05127896 0.02729475 0.01896217 0.04470709 0.07668097 0.07749271 0.05226049 0.05072952 0.07258682 0.0664533 0.0364145 0.01186239 0.04228074 0.04904934 0.06952072 0.09801319 0.1022917 0.101473 0.08900782 0.08976725 0.1162429 0.1312564 0.1928007 0.1435554 0.1421726 0.1842184 0.1445913 0.105271 0.07868228 0.06385332 0.05573181 0.03956182 0.02671935 0.0219717 0.01758458 0.01458664 0.01321953 0.0147062 0.01493909 0.01421676 0.0129245 0.01189151 0.01149488 0.01106072 0.01207073 0.01196562 0.01218284 0.01280933 0.01525514 0.01519473 0.01532834 0.0154466 0.01762729 
0.1425524 0.12411 0.06435724 0.06764472 0.03175784 0.04974825 0.05810865 0.06000523 0.06567317 0.04497145 0.03426309 0.04614806 0.04214386 0.02064241 0.02224245 0.02309365 0.05192267 0.07880558 0.09811853 0.07927894 0.07515531 0.07999134 0.08410056 0.1068447 0.13901 0.2583003 0.1926842 0.1455846 0.1641805 0.1676597 0.1106527 0.07868849 0.07404233 0.0525402 0.03867094 0.02708431 0.02081644 0.01597965 0.01501551 0.01351893 0.0148656 0.01538859 0.01451799 0.01332586 0.01236226 0.01145673 0.01161811 0.01272606 0.01271601 0.0130064 0.01404398 0.01601493 0.01623184 0.0161561 0.01685043 0.01648443 
0.1450226 0.1080995 0.068028 0.06585106 0.04570203 0.06838067 0.05885364 0.058512 0.06026655 0.05327279 0.0422359 0.0370537 0.03219957 0.0202578 0.02954352 0.04915359 0.05468461 0.05964863 0.07455875 0.06145885 0.06537364 0.06879526 0.07788831 0.09303999 0.1128206 0.1763817 0.1496412 0.1319696 0.1250413 0.1231624 0.1083109 0.08922264 0.09922491 0.0463128 0.03903713 0.02706254 0.02143781 0.01652405 0.01534658 0.01364086 0.01487912 0.0152577 0.01504587 0.01402745 0.01319343 0.01241386 0.01261408 0.0142021 0.01406108 0.01421044 0.01461804 0.01687516 0.0168803 0.01705546 0.01719606 0.01907455 
0.11584 0.1088333 0.07413059 0.06761505 0.04971994 0.06563288 0.05476443 0.03516462 0.02943508 0.04211443 0.03590634 0.01817888 0.01106824 0.02292856 0.03267559 0.08535247 0.08267143 0.04303835 0.03856122 0.04092832 0.05306241 0.0443037 0.04462794 0.08612618 0.1171565 0.1621642 0.137536 0.1250989 0.1152389 0.09973011 0.08935709 0.07576269 0.07142365 0.04444635 0.04033916 0.0407301 0.025951 0.01949314 0.01778494 0.0147989 0.01454633 0.01441544 0.01462192 0.01503696 0.01449474 0.01421651 0.01479927 0.01595887 0.01646539 0.01719942 0.01754463 0.02067292 0.01998561 0.01910732 0.01905784 0.01885002 
0.1003447 0.09862153 0.05198148 0.0552586 0.04831907 0.04597078 0.0531959 0.04823989 0.02555767 0.0201389 0.02192133 0.01513468 0.01484329 0.02874915 0.04681667 0.08105633 0.07919445 0.04113175 0.04999598 0.03865921 0.03194604 0.02678088 0.04870199 0.09075993 0.1538468 0.1798247 0.1511504 0.108617 0.1109471 0.100726 0.08580812 0.06977403 0.0543185 0.04641419 0.0429608 0.05396782 0.03837814 0.02005362 0.01817813 0.01292877 0.01375673 0.01444336 0.01499177 0.01580197 0.01566318 0.0155136 0.01601745 0.01855241 0.01925385 0.01893985 0.01915682 0.02011286 0.02730587 0.02016005 0.019946 0.01963369 
0.09008308 0.06065445 0.03654431 0.03186042 0.02370768 0.02664896 0.03320643 0.03312909 0.02642813 0.01911615 0.0126972 0.01448903 0.01522368 0.01141658 0.02356638 0.05246204 0.07976212 0.06692951 0.04033922 0.02472145 0.01403257 0.02127204 0.04918854 0.1112028 0.1284184 0.1566453 0.1323517 0.1133019 0.1042486 0.09960781 0.08299603 0.06589358 0.05207763 0.04501909 0.04084089 0.04561138 0.03522669 0.01885296 0.01716456 0.01446487 0.01353824 0.01457615 0.01559647 0.01694391 0.01724963 0.01727867 0.0185617 0.01990905 0.01989045 0.02030943 0.02071436 0.02731012 0.0220258 0.02175094 0.02438916 0.003791667 
0.09439398 0.06128703 0.02926966 0.02280658 0.02331571 0.02516643 0.026824 0.03157305 0.02939573 0.01851182 0.006749646 0.0266751 0.02534687 0.01008155 0.04188896 0.04575962 0.05025402 0.03748537 0.0460069 0.0291758 0.01319 0.02362541 0.04558167 0.08274128 0.09393655 0.1289424 0.1100733 0.1030513 0.09067955 0.0803388 0.0703162 0.05937624 0.0417912 0.03951434 0.0335284 0.06350434 0.02641355 0.01595705 0.01485087 0.01101099 0.01303149 0.01474586 0.01636897 0.01839636 0.01935814 0.01962403 0.0203538 0.02239341 0.02229614 0.02254605 0.02432165 0.02505748 0.0221092 0.02212873 0.0129332 0.007125 
0.100299 0.05630541 0.03012245 0.02921449 0.0182069 0.02259219 0.03976481 0.02926105 0.02638387 0.02464299 0.007906921 0.008854841 0.009424585 0.03386205 0.03372999 0.04844781 0.04148256 0.03469737 0.03162691 0.02860095 0.01393598 0.02487497 0.05584286 0.05546869 0.08150666 0.1408028 0.09760709 0.05477019 0.0332619 0.02764617 0.02354492 0.04043541 0.03035459 0.0259289 0.02014043 0.03700122 0.0191325 0.008823673 0.008822042 0.009945193 0.01192648 0.01402571 0.01635268 0.02227801 0.02464266 0.02562703 0.02666374 0.02449409 0.02730933 0.0342935 0.02429343 0.03265835 0.02669775 0.01255928 0.01513236 0.008666666 
0.0893237 0.06004259 0.0298884 0.01465866 0.01512391 0.01739264 0.03160038 0.02280329 0.01195255 0.02169351 0.01983534 0.01845313 0.01010827 0.008962143 0.01581323 0.03573269 0.02085368 0.01863673 0.02354451 0.0209008 0.009335564 0.01450455 0.02755108 0.01883645 0.05375778 0.06963369 0.05646017 0.03617857 0.03880729 0.02438002 0.01890316 0.02226102 0.02346242 0.01660689 0.01440809 0.01216998 0.008739352 0.006467357 0.007129479 0.008792697 0.01143479 0.01419233 0.01717091 0.0242186 0.02733296 0.02875703 0.02943355 0.02642376 0.02644341 0.02544605 0.03852406 0.02581443 0.01259773 0.01140944 0.01291 0.001458333 
0.1352672 0.05978782 0.01291247 0.02042235 0.01381687 0.01065793 0.013312 0.02389143 0.01591044 0.01292256 0.014051 0.02604923 0.012944 0.006150307 0.007272734 0.01858507 0.03813216 0.006214748 0.005772533 0.007428095 0.01942453 0.02564934 0.0237612 0.02780638 0.04569726 0.0525507 0.0538849 0.04726956 0.02073858 0.01740451 0.01531643 0.01830065 0.0156988 0.01166687 0.00991862 0.007430086 0.005797061 0.005259372 0.006255132 0.008259711 0.0113474 0.01460538 0.01804722 0.02609843 0.03027402 0.03225496 0.03297434 0.03265837 0.02869047 0.03376928 0.02735461 0.01451566 0.01229993 0.01079557 0.01078639 0.003625 
0.08573042 0.03869904 0.01126723 0.01584702 0.01397911 0.0134974 0.01153154 0.01510687 0.01225437 0.01177954 0.01309046 0.01073368 0.006967563 0.007224979 0.01070196 0.01444931 0.02277934 0.01987659 0.008267958 0.01171542 0.02089814 0.01773077 0.01609214 0.0261867 0.03433349 0.04805255 0.03567166 0.0320963 0.03135383 0.02743865 0.02120622 0.01402383 0.01150094 0.009554816 0.009880009 0.035264 0.1157591 0.007095304 0.006102884 0.008223016 0.01152707 0.01507246 0.01886321 0.02788048 0.03236635 0.03514773 0.04371158 0.03076061 0.0349394 0.03055413 0.03443559 0.01979872 0.01747305 0.01516221 0.01271914 0.0009999999 
0.06784374 0.03731762 0.02346676 0.01422004 0.01512956 0.01426308 0.01330786 0.0161897 0.01659832 0.01753948 0.01374622 0.008926729 0.01215982 0.01004687 0.009394177 0.01252112 0.01521639 0.01102049 0.01061464 0.00820017 0.004931512 0.005638059 0.007754593 0.01109129 0.01522029 0.01363008 0.003000773 0.002666305 0.006678401 0.0506914 0.02078256 0.007958477 0.01003993 0.009676456 0.005038269 0.04003968 0.2711114 0.008111608 0.006181487 0.009178202 0.01191418 0.01581433 0.02046035 0.03302759 0.03768484 0.04901937 0.04159551 0.03788514 0.03790144 0.0491116 0.03261071 0.01466667 0.007916667 0.005458334 0.006541667 0.005791666 
0.08193897 0.04905192 0.02156914 0.02036944 0.01508853 0.0133296 0.01152476 0.01634559 0.01609435 0.01795392 0.01528547 0.01213189 0.009980896 0.01187843 0.009625705 0.015321 0.0149302 0.01296179 0.008289671 0.0055823 0.004949923 0.005138962 0.005509727 0.006009056 0.006976726 0.006604092 0.002187273 0.001822138 0.001746573 0.001637526 0.001471006 0.005064556 0.00445058 0.005624881 0.003866175 0.006378317 0.007011104 0.007644524 0.006425942 0.009078273 0.01243274 0.01655956 0.02169718 0.03441221 0.04070959 0.06670158 0.0451738 0.04424654 0.05325031 0.04387554 0.05289431 0.02120833 0.01133333 0.01004167 0.01020833 0.007791666 
0.08006946 0.03818287 0.01624741 0.01715776 0.01620718 0.01836258 0.01249957 0.01237628 0.01424942 0.0173663 0.01728227 0.01615421 0.01508666 0.01225332 0.01127456 0.0107574 0.01255791 0.0146643 0.008398629 0.00674711 0.007596605 0.006719868 0.006101528 0.001829821 0.001948153 0.001821476 0.001678125 0.001986633 0.001162574 0.00105888 0.0009793227 0.003425863 0.003107542 0.003002596 0.0031274 0.004355015 0.004568866 0.008034809 0.009166225 0.01228796 0.01673255 0.01778517 0.02279361 0.03627902 0.04350455 0.0490693 0.04920889 0.0472404 0.05463234 0.0485961 0.04888926 0.01875 0.02408333 0.01908333 0.01141667 0.008708333 
0.04696818 0.02720802 0.01509885 0.0124202 0.01100423 0.01216315 0.01062524 0.01199671 0.01419808 0.0167934 0.02071112 0.02643784 0.01502545 0.0125687 0.01967136 0.01618062 0.01564845 0.01640316 0.0139381 0.004951529 0.005002421 0.004998039 0.005003473 0.001764445 0.00176073 0.001678692 0.01165057 0.0116979 0.001788816 0.0008809922 0.000829034 0.0029298 0.002701189 0.002736415 0.003019422 0.004312366 0.004751834 0.006304884 0.008511396 0.01230414 0.01807004 0.01955931 0.02440444 0.03815477 0.04444654 0.04825047 0.04812918 0.06296367 0.05887178 0.04735679 0.04814479 0.01304167 0.02175 0.006166667 0.00825 0.005 
0.02432287 0.01645093 0.01404985 0.01096385 0.01047557 0.01000957 0.0102575 0.01154673 0.01339858 0.01811877 0.02415743 0.02202182 0.02157642 0.01785696 0.01945651 0.01561664 0.01444595 0.01565058 0.01340073 0.01014628 0.01236265 0.008318213 0.008750587 0.002515163 0.006610111 0.0100127 0.02870574 0.002667589 0.001566316 0.001040539 0.0007402455 0.002845898 0.002075051 0.00195405 0.002295745 0.004295273 0.00497308 0.007711784 0.01094146 0.01616932 0.02019924 0.02525366 0.03043747 0.03812971 0.0535947 0.05546854 0.0449406 0.009291667 0.02141667 0.005625 0.008375 0.01133333 0.01095833 0.003333333 0.006083333 0.001375 
0.01819228 0.01429546 0.01260977 0.01195751 0.009998405 0.009148779 0.01039797 0.01112557 0.01085938 0.01655646 0.03178038 0.02280875 0.0165889 0.01142702 0.01428176 0.0130208 0.01678939 0.01536446 0.01327589 0.0221565 0.01776275 0.006795369 0.007916331 0.009436605 0.002507881 0.002373917 0.001417268 0.0009728521 0.0008145373 0.0008592197 0.0006265413 0.002468862 0.00150044 0.0017384 0.002639237 0.005921903 0.005767243 0.007793134 0.01079358 0.01791371 0.02271638 0.02737262 0.03220846 0.03854586 0.05461073 0.05293876 0.04650801 0.006791666 0.01083333 0.007458333 0.021125 0.01045833 0.003875 0.001208333 0.006624999 0.003041667 
0.0319369 0.01600053 0.01324134 0.01285589 0.009678383 0.009246549 0.01135775 0.01079566 0.01004463 0.01066139 0.01595439 0.01543491 0.01348423 0.01607001 0.01542913 0.01516877 0.01304576 0.01083028 0.01736655 0.02440348 0.01324681 0.005647241 0.005179561 0.002403301 0.002352139 0.0009610506 0.0007914715 0.0005000894 0.0003578159 0.0004945098 0.0002918844 0.001198953 0.001223274 0.00150541 0.002281533 0.004540278 0.005640447 0.007772128 0.0110473 0.01798759 0.02289824 0.02736219 0.03181193 0.03783762 0.0420072 0.05268465 0.04500522 0.007416666 0.01954167 0.013625 0.03079167 0.00575 0.003291667 0.006 0.007916667 0.003291667 
0.0396262 0.02199074 0.02252209 0.01184398 0.01056176 0.009662835 0.009745183 0.01010367 0.009402249 0.009965502 0.009025519 0.01054031 0.01166569 0.01106757 0.01491541 0.02326885 0.01197207 0.01396437 0.02093578 0.02375448 0.01375295 0.007149293 0.01439589 0.003200358 0.001438309 0.0008984573 0.0007273915 0.0004464616 0.0003049812 0.000232023 0.0002366207 0.0009681564 0.0009872215 0.001261912 0.002144593 0.004142857 0.005144583 0.007220868 0.01017264 0.01671877 0.02090209 0.02526046 0.02923346 0.0347191 0.03897457 0.05169686 0.04305218 0.005458333 0.01008333 0.01066667 0.015625 0.003625 0.001875 0.006333333 0.002875 0.003916666 
0.04311308 0.02324993 0.02215118 0.01364555 0.01033514 0.00916738 0.009118488 0.01395409 0.0136302 0.01299006 0.01047799 0.009716272 0.01041547 0.01234376 0.01899241 0.03471204 0.02580123 0.02236274 0.03084167 0.03634849 0.02300343 0.01487387 0.01556189 0.007226631 0.003731444 0.003130225 0.002622213 0.001266847 0.0005998853 0.0004227725 0.0004633913 0.0006639633 0.0006782932 0.0009398506 0.002045266 0.003404687 0.004232916 0.005827828 0.007970564 0.01569261 0.01979586 0.02347113 0.02967979 0.03065628 0.03370931 0.03548455 0.03119844 0.0002916667 0.006 0.004708333 0.003416666 0.001541667 0 0.0004166666 0.0007916667 0.003625 
0.04577116 0.0218345 0.01185458 0.01255752 0.01326838 0.0108404 0.01030364 0.01667348 0.02177911 0.01797114 0.00947113 0.01004138 0.01207309 0.01524484 0.01525963 0.02271515 0.02352857 0.01884545 0.01633677 0.02698932 0.01573378 0.009860254 0.01171589 0.00417054 0.003497306 0.002838535 0.002209469 0.0008191037 0.000466896 0.0002878736 0.0002923532 0.0004502448 0.000457833 0.001023656 0.002127149 0.003662219 0.00450137 0.00598181 0.007769544 0.02169381 0.01773751 0.02257765 0.02505894 0.02790814 0.0307471 0.03266291 0.03041721 0.004125 0.0004166666 0.002833333 0.0005833333 0.002291667 0.002041667 0.0004166666 0.00375 0.003875 
0.02344604 0.01631798 0.01406985 0.0105178 0.009929337 0.009575451 0.008987377 0.01279003 0.01761117 0.02107505 0.01168573 0.008171083 0.01020527 0.008765978 0.01102377 0.01669976 0.01846961 0.01960471 0.01599229 0.01095615 0.01956696 0.01891991 0.01290824 0.003883431 0.003178074 0.00251828 0.001928696 0.0006900468 0.000362389 0.0001964196 0.0001995622 0.0003071847 0.00033364 0.00119679 0.002224126 0.003800746 0.00456123 0.00634894 0.007731277 0.01327286 0.02232585 0.01910637 0.02203443 0.02448852 0.03129216 0.02809005 0.02207071 0.003458333 0.009416666 0.002875 0.005958333 0.003541667 0.002916666 0.002125 0.002291667 0.004833333 
