ncols         56
nrows         54
xllcorner     28.264
yllcorner     -5.7719999999999
cellsize      0.25
NODATA_value  -9999
0.1015737 0.1030983 0.1084153 0.06893753 0.05164508 0.07899214 0.07187336 0.03606793 0.02571735 0.02168321 0.02103802 0.02730218 0.04120755 0.04223433 0.04290907 0.03821126 0.04047173 0.03799371 0.02891453 0.02205229 0.02226825 0.02000104 0.01981038 0.05114031 0.05874186 0.03978538 0.04254872 0.0313633 0.02189198 0.01474615 0.01616499 0.01497949 0.01198658 0.01839815 0.01341199 0.01027048 0.006750064 0.008387177 0.01085502 0.0009283221 0.001031548 0.001214842 0.0009513694 0.005177974 0.01277892 0.006541145 0.003236688 0.008223737 0.01209577 0.02502949 0.02200393 0.02262302 0.01575194 0.00723644 0.004779944 0.007185484 
0.1069371 0.1058853 0.07053527 0.06158845 0.05100043 0.05092349 0.05995357 0.04414339 0.02364876 0.02179235 0.02029899 0.02095448 0.01646473 0.03055661 0.02771829 0.02408766 0.03721847 0.03839971 0.02741926 0.01776163 0.01416843 0.01913679 0.02142503 0.05545429 0.07590155 0.03788534 0.02948909 0.04393021 0.03610405 0.02261928 0.01572547 0.02410446 0.01517907 0.01632534 0.0185888 0.01351211 0.008785099 0.00519366 0.005768473 0.0009276129 0.002545892 0.0009510274 0.0003929611 0.004586609 0.007522661 0.005095155 0.004782136 0.01073707 0.02230162 0.01750905 0.01789001 0.01426465 0.01033116 0.01113431 0.006052387 0.004129032 
0.09893923 0.0890427 0.07641479 0.07168906 0.07085991 0.03071344 0.03377826 0.01941788 0.0250978 0.02151763 0.01824379 0.01876229 0.01191402 0.0295516 0.04524976 0.01518771 0.02370918 0.02617925 0.01704174 0.00992729 0.009601342 0.01326632 0.02327293 0.05620266 0.05669087 0.02868308 0.02679005 0.03331193 0.02700701 0.02663828 0.01899536 0.02390099 0.03223852 0.02140638 0.02576637 0.021472 0.02634493 0.01815846 0.006677781 0.007564095 0.01323503 0.01158844 0.010509 0.005263285 0.003252409 0.003066868 0.004404382 0.01202782 0.02033051 0.02174278 0.01517505 0.006137619 0.00198695 0.005692184 0.0032718 0.005983872 
0.1119755 0.08534669 0.07970517 0.09133799 0.07207371 0.04120892 0.04348141 0.02686502 0.02871214 0.02521994 0.01974641 0.01833025 0.006831763 0.0125193 0.01588901 0.02064583 0.02322083 0.01986785 0.0156133 0.008349839 0.01050769 0.01418976 0.03047998 0.0592264 0.0483102 0.02543677 0.01888796 0.02724304 0.03202022 0.02693719 0.02060144 0.02813262 0.0410582 0.04535991 0.04265361 0.0276663 0.03292185 0.01410942 0.01139474 0.01235996 0.02859132 0.03698476 0.03650237 0.02202489 0.01372498 0.003901499 0.01202472 0.02554182 0.02173466 0.02742962 0.01996667 0.01167536 0.005035162 0.008763945 0.007981069 0.00312096 
0.1124484 0.1026755 0.0856953 0.08827929 0.08813738 0.0449428 0.01863175 0.02602719 0.03521695 0.02867706 0.02253725 0.01672837 0.006650037 0.006991798 0.0240725 0.02279053 0.02117942 0.03927908 0.01283991 0.008340339 0.0150688 0.01736335 0.02662984 0.04234517 0.04713519 0.03841095 0.03286549 0.0232498 0.02619673 0.0277907 0.04598183 0.04771097 0.03611989 0.03372957 0.02165287 0.03400623 0.02903617 0.01161349 0.003247625 0.01226354 0.03357806 0.04878001 0.05417987 0.03703689 0.03014171 0.01691762 0.01970493 0.03038499 0.0296275 0.03123744 0.01919755 0.02083303 0.01420048 0.007098884 0.003147418 0.001308586 
0.1302194 0.1204103 0.1068928 0.07462331 0.0562961 0.04358774 0.0259452 0.02620075 0.02772015 0.02421023 0.02470009 0.01238511 0.008413367 0.007513555 0.01536938 0.01436836 0.01537542 0.01457477 0.007995648 0.01042677 0.01119857 0.02890495 0.0317103 0.01689533 0.02697845 0.01866926 0.01300741 0.02123538 0.01932714 0.0416285 0.05970461 0.0511847 0.03282231 0.0240431 0.02274356 0.03443379 0.02633214 0.01340583 0.009192065 0.01651722 0.04100179 0.02302707 0.03933129 0.0278932 0.03259742 0.02153851 0.01078458 0.01742397 0.02051808 0.03066268 0.02240287 0.02268755 0.01775497 0.004695667 0.001578754 0.001230669 
0.1162482 0.1331359 0.07958845 0.05517364 0.04824714 0.04575371 0.03611217 0.02167248 0.02360294 0.03143985 0.02315727 0.01565128 0.01962254 0.02225678 0.01575236 0.01651163 0.01389967 0.01090059 0.01342665 0.02706102 0.04014463 0.04116863 0.01848819 0.02390934 0.01663406 0.0108467 0.008555313 0.01766269 0.01963969 0.0284266 0.03081241 0.06337699 0.03541619 0.03680729 0.01584397 0.02077938 0.01702083 0.02629901 0.01855097 0.03068326 0.02754753 0.02329634 0.02811389 0.02050429 0.02430077 0.04022864 0.03287245 0.04556823 0.04147212 0.04221612 0.029148 0.03178727 0.02048189 0.00609432 0.0007379295 0.003580324 
0.08170098 0.07385277 0.0638214 0.05111387 0.04919924 0.04035232 0.04244092 0.02747511 0.02650769 0.03046564 0.03140605 0.04303981 0.02865812 0.02443133 0.01067968 0.01170056 0.0139313 0.01248573 0.02599697 0.03648736 0.04159548 0.04507947 0.02949539 0.02549925 0.01343541 0.01397753 0.01131729 0.009487235 0.01355527 0.02077577 0.0297 0.03841206 0.03078109 0.0270795 0.01321928 0.01158882 0.0175311 0.02309442 0.02453738 0.01954067 0.01852392 0.02584182 0.01866918 0.01792482 0.02326456 0.03053055 0.04129528 0.07229399 0.07075214 0.06042103 0.06038412 0.02908218 0.01377004 0.01259133 0.00462074 0.006638616 
0.0775629 0.06245267 0.07542983 0.05414314 0.0361626 0.03216222 0.04764735 0.04294933 0.03726228 0.03009848 0.01890379 0.02433424 0.03341294 0.0172627 0.006437302 0.01675576 0.02707932 0.02938251 0.02834695 0.03010988 0.03635444 0.04811205 0.05899084 0.03033241 0.01041406 0.00797757 0.01151569 0.01444333 0.01785697 0.01988 0.01947452 0.02649829 0.02318458 0.02451227 0.01848433 0.01862472 0.01803828 0.02799116 0.03441915 0.02358128 0.0159868 0.0121496 0.0152687 0.01836082 0.02131355 0.03069511 0.0219729 0.04310142 0.06641684 0.06063872 0.0426699 0.02379372 0.02097836 0.01401875 0.01121662 0.003485577 
0.07808731 0.0473039 0.0581539 0.06328723 0.05382361 0.02800689 0.04584164 0.03821865 0.03690488 0.0419325 0.02624644 0.03279054 0.0556099 0.02953732 0.007429799 0.01698306 0.0247886 0.02759601 0.03034847 0.02797602 0.02661461 0.03199404 0.03602071 0.01412006 0.008151766 0.01882537 0.01331623 0.01052899 0.01278827 0.01237199 0.01401059 0.01462973 0.02128312 0.02318059 0.01972692 0.01918054 0.01598885 0.01661722 0.02295469 0.02277781 0.0294554 0.01421187 0.01358597 0.03721068 0.05446434 0.06296434 0.0464673 0.06451891 0.06353699 0.05361869 0.04441836 0.0210011 0.007492511 7.367141e-005 6.778137e-005 6.370189e-005 
0.06874944 0.04892932 0.06800542 0.04958682 0.04130535 0.05131708 0.04364945 0.04901175 0.05064095 0.04753506 0.04665448 0.05148632 0.04516641 0.02724865 0.01377282 0.01844992 0.01954937 0.019521 0.01917065 0.02796543 0.02258092 0.02164007 0.0259903 0.01820567 0.006584008 0.009771731 0.01371622 0.01569322 0.01443433 0.00727454 0.01284347 0.009340804 0.02146463 0.02452422 0.02939658 0.02861496 0.01746267 0.02353637 0.0244046 0.02203941 0.01669369 0.02112864 0.03322429 0.05697757 0.05158107 0.06309051 0.05494425 0.07121433 0.07399696 0.04513124 0.02541899 0.02083881 0.00974769 7.782708e-005 7.013365e-005 6.423136e-005 
0.09347972 0.05966999 0.06536582 0.06100687 0.04287346 0.06060377 0.0850039 0.07739337 0.06930815 0.05413061 0.05995446 0.06692813 0.06571007 0.04661521 0.0175548 0.01680767 0.02460866 0.02514333 0.01003828 0.018918 0.02273392 0.01708215 0.01837858 0.01210464 0.002769759 0.005287066 0.008215124 0.006834946 0.006312434 0.003213409 0.005227863 0.02401433 0.04714365 0.02633933 0.02468337 0.03203461 0.03832346 0.02772585 0.0326317 0.01465469 0.02262636 0.01598115 0.02996573 0.05445422 0.04551899 0.03842949 0.01615572 0.01796018 0.01951315 0.01744286 0.01732869 0.005095009 0.001234855 0.001072891 0.002205574 0.002835179 
0.08078825 0.06790625 0.06132498 0.06027054 0.04880723 0.06388118 0.1046817 0.06960378 0.07801183 0.05726985 0.06088241 0.06230691 0.06096629 0.04577745 0.02992933 0.03387845 0.03321777 0.06868069 0.02626132 0.02493058 0.01752987 0.01231538 0.007417984 0.001224132 0.0009437603 0.005761531 0.004862983 0.004058385 0.005929522 0.005834666 0.003231915 0.0192285 0.02517042 0.01755197 0.01151001 0.04389121 0.05180578 0.02104977 0.01193361 0.01940334 0.01409037 0.01073024 0.01774684 0.0331404 0.04013166 0.04618035 0.04084281 0.02193948 0.01297984 0.01252039 0.009265109 0.003048991 0.00298611 0.00112174 0.009110039 0.008582016 
0.09148026 0.08063181 0.08550457 0.08375947 0.06812046 0.05189652 0.07293714 0.05626158 0.05432322 0.05159193 0.05225284 0.04476209 0.0513136 0.0556883 0.04908541 0.06269401 0.04815335 0.03869131 0.02368466 0.02004343 0.01224187 0.009175218 0.004841043 0.00209548 0.002301845 0.001587967 0.002859982 0.0005758018 0.0008292578 0.003040307 0.0003226262 0.01326308 0.02113204 0.01423704 0.01011512 0.02324957 0.05922633 0.03172375 0.009067291 0.02469512 0.01954737 0.008696981 0.02983278 0.02177908 0.04264389 0.06346039 0.07943023 0.06607609 0.02448315 0.008392925 0.009922344 0.001865002 0.003335799 0.003979323 0.005105153 0.003200393 
0.1366382 0.1102138 0.08615389 0.1138625 0.12894 0.1261489 0.1058646 0.05343213 0.05487628 0.05161256 0.04640641 0.03967454 0.04343405 0.03643735 0.03901 0.05641325 0.05140261 0.06262432 0.03658524 0.01463627 0.01249789 0.006840369 0.004503188 0.001959024 0.003712849 0.002710965 0.001133224 0.001145617 6.945091e-005 0.0006139469 0.0003064629 0.01436277 0.01008595 0.0109671 0.009242184 0.008472621 0.01336932 0.02605488 0.01871661 0.01681311 0.01508546 0.01419446 0.02884885 0.03856876 0.0480734 0.05496287 0.06339855 0.04909485 0.01593733 0.01021863 0.008277046 0.007773881 0.003716979 0.001704268 0.001479222 0.001093676 
0.1412042 0.1437909 0.1308711 0.1155199 0.0989916 0.07068364 0.06635577 0.0629013 0.05473075 0.04680034 0.03214917 0.03467287 0.02967731 0.03454929 0.03972808 0.04903815 0.03971016 0.05694642 0.05262852 0.02221004 0.007027875 0.005949202 0.00793241 0.001765987 0.001820387 0.003643781 0.002265397 0.001163317 1.477769e-005 0.0005273573 0.0001705737 0.003519301 0.01186098 0.006122859 0.008947573 0.008728163 0.01054634 0.009152914 0.0178278 0.01807436 0.01004046 0.01164283 0.01132561 0.003550278 0.0100516 0.01701245 0.01460201 0.01890849 0.02113954 0.0171325 0.006102851 0.01020685 0.004412027 0.002045784 0.001781028 0.001411079 
0.1224841 0.1482765 0.1429466 0.180925 0.1686566 0.0498575 0.07267387 0.1126005 0.0570381 0.03906046 0.05024832 0.0550754 0.03667963 0.03463962 0.0457639 0.06016246 0.03621901 0.03853409 0.03985265 0.0280986 0.01489299 0.008614975 0.002442686 0.004674517 0.005760889 0.003586453 0.0009333363 0.0008986779 2.074757e-005 9.104027e-005 0.0001934599 0.003910156 0.0071386 0.006674342 0.009705001 0.01161392 0.01366759 0.01454908 0.009275372 0.008781655 0.007968049 0.008852419 0.008434423 0.003990926 0.01225917 0.009375524 0.007022254 0.01047698 0.01034206 0.008548657 0.006303574 0.003190819 0.00276552 0.005643473 0.01494279 0.003559767 
0.1541199 0.1413236 0.1465849 0.1661536 0.09884423 0.05428324 0.05562223 0.08423413 0.06106618 0.04983962 0.05717842 0.06445982 0.04121672 0.04318629 0.06617129 0.07120215 0.06816775 0.06418911 0.04824244 0.04624964 0.03455597 0.07433316 0.007357017 0.003643305 0.002962873 0.00138446 0.0006941402 0.0008230633 8.749354e-005 0.0001374107 0.0002646997 0.004810792 0.006626712 0.007764074 0.009348037 0.009987788 0.01086637 0.01501722 0.01236025 0.01062006 0.009799127 0.009145369 0.01420846 0.008140638 0.005125007 0.00462114 0.007710722 0.0157082 0.01223455 0.008791074 0.007900608 0.004097841 0.01313073 0.02416211 0.0263571 0.01400029 
0.1674701 0.1463264 0.1425542 0.1356525 0.1143673 0.08606949 0.06050042 0.06233445 0.07420727 0.06031305 0.04476307 0.04386463 0.0293782 0.03227685 0.0438434 0.06125983 0.06551667 0.07025278 0.06098479 0.07007721 0.07371725 0.04389288 0.01405676 0.004275729 0.003118512 0.001658564 0.001454075 0.0002583091 0.0009242584 0.0005216693 0.0003827302 0.006220986 0.007644706 0.01097975 0.01120046 0.009936216 0.01130442 0.01168493 0.01116337 0.01321935 0.0124313 0.01178971 0.01126076 0.01023523 0.006218879 0.009768036 0.006284509 0.01128206 0.01325684 0.01124708 0.01280118 0.01014374 0.02453545 0.02679138 0.01838019 0.005088114 
0.290442 0.1741305 0.1264195 0.2467663 0.1198634 0.1455843 0.06500299 0.06130711 0.07345735 0.05567847 0.03210629 0.03516247 0.05240147 0.04319022 0.04144917 0.05345711 0.06632035 0.07984503 0.1177801 0.1147508 0.1409764 0.0865619 0.0228036 0.01203851 0.008977639 0.006918336 0.008960804 0.004226957 0.003743426 0.004159542 0.004839063 0.008116458 0.01124542 0.01069303 0.01292919 0.01061425 0.01202613 0.01253264 0.01206926 0.01562382 0.01495097 0.01420485 0.02010384 0.01407631 0.0141479 0.01336852 0.01495885 0.02120578 0.02504565 0.02429642 0.02725003 0.0212206 0.03000897 0.02888996 0.01226683 0.006549133 
0.33286 0.1813762 0.1152054 0.1268176 0.1366129 0.1096173 0.08729353 0.1120086 0.05658505 0.05516011 0.03151765 0.03876184 0.0723609 0.04133135 0.03960154 0.03790167 0.04244149 0.06796278 0.14269 0.1656912 0.1634186 0.06275583 0.03245771 0.02168896 0.01288882 0.008700216 0.007788382 0.005255327 0.005176598 0.00920133 0.009066187 0.008905625 0.01029729 0.01254769 0.01469832 0.01202978 0.01365461 0.01428062 0.01385316 0.01804405 0.01748241 0.01673672 0.02359647 0.01975501 0.01605248 0.01581076 0.02946907 0.03143777 0.02739625 0.02936011 0.03682927 0.03485575 0.02807333 0.02393458 0.01609226 0.02807533 
0.2093857 0.1435627 0.1130764 0.1309492 0.1556737 0.113895 0.0814614 0.08849578 0.06749234 0.04963501 0.0427573 0.03489419 0.03602038 0.05102078 0.04345852 0.0650957 0.07418814 0.101747 0.1190392 0.1659049 0.1197811 0.04522735 0.03965688 0.06763736 0.02683705 0.01641075 0.01068036 0.008149619 0.007749842 0.006864594 0.02310552 0.01383242 0.0145195 0.01731205 0.02093553 0.01708837 0.01924548 0.02081823 0.01886194 0.02457863 0.02528773 0.0256015 0.02130751 0.02410798 0.03314029 0.07880519 0.0282825 0.02681218 0.02647129 0.0304173 0.03899658 0.04091815 0.03353758 0.03088817 0.01704133 0.02941155 
0.2096467 0.1696757 0.152943 0.138476 0.2046577 0.143418 0.07957754 0.07240183 0.05938551 0.04857384 0.0457421 0.02481221 0.0201816 0.0399663 0.03865722 0.05028168 0.06278018 0.1134485 0.09199177 0.09404903 0.0876711 0.06762688 0.06373824 0.05629715 0.04304275 0.02736276 0.01835823 0.01094747 0.01377073 0.009499429 0.01201081 0.01860524 0.02167805 0.02589466 0.0320414 0.02559088 0.02734453 0.02835784 0.02709158 0.03516465 0.03481223 0.03889972 0.03311183 0.03620493 0.05374285 0.1107159 0.03101329 0.03643973 0.03330966 0.0317408 0.0313764 0.03618624 0.02821695 0.04212512 0.02280894 0.01917659 
0.2040043 0.2159721 0.1864603 0.1706319 0.1276511 0.08463039 0.07849523 0.06365558 0.04156521 0.03490499 0.03693673 0.03677518 0.02662999 0.05017647 0.06951766 0.05921308 0.05996512 0.05279367 0.06415473 0.1101143 0.08910306 0.08048034 0.07636549 0.05303378 0.04255726 0.03715009 0.02565416 0.02022732 0.02330238 0.01808929 0.02128755 0.0378502 0.04396862 0.05139425 0.05904097 0.05805911 0.06418861 0.06571595 0.06343741 0.05830029 0.05725998 0.05879236 0.05605938 0.03860911 0.03726577 0.05365065 0.06093461 0.04220285 0.05240666 0.03677792 0.03812223 0.08077039 0.05482646 0.034338 0.05540527 0.04416664 
0.1666012 0.1449557 0.1747636 0.1396915 0.125797 0.08765919 0.04907935 0.04539775 0.03373212 0.01847884 0.02214527 0.03916258 0.0464887 0.06047028 0.06326365 0.05589975 0.04001105 0.05467456 0.0779389 0.09438682 0.08261582 0.09456941 0.1008974 0.06131957 0.06709243 0.04429306 0.03004557 0.02706937 0.03693792 0.03207491 0.02736166 0.04443715 0.05551228 0.06694893 0.0735172 0.07144275 0.0815146 0.08365496 0.08191691 0.0751023 0.07646301 0.06972342 0.06427111 0.04710383 0.04512703 0.04351246 0.04281001 0.07694161 0.08084907 0.06413127 0.06198886 0.1253027 0.1123781 0.09490537 0.1158233 0.1557574 
0.1738655 0.127958 0.1300693 0.14322 0.1030157 0.06738136 0.03561624 0.0265074 0.02163036 0.01745136 0.03323986 0.07931238 0.09974166 0.07377982 0.07952317 0.06139311 0.04829462 0.03964189 0.05418291 0.07870154 0.06857456 0.07927998 0.1266245 0.09299453 0.06524729 0.0454067 0.03391198 0.02810244 0.05375902 0.0689527 0.04061468 0.06218264 0.06999163 0.08974692 0.09235638 0.08953129 0.1074527 0.1155629 0.1040171 0.09978092 0.1129465 0.0929073 0.07877119 0.05717304 0.05247245 0.05541355 0.08471047 0.1276711 0.0771876 0.1135989 0.1074127 0.09336995 0.1047324 0.062992 0.09527458 0.1196224 
0.1397959 0.1168279 0.09932053 0.1201066 0.08162245 0.06434207 0.02912723 0.02872717 0.02111514 0.02737677 0.04230427 0.0865219 0.09933135 0.08504243 0.08620071 0.06679272 0.06735532 0.047335 0.04736743 0.07906817 0.09332141 0.09359539 0.1263289 0.08656462 0.08997227 0.0640175 0.05020605 0.05775611 0.06575169 0.07963084 0.05554402 0.08554813 0.09955426 0.1189477 0.1273244 0.1295138 0.1358673 0.1503544 0.1324343 0.1180326 0.1194897 0.1085387 0.09508096 0.07207584 0.06548513 0.06549619 0.08227427 0.1331531 0.1528107 0.1458339 0.1631791 0.1199138 0.08896425 0.07467478 0.1217744 0.08614756 
0.1522896 0.1130344 0.1025733 0.1333912 0.07855623 0.0357401 0.02717288 0.03173029 0.03718398 0.06365929 0.06236941 0.08999693 0.08837567 0.08620968 0.06946608 0.07297571 0.07596729 0.06642158 0.06698122 0.1085079 0.123243 0.1474488 0.1330691 0.09046453 0.09269071 0.08122414 0.07089089 0.05478922 0.0467607 0.0540911 0.07160034 0.1128439 0.1354192 0.1703771 0.1922856 0.2098535 0.2437207 0.2570869 0.2423167 0.1910675 0.1810014 0.1789729 0.1540802 0.090002 0.08063029 0.0738188 0.07410939 0.126536 0.1662203 0.1375962 0.1758197 0.1870006 0.1388037 0.1117821 0.0809961 0.07709583 
0.1220003 0.1358192 0.09834793 0.08585197 0.05373839 0.03957626 0.02728728 0.03806672 0.04673926 0.06893192 0.05585985 0.07273766 0.0917263 0.06896848 0.05903381 0.04993988 0.07741038 0.09807048 0.1090134 0.1303103 0.1182413 0.1322303 0.1328069 0.1166836 0.1189704 0.1254929 0.09503721 0.06232783 0.04892366 0.0660582 0.09126499 0.1329366 0.1621873 0.1943575 0.2192159 0.2544753 0.2806996 0.289351 0.2750098 0.2206025 0.2150871 0.1910641 0.1787564 0.106392 0.08742175 0.1248693 0.1385717 0.1234775 0.1552341 0.148481 0.1376549 0.1677552 0.1246638 0.1172357 0.08774586 0.09885187 
0.1790482 0.1562058 0.08687359 0.07880703 0.05414382 0.03675721 0.02824049 0.03266722 0.04953688 0.05517326 0.05957242 0.06824622 0.08921539 0.0905106 0.07216484 0.07062197 0.0770949 0.09469943 0.09926887 0.1028835 0.1021108 0.1125769 0.1257265 0.1470943 0.1289346 0.1404938 0.1659648 0.08955006 0.06297441 0.07433334 0.09815001 0.1401535 0.1597012 0.1832522 0.23067 0.2727302 0.314635 0.3654696 0.3764423 0.2495571 0.2453803 0.2414775 0.2170978 0.1100995 0.1258934 0.1183626 0.132448 0.1215097 0.2811733 0.3304336 0.2192476 0.1502459 0.1342787 0.1337915 0.1161223 0.1320906 
0.2159537 0.2026904 0.1124257 0.08371691 0.04565655 0.02193568 0.02515245 0.04228602 0.06449806 0.0529132 0.05900313 0.06647094 0.07950483 0.07513207 0.068636 0.05581218 0.05241968 0.08625916 0.0561629 0.08584373 0.09740853 0.0933397 0.1305214 0.1379646 0.1416826 0.1214496 0.1346874 0.1226165 0.08053449 0.08131947 0.1032864 0.1392083 0.16248 0.17934 0.2144805 0.2653087 0.3565896 0.4023011 0.3942432 0.2752795 0.2527565 0.2409774 0.1958274 0.1349634 0.1343188 0.1378251 0.1182492 0.09693974 0.164448 0.3028657 0.2756193 0.2103128 0.1607831 0.1255365 0.1175825 0.122397 
0.1945704 0.1733382 0.1105063 0.06554491 0.03662343 0.02285805 0.03055308 0.06500987 0.07648006 0.07587834 0.05544936 0.0483561 0.04908336 0.05131044 0.04494642 0.04745789 0.04504679 0.06998524 0.07978212 0.09061401 0.08663291 0.08290658 0.09289891 0.114865 0.1371687 0.1286332 0.1527215 0.1389543 0.1228245 0.1151093 0.1275475 0.1418522 0.1614958 0.1835291 0.2129239 0.263532 0.3679218 0.3473523 0.3369037 0.2521742 0.2585139 0.2417493 0.2346156 0.1542055 0.1221346 0.1183801 0.144009 0.1969072 0.1695576 0.2382178 0.3125245 0.3115709 0.1862312 0.1248543 0.1134983 0.1322058 
0.1579863 0.1302421 0.08243889 0.04957307 0.05415616 0.02660259 0.03742029 0.07015786 0.05733751 0.06686985 0.04548283 0.04457787 0.03829577 0.04347022 0.04585962 0.037747 0.06096138 0.07067504 0.06772593 0.07121423 0.07667924 0.08278047 0.0943241 0.12051 0.1382469 0.1256198 0.1471339 0.1561906 0.1541556 0.133087 0.1353652 0.1428402 0.1563488 0.1961472 0.1997212 0.2452709 0.2720793 0.3063391 0.2952128 0.2482216 0.224557 0.1848282 0.1652336 0.0974562 0.08077769 0.07825737 0.1407171 0.2475259 0.2120617 0.276194 0.3206718 0.2617331 0.1730851 0.161214 0.146487 0.1167069 
0.146389 0.1119001 0.06066609 0.0507362 0.0375538 0.03116031 0.05743798 0.07192136 0.06319299 0.0373733 0.02723246 0.03897667 0.04706589 0.03285179 0.04584463 0.04788512 0.0440778 0.0692201 0.07128424 0.07209461 0.07644594 0.07270506 0.07651458 0.1059336 0.1414157 0.1500773 0.162579 0.132567 0.1443784 0.1421487 0.1384503 0.1304419 0.1716909 0.1751834 0.1877607 0.2066755 0.2325828 0.2623149 0.2410568 0.2039848 0.1776057 0.1540344 0.1366278 0.07774823 0.07050666 0.07074363 0.09549513 0.09885579 0.1212143 0.154903 0.1828929 0.1907509 0.1841463 0.1563631 0.1321877 0.06501175 
0.2076485 0.1066057 0.06002287 0.05002292 0.03821667 0.04846757 0.05947132 0.07144304 0.04210018 0.02082941 0.02081855 0.02566609 0.03133129 0.04557341 0.05205307 0.04869152 0.06576148 0.07638743 0.06455753 0.06048999 0.06964477 0.06428824 0.08910559 0.102698 0.1414654 0.1429 0.1501022 0.1083577 0.1022388 0.1169735 0.1295866 0.1169648 0.1428323 0.1337409 0.1435668 0.1692984 0.2070471 0.1951643 0.1835175 0.163619 0.1392891 0.1373125 0.1199492 0.07802278 0.07494666 0.08991671 0.09622195 0.1205489 0.09506396 0.1142225 0.1315095 0.2201446 0.1807305 0.1364917 0.09335045 0.06677236 
0.1790737 0.1182654 0.08706442 0.08536782 0.06983543 0.05736369 0.04384502 0.06603281 0.03163476 0.01781042 0.03173899 0.05519845 0.04529998 0.04273726 0.0421738 0.05171218 0.07789228 0.07062612 0.0525142 0.04407451 0.03916593 0.04053797 0.04383712 0.07895052 0.1074229 0.1341999 0.1596277 0.087745 0.07264782 0.07615893 0.07974003 0.08931871 0.08478313 0.08727065 0.09435569 0.1078373 0.129294 0.1250542 0.1339238 0.1536962 0.1045531 0.1018377 0.1009423 0.08392622 0.08256958 0.08185406 0.09996784 0.1429814 0.1212597 0.1402375 0.2036775 0.157642 0.1177326 0.1051783 0.08541445 0.04725549 
0.1685525 0.1186048 0.0813968 0.1241883 0.0954982 0.05209507 0.03034352 0.03919279 0.037144 0.03104954 0.03985899 0.06217073 0.04628 0.03125855 0.05998164 0.06483711 0.06538206 0.05020787 0.04449094 0.03942624 0.02199638 0.02742698 0.04033742 0.09693345 0.1288999 0.1402142 0.1414677 0.09483393 0.07009497 0.06427031 0.06862021 0.0747627 0.06816097 0.07825336 0.08835149 0.07884967 0.09661478 0.09442911 0.09782574 0.1175606 0.1126733 0.09726608 0.09047262 0.07666859 0.07640084 0.07994203 0.09072614 0.1252234 0.1606833 0.1655362 0.2009975 0.1762963 0.1400548 0.09438941 0.09391017 0.06857845 
0.1620025 0.1326573 0.07438109 0.06181813 0.04252136 0.04148635 0.03094348 0.0366675 0.03728047 0.03109439 0.0275812 0.05058448 0.06013745 0.03172792 0.04780132 0.0552809 0.06049313 0.03287277 0.03385196 0.03740077 0.02778383 0.02422929 0.04485657 0.1013519 0.1419284 0.1571136 0.1119617 0.08158132 0.07434153 0.06419884 0.06784483 0.05562657 0.04770641 0.06303993 0.06430909 0.06058448 0.07843344 0.08294178 0.0843022 0.07424998 0.06537657 0.06887671 0.07132357 0.08355441 0.09050421 0.085323 0.09681468 0.1573512 0.157786 0.162886 0.1614775 0.1593362 0.1088063 0.097517 0.09648702 0.01653226 
0.1337145 0.08608907 0.05841726 0.02867782 0.04856421 0.04772005 0.03475514 0.04337835 0.04962093 0.04273463 0.03701977 0.04008407 0.06371401 0.04328553 0.04011704 0.02873024 0.02789799 0.02015341 0.02926272 0.02990293 0.01583617 0.02138388 0.07103142 0.07180459 0.118119 0.1336975 0.09341823 0.06943984 0.06082074 0.06791935 0.06156092 0.04325875 0.0425361 0.04432542 0.04662275 0.05194101 0.05193917 0.05947525 0.06098338 0.06168305 0.06379177 0.06466362 0.06868053 0.07451058 0.08096568 0.0937158 0.1216932 0.1552637 0.1647446 0.1756787 0.1704617 0.1905692 0.1159366 0.1060819 0.05749328 0.02133065 
0.1570536 0.09523053 0.05238371 0.05488981 0.06595569 0.05978587 0.03510727 0.04020978 0.04709514 0.05247816 0.03812341 0.03193837 0.04613899 0.0279879 0.03970452 0.02326389 0.02933548 0.02034703 0.03013438 0.03303755 0.02408345 0.02488994 0.05381624 0.09690349 0.1600346 0.1796805 0.10175 0.06824721 0.06252632 0.05298502 0.07837072 0.05230817 0.04831611 0.03792394 0.04002989 0.03857189 0.0407012 0.04424381 0.04861944 0.04331063 0.04902408 0.05228895 0.06419973 0.1057212 0.1161354 0.1195707 0.1531198 0.1291644 0.1929936 0.2226585 0.2323117 0.1554933 0.1533256 0.0987945 0.09120558 0.0208871 
0.1550668 0.08231226 0.05221437 0.05565114 0.06062757 0.05878096 0.04102125 0.03389236 0.03519441 0.05170617 0.03881946 0.03405774 0.03416269 0.0344264 0.03915149 0.04121659 0.02941977 0.02418963 0.03849267 0.02711169 0.03611014 0.03428213 0.05453927 0.1170977 0.1082922 0.1239676 0.0970932 0.06964492 0.05507819 0.04353613 0.04971531 0.04509802 0.03586683 0.03346277 0.03491896 0.03096242 0.03209782 0.03510346 0.04068301 0.04566458 0.05388716 0.05130922 0.0570938 0.08952057 0.122415 0.1254248 0.1475393 0.1732304 0.1430987 0.1595337 0.1495656 0.1501637 0.1060271 0.1158969 0.1038135 0.02153226 
0.1399822 0.09229483 0.05070701 0.05529644 0.05838227 0.04357458 0.03039317 0.03712682 0.04885773 0.03762265 0.03624645 0.03642594 0.05826087 0.04655119 0.02869366 0.03797311 0.03317041 0.03111633 0.03138809 0.03730469 0.02724963 0.08242653 0.08006378 0.1405593 0.09560384 0.1138943 0.1006258 0.1111845 0.09504785 0.03126056 0.02558337 0.02875333 0.02802688 0.02863122 0.02906871 0.02891576 0.02744554 0.02908172 0.03895074 0.03916023 0.04136874 0.04238109 0.055923 0.0896766 0.09902415 0.1238559 0.1406741 0.1705498 0.1724534 0.1517935 0.1745864 0.09886511 0.1121621 0.1209109 0.1152714 0.01423387 
0.1108423 0.06909022 0.0550071 0.05002915 0.07148425 0.04074551 0.03662691 0.07666894 0.07122324 0.04448943 0.03999913 0.05190063 0.06658459 0.05542008 0.05121919 0.05054376 0.02882947 0.03908515 0.05671808 0.09381666 0.0427695 0.04475511 0.0621093 0.09663109 0.1042408 0.09326603 0.07938839 0.06167543 0.05003989 0.05210563 0.04759129 0.02638409 0.02472556 0.02635439 0.02816133 0.06828368 0.09524376 0.02800318 0.02577582 0.02634396 0.03096115 0.03920718 0.05242147 0.08392307 0.1128477 0.1273451 0.1304313 0.1416836 0.1727566 0.1474463 0.1596078 0.1240611 0.1229033 0.1134303 0.1041303 0.01568548 
0.1013028 0.07832876 0.05470537 0.04636301 0.04033045 0.06803296 0.08148882 0.08388264 0.06250761 0.07832933 0.06041687 0.067134 0.06232335 0.0503734 0.06306198 0.05301583 0.03019861 0.02372474 0.03593088 0.04521273 0.03640868 0.05069606 0.05607279 0.1031832 0.1090921 0.1515287 0.1293211 0.1097847 0.09507947 0.1000836 0.06262951 0.01146892 0.0165556 0.01775715 0.01452476 0.0753728 0.2746417 0.04609379 0.0190493 0.02096089 0.03059043 0.03692469 0.04443051 0.07813448 0.105877 0.1384809 0.1416794 0.1975913 0.1534961 0.1610074 0.1377144 0.04983871 0.06181452 0.04850807 0.04685484 0.03112903 
0.1066515 0.07333222 0.05431304 0.05096283 0.05508586 0.07372823 0.07013343 0.083034 0.05967188 0.06016728 0.07864784 0.06430244 0.04531001 0.04368114 0.05793968 0.04828385 0.03544744 0.02507614 0.02450023 0.0250818 0.04246496 0.04687232 0.06980114 0.09891973 0.1148793 0.1182591 0.1244287 0.08932936 0.04974804 0.007065022 0.04207994 0.01273018 0.01133274 0.01236184 0.01401332 0.01142396 0.01436995 0.01534776 0.01821378 0.0206602 0.03368447 0.03646471 0.04696873 0.07160375 0.09472715 0.114644 0.169566 0.1981213 0.1680321 0.1269369 0.1411185 0.05479839 0.0453629 0.03592742 0.0275 0.01798387 
0.1201614 0.09008469 0.06851315 0.05489067 0.05341404 0.07268605 0.0916618 0.09985142 0.09211544 0.07892719 0.07403946 0.05564922 0.05369624 0.05804726 0.04987251 0.05210768 0.03150349 0.01986284 0.01630172 0.0163185 0.03191852 0.03964632 0.04190584 0.04635571 0.06511523 0.0721173 0.09603901 0.06517003 0.04633539 0.0649949 0.1031189 0.01644034 0.008322044 0.0076082 0.009228613 0.01081388 0.0157907 0.01737588 0.02149741 0.03189 0.03600891 0.03970267 0.04838522 0.08191792 0.08531648 0.1134476 0.1552061 0.1610311 0.1484396 0.1244209 0.1375724 0.04137097 0.03794355 0.04467742 0.04637097 0.03165323 
0.1176895 0.08502223 0.05986202 0.0385071 0.03746637 0.06588154 0.08305485 0.09200414 0.09483476 0.07203653 0.06697429 0.0521229 0.05022109 0.05040874 0.0622784 0.05177852 0.03570401 0.01726515 0.01536823 0.01438433 0.0201884 0.02755544 0.01596067 0.01757392 0.02490889 0.03682121 0.03586108 0.03821866 0.03158133 0.07815834 0.09648594 0.01908151 0.01306762 0.01073961 0.0112836 0.01285015 0.01692436 0.01721625 0.01833424 0.02736868 0.03315734 0.04574068 0.04124867 0.06533735 0.0763191 0.1048518 0.1272107 0.1357473 0.1022532 0.1225751 0.132114 0.0432258 0.04814516 0.05379032 0.1114516 0.07532258 
0.118345 0.08358292 0.05380077 0.03710881 0.03521748 0.04619908 0.07121651 0.06412041 0.04429132 0.04123884 0.04766383 0.04837436 0.046473 0.0403577 0.04890268 0.05811556 0.03671547 0.0284535 0.01837095 0.01515213 0.0168061 0.0256004 0.02471608 0.01787097 0.02653547 0.0331306 0.04725067 0.03253838 0.04346143 0.1185851 0.04669623 0.02269835 0.01202582 0.01023707 0.01252037 0.01484673 0.02168358 0.02131933 0.03602166 0.03522505 0.045398 0.04923858 0.05226257 0.08496651 0.09963231 0.141219 0.09358837 0.02092742 0.02391129 0.01596774 0.025 0.03173387 0.02895161 0.05927419 0.07294355 0.07354839 
0.1213743 0.07375108 0.05919522 0.04008055 0.03286499 0.04531315 0.04623017 0.05452588 0.0401053 0.04188317 0.04200484 0.03917037 0.03689291 0.03539314 0.05323153 0.05766002 0.0502129 0.04052725 0.0254343 0.02236246 0.01864254 0.03618385 0.04195842 0.02825156 0.01984389 0.03264881 0.03069218 0.05118906 0.04814475 0.06573939 0.04340658 0.04281599 0.02295672 0.01437726 0.01481591 0.01569021 0.01906092 0.02132313 0.02762084 0.04585285 0.0869623 0.05646022 0.0581897 0.08556858 0.08924116 0.07326006 0.09369677 0.03076613 0.0216129 0.01354839 0.02173387 0.01850806 0.0241129 0.04778226 0.08266129 0.07483871 
0.1047251 0.07507829 0.06124894 0.0561106 0.049672 0.0425693 0.05242852 0.04930644 0.05362769 0.05179646 0.05278871 0.03802378 0.03211679 0.02663787 0.03743587 0.04801973 0.04159191 0.03677586 0.03281958 0.02578284 0.02320945 0.0232891 0.02367513 0.01968242 0.02966979 0.04057268 0.0432376 0.05889057 0.04581257 0.08128742 0.07976069 0.04824369 0.0467657 0.03660088 0.01629149 0.01818804 0.02145698 0.02571836 0.03220377 0.06692154 0.1047289 0.06753987 0.08182981 0.06266992 0.05451387 0.06540392 0.07552582 0.02020161 0.01814516 0.02637097 0.03310483 0.02649193 0.0332258 0.04758064 0.09479837 0.08818548 
0.09142145 0.06644638 0.05193696 0.04864185 0.06475627 0.06235223 0.06038788 0.06016859 0.05252913 0.04031708 0.04014315 0.02968379 0.03408268 0.03218399 0.03324288 0.04489298 0.03968011 0.03294152 0.03921799 0.03672773 0.03335586 0.03120911 0.02456 0.01632448 0.03184362 0.0164796 0.01962905 0.04220378 0.07753877 0.1204803 0.09472923 0.0425647 0.02187529 0.02283809 0.02538378 0.0299776 0.03508289 0.03128378 0.03467146 0.05631716 0.08291085 0.1082998 0.09950589 0.0757076 0.0855304 0.1016999 0.04340339 0.03548387 0.03270161 0.03254032 0.03258064 0.03935483 0.0358871 0.05427419 0.08479838 0.07399194 
0.08775862 0.05194664 0.06492231 0.06922682 0.07316472 0.04894166 0.04226677 0.04659604 0.03687821 0.03137839 0.02988104 0.02859593 0.02998847 0.02484204 0.02691682 0.03223432 0.03088238 0.03123686 0.0281347 0.02668491 0.0324952 0.02931531 0.02866001 0.03352172 0.03103487 0.02853633 0.02584076 0.04712259 0.06908788 0.08822776 0.09063256 0.05563994 0.03204582 0.03499421 0.03784161 0.04891931 0.0402104 0.08548031 0.07288523 0.08002625 0.06228008 0.07983203 0.08374806 0.08648366 0.08857241 0.1118008 0.05095064 0.05354838 0.05673387 0.06036291 0.07516128 0.04633065 0.03483871 0.06435484 0.08052418 0.05310484 
0.07940705 0.05385544 0.05299483 0.0615469 0.06552324 0.04424008 0.05350344 0.07973365 0.05292319 0.04416206 0.02675573 0.02909972 0.02843125 0.02528203 0.02997267 0.0300294 0.03145725 0.0297913 0.0265917 0.02640852 0.02564161 0.03048846 0.02790991 0.028901 0.03008139 0.0351107 0.02822157 0.04537666 0.06182615 0.07540348 0.08222194 0.07443541 0.04841581 0.03871835 0.04341216 0.05764372 0.04400357 0.06332821 0.06626485 0.06829549 0.06673168 0.06977244 0.08774939 0.08166692 0.08750787 0.09589601 0.05354452 0.0316129 0.05572581 0.05145161 0.03891129 0.03854838 0.03931452 0.04520161 0.05790323 0.03366935 
0.06870437 0.05855056 0.05009701 0.05525731 0.04525736 0.03994301 0.04831344 0.04916782 0.04699013 0.04309406 0.03233667 0.0277264 0.02823039 0.02759327 0.03603091 0.04215641 0.02842117 0.02796653 0.02684547 0.03225389 0.03581389 0.02804436 0.02520514 0.02530904 0.03802954 0.03410936 0.02734543 0.03209061 0.05301829 0.06217059 0.08677176 0.1102619 0.04723567 0.04089123 0.03831891 0.03637415 0.03849734 0.07017957 0.05602965 0.08769709 0.07985587 0.07655901 0.08882652 0.09070899 0.07547595 0.07835854 0.04313806 0.0271371 0.035 0.02729839 0.03387097 0.04036291 0.02193548 0.03310483 0.03467742 0.0232258 
