ncols         56
nrows         54
xllcorner     28.264
yllcorner     -5.7719999999999
cellsize      0.25
NODATA_value  -9999
2.918022e-005 0.001032353 0.0004274188 0.0001137753 0.0001417635 0.0001828012 0.0002366703 0.0007324084 5.480587e-005 6.231116e-005 0.0005144794 0.001040672 0.0009709437 0.0008981413 0.0007147897 0.0005596854 0.0009415905 0.0007006936 7.096615e-005 0.000881965 0.003000808 0.004540982 0.00491618 0.01947309 0.02430792 0.03097501 0.02952554 0.0475641 0.03062908 0.02342162 0.01901275 0.01406243 0.02743611 0.03151414 0.03210038 0.01338406 0.01357684 0.009421021 0.003122869 0.0009579535 0.001112894 0.01595665 0.01813804 0.02774175 0.1377388 0.07699388 0.05568818 0.05555368 0.07375663 0.1437421 0.1607109 0.106207 0.07024692 0.07181703 0.02380455 0.0148756 
5.257791e-005 7.299815e-005 0.0001035843 0.0001763269 0.0002156026 0.0002700165 0.0003398975 6.504419e-005 0.0005060772 0.0002541882 9.320039e-005 0.0001065944 0.0006687039 0.00137345 0.001136321 0.001375102 0.001290333 0.0008626952 0.001002827 0.001258841 0.00218042 0.005618743 0.01767734 0.04610921 0.05123806 0.02994251 0.03942995 0.05152414 0.03687905 0.02312188 0.03260034 0.03003165 0.03743592 0.02241496 0.0188603 0.01730863 0.01502381 0.02679982 0.03122076 0.01424643 0.00953161 0.02304016 0.02309377 0.02482188 0.05856947 0.04474987 0.06526589 0.05231584 0.08646753 0.138096 0.1598956 0.1496162 0.1150449 0.1156611 0.01119597 0.007952398 
9.099825e-005 0.0001206744 0.0001625244 0.0002679831 0.0003237679 0.0003938226 0.0004790794 0.0008967825 0.001187126 0.001221323 0.0004687453 0.0001466059 0.000148933 0.0007616873 0.0011782 0.001688422 0.001946757 0.001541772 0.003178795 0.003191247 0.004166616 0.005109426 0.009500034 0.03306931 0.04643157 0.04393481 0.05362342 0.04055789 0.03989401 0.07115345 0.07116864 0.02594285 0.03449885 0.03172378 0.05265266 0.05514012 0.02268799 0.02883506 0.0217622 0.03327585 0.0452849 0.05764257 0.02744513 0.02429868 0.05170283 0.06126155 0.1077969 0.0990825 0.1736016 0.2327931 0.2077781 0.1666968 0.1367379 0.0678629 0.02120671 0.006039307 
0.0001885716 0.0002446753 0.0003378305 0.0004428458 0.0005297952 0.0008425908 0.0009632574 0.0007524104 0.001053712 0.001874777 0.0006761753 0.0002430174 0.0001660781 0.002210599 0.003763709 0.003838899 0.002700394 0.004300743 0.006363812 0.005721595 0.008035645 0.01013609 0.01404114 0.02765663 0.03539063 0.04563604 0.05423346 0.05487859 0.05342304 0.05933689 0.06178418 0.04027316 0.04002485 0.03558582 0.06871221 0.07114161 0.04186481 0.04588514 0.03345865 0.0263591 0.04019267 0.04682843 0.03723173 0.06080509 0.06349426 0.1076072 0.1611831 0.07405215 0.1419186 0.291253 0.3008126 0.2926894 0.2921579 0.2025612 0.08511742 0.02783941 
0.0002432438 0.0003131357 0.0004073059 0.000555467 0.0006607046 0.001013803 0.00117068 0.0005237275 0.0007490606 0.001524896 0.0009816489 0.0004394268 0.0005969512 0.002081991 0.002136964 0.001595009 0.004342051 0.008691558 0.01029669 0.01026477 0.01105003 0.01875532 0.02777668 0.03544963 0.03764564 0.04140062 0.03611598 0.04249758 0.03832045 0.04622171 0.06173418 0.06999828 0.0505906 0.04339367 0.06727508 0.07056747 0.04460882 0.03423842 0.03239989 0.01870636 0.01796554 0.03390319 0.04279929 0.08152302 0.09104133 0.09810711 0.09152421 0.08570008 0.1447455 0.1932712 0.2012083 0.3213431 0.2853974 0.2978073 0.141896 0.06787385 
0.003131934 0.001267035 0.0004986999 0.0008537198 0.001462168 0.0011309 0.001387485 0.001007713 0.001904318 0.002252633 0.001942626 0.0005058189 0.001027976 0.001960352 0.003083835 0.004703762 0.005650094 0.009610415 0.008008615 0.01111844 0.01288645 0.01335404 0.01942783 0.03588566 0.03692562 0.03962982 0.03502621 0.03475166 0.03417558 0.05648569 0.09146063 0.1082897 0.07734679 0.05450255 0.0568178 0.03830244 0.03007988 0.04629485 0.03428912 0.01115294 0.01249021 0.03545397 0.04558973 0.09256006 0.1051542 0.1066606 0.1245166 0.08378354 0.132056 0.193105 0.2205142 0.2092569 0.1653355 0.1516321 0.1111377 0.06357336 
0.001502895 0.0004860756 0.000606251 0.0008475684 0.0009978015 0.001345306 0.002665746 0.001231752 0.0008303045 0.001619329 0.001901385 0.0005650913 0.001818564 0.002361183 0.00458657 0.005473163 0.008406141 0.01157516 0.01026468 0.008731226 0.01176089 0.020223 0.02746701 0.03802338 0.0458767 0.04080237 0.03627148 0.04200476 0.03663472 0.05227465 0.09220052 0.1327617 0.0951257 0.09140324 0.05499606 0.0285192 0.02508214 0.02684069 0.02756652 0.03244633 0.02705931 0.04596005 0.07769468 0.1155447 0.1164078 0.1403455 0.1741715 0.1533228 0.1879577 0.1972677 0.137564 0.1884436 0.1422226 0.1187828 0.1397189 0.1144663 
4.415801e-005 4.314166e-005 5.916696e-005 0.0002599137 7.229122e-005 0.000657303 0.002063615 0.002769832 0.003884631 0.004948266 0.004843369 0.003758164 0.00474989 0.004965594 0.00815671 0.008827503 0.01033398 0.01039681 0.008039675 0.009319263 0.01623595 0.02656229 0.03051641 0.03259301 0.02891351 0.02808197 0.02395955 0.02185511 0.04457707 0.06455164 0.07577778 0.08523968 0.07294861 0.06084703 0.03929795 0.02474981 0.03054088 0.04546167 0.05816415 0.04638432 0.05174312 0.09012593 0.1269387 0.160764 0.1110368 0.07900863 0.08254895 0.1152701 0.1547326 0.2427352 0.1147166 0.1698613 0.1120427 0.08222836 0.1324709 0.1442739 
0.0006092043 4.982705e-005 0.001026708 0.001157533 0.003437425 0.005223526 0.005606708 0.004182134 0.00529897 0.008000346 0.006040003 0.003294844 0.003802111 0.003554653 0.009037347 0.01171329 0.0109976 0.008644518 0.00852825 0.01074161 0.01606786 0.02741468 0.02440399 0.02433229 0.0178926 0.01496963 0.009697664 0.02592867 0.05732122 0.0884245 0.07982086 0.07086317 0.05531347 0.04980659 0.04310645 0.02543814 0.01924249 0.04235168 0.0436034 0.04917811 0.06100794 0.07621108 0.08177354 0.1236298 0.06409945 0.07203271 0.05349984 0.06672515 0.1054453 0.1907954 0.07953753 0.1277864 0.1414263 0.0878398 0.05032807 0.09980441 
0.001102954 0.0006119366 0.004864412 0.00698065 0.006731575 0.007752117 0.008981207 0.004999978 0.006201183 0.006039909 0.005882795 0.005112673 0.005215107 0.00455576 0.0079327 0.006497229 0.007712453 0.005129245 0.006840299 0.0100771 0.01072999 0.01439281 0.01622404 0.01453996 0.002363068 0.006412257 0.01452901 0.02944196 0.03027426 0.03868527 0.04806411 0.03945817 0.02729341 0.04703014 0.0717243 0.06066493 0.07029402 0.08527795 0.0637145 0.07573128 0.09977844 0.0616647 0.08170602 0.1095865 0.09663394 0.09412634 0.05738959 0.05472234 0.07145437 0.08454698 0.07516674 0.139423 0.1331213 0.08163118 0.0474783 0.09702623 
0.004716933 0.003279305 0.007515435 0.006855484 0.009178414 0.006759575 0.01144148 0.00583561 0.008236863 0.004877379 0.004482251 0.004888447 0.004731182 0.003816847 0.007162293 0.00539058 0.003698705 0.00231425 0.002898921 0.009185587 0.008027107 0.01465458 0.014441 0.006686104 0.002714819 0.005512415 0.01720262 0.03024514 0.01872883 0.01968519 0.03447992 0.03615565 0.02812818 0.02992375 0.01998995 0.06579354 0.05971351 0.05489999 0.07181328 0.1237768 0.118924 0.05709001 0.0518008 0.07139628 0.112331 0.1147 0.05504933 0.06524801 0.08525564 0.07299362 0.04855776 0.07553281 0.06304115 0.06353559 0.0917502 0.1237118 
0.007058304 0.004315891 0.006083276 0.006349629 0.0051339 0.007206476 0.01351121 0.006909346 0.008119812 0.003478295 0.002886701 0.004263266 0.003858682 0.01267584 0.01596292 0.004201193 0.003968344 0.002977708 0.003938849 0.006803333 0.01245337 0.02987714 0.02607794 0.006676321 0.007639958 0.01278199 0.02163055 0.02640705 0.0154377 0.01676399 0.01744711 0.01108106 0.01698548 0.01551865 0.02188912 0.02763224 0.04046335 0.04442656 0.06243697 0.07467645 0.07320283 0.1059886 0.08028994 0.07450295 0.1017868 0.1154374 0.09729429 0.04421161 0.05314459 0.08114035 0.04847369 0.0355951 0.03262702 0.04186113 0.06211446 0.05707839 
0.007159255 0.01383498 0.01879722 0.01383868 0.008134258 0.007702475 0.01149738 0.006908839 0.004795558 0.005693781 0.002349293 0.005169421 0.008614101 0.005285216 0.005262455 0.005570736 0.004052757 0.005071305 0.007077951 0.01585249 0.01541599 0.02259744 0.02707472 0.01501822 0.01365193 0.0194265 0.02180483 0.01602779 0.02689012 0.02240892 0.01144899 0.01295319 0.01955597 0.02344707 0.02743263 0.0366187 0.02597027 0.03242488 0.03630441 0.04238438 0.07610548 0.1359241 0.08518974 0.05703489 0.05827349 0.09996652 0.07751842 0.05372043 0.05265085 0.07549401 0.04593638 0.04407952 0.03334499 0.04305237 0.07646629 0.07067018 
0.02727849 0.02320675 0.01273401 0.01710231 0.003298936 0.007288291 0.01608662 0.008660531 0.006815943 0.01127764 0.01094475 0.006380879 0.01195869 0.006630276 0.01231971 0.008637395 0.00601675 0.01619801 0.010968 0.01365967 0.01736158 0.01779646 0.01875096 0.02583392 0.0214976 0.01780908 0.01434332 0.01492517 0.01911076 0.01125888 0.008305998 0.02207612 0.03019287 0.03435123 0.04486716 0.04887637 0.03700667 0.0203945 0.04693827 0.03927151 0.0628268 0.09837855 0.04914416 0.03814078 0.02291503 0.03984366 0.06625684 0.07599923 0.08820069 0.04022542 0.03369765 0.03086753 0.04083899 0.06225785 0.08732571 0.06719714 
0.06153989 0.05506796 0.02863846 0.01906824 0.02110289 0.01251886 0.0144439 0.01291668 0.01083407 0.008096565 0.01210675 0.01337221 0.01495783 0.01270235 0.01867754 0.01321031 0.00862332 0.01726636 0.04016685 0.04214763 0.02772256 0.01149873 0.03541521 0.04309116 0.03264106 0.02328369 0.01358464 0.007540308 0.01089377 0.01205224 0.004965534 0.01494458 0.03421216 0.05842386 0.06634465 0.06770084 0.03175763 0.02011779 0.02008638 0.02369048 0.03072654 0.0524478 0.05581289 0.04634377 0.03125458 0.03122461 0.07623281 0.05425489 0.04846951 0.0526785 0.04317277 0.03553491 0.07121388 0.1056271 0.07453519 0.04351327 
0.0887365 0.09094559 0.02338331 0.01703285 0.03002435 0.02378378 0.006162534 0.01553379 0.0307749 0.02210386 0.01164402 0.01979273 0.02377609 0.02404403 0.0223267 0.01550623 0.01118576 0.01739527 0.04871368 0.05792654 0.04420996 0.009157353 0.01373063 0.02426381 0.03224356 0.01626867 0.02199929 0.03006717 0.03838298 0.001979677 0.005581308 0.03597602 0.04825339 0.07778551 0.1108304 0.1156503 0.03230369 0.02757061 0.02351483 0.03745781 0.03698554 0.07965855 0.06540439 0.02822888 0.02840965 0.009853174 0.04828798 0.04257865 0.04556147 0.04930463 0.03564493 0.03757716 0.04879703 0.05685491 0.04250006 0.05737935 
0.07981266 0.1140748 0.04448241 0.01357072 0.01147556 0.02026114 0.0101533 0.01532983 0.008138275 0.0355406 0.01876535 0.01901419 0.02788885 0.03003962 0.01789089 0.01763512 0.02780599 0.03301016 0.04142489 0.07464719 0.03536284 0.01284558 0.005856347 0.01306785 0.02304573 0.02168732 0.02156408 0.05337032 0.04055779 0.005060701 0.003319902 0.02336489 0.02235419 0.05818049 0.07994851 0.07722662 0.036735 0.0395162 0.05142601 0.03670477 0.05035539 0.0512763 0.05514644 0.02969882 0.03689295 0.02172775 0.01026357 0.03144963 0.03294409 0.03740961 0.0383665 0.03791263 0.04158035 0.03999961 0.0357451 0.04181201 
0.04208233 0.06800346 0.07966056 0.03422596 0.01328421 0.02386733 0.02643926 0.01866907 0.02122851 0.01226291 0.01433222 0.01506123 0.02852208 0.02205226 0.02635233 0.05459471 0.06397295 0.04799099 0.03961791 0.09971929 0.04644479 0.01320724 0.003752141 0.007725866 0.01976413 0.01835276 0.01752451 0.06072629 0.04735626 0.01166221 0.003825698 0.0173386 0.02062237 0.03083265 0.07087717 0.09726296 0.05991001 0.07648685 0.07169895 0.07885275 0.07256958 0.05686142 0.05539704 0.04887866 0.06240016 0.09438935 0.01831604 0.03539713 0.03078527 0.0356059 0.04477382 0.04955547 0.06055381 0.06859241 0.07399733 0.03799327 
0.05221478 0.08938725 0.1177763 0.0508678 0.0284749 0.01925636 0.03381012 0.0353355 0.02707809 0.01607333 0.0190104 0.02458223 0.05706771 0.04009083 0.04546963 0.06001791 0.04958571 0.05561524 0.046174 0.08152627 0.06837302 0.01427635 0.004524458 0.01595293 0.02072088 0.02082404 0.01681429 0.0211935 0.01183811 0.007945384 0.008160695 0.0137772 0.01911138 0.03161852 0.05313158 0.08482945 0.1198092 0.1247405 0.09753506 0.08709021 0.07216908 0.08383827 0.0918317 0.09251564 0.0868052 0.1256868 0.045756 0.04651294 0.05595478 0.05388628 0.05283476 0.06541359 0.1098622 0.1182251 0.1165674 0.05864777 
0.05069803 0.0716501 0.06430778 0.1114512 0.06698756 0.0465094 0.02782591 0.03298215 0.05125042 0.02722574 0.01274828 0.0428124 0.08150461 0.08423665 0.12959 0.1713137 0.1879992 0.1696147 0.170161 0.08691251 0.0378829 0.04254301 0.01691231 0.08388665 0.1137783 0.1379073 0.05912784 0.01682739 0.0132979 0.0178686 0.01990424 0.01903045 0.02362137 0.02704804 0.03793796 0.0419983 0.07051287 0.05875446 0.06244974 0.06248139 0.07930951 0.08253025 0.08369071 0.07104644 0.06343133 0.06370448 0.05471225 0.05839403 0.06362287 0.0691656 0.08671845 0.1322303 0.1989433 0.1157613 0.103169 0.09195375 
0.04626444 0.07416597 0.04575447 0.05192258 0.07026449 0.07852326 0.05339859 0.03265047 0.03355801 0.03016502 0.02045154 0.04433467 0.04364963 0.08594746 0.1348983 0.2247744 0.1885878 0.1509261 0.167494 0.1342691 0.04270168 0.06363562 0.02660413 0.09523462 0.1333112 0.1491508 0.1129802 0.02563556 0.01411245 0.01986891 0.01972779 0.0221271 0.02540852 0.02794692 0.03424935 0.03615256 0.05782618 0.06616154 0.06803788 0.05987649 0.05644627 0.08153871 0.08818024 0.1234218 0.08867248 0.0780227 0.0667856 0.06479108 0.06092689 0.07452577 0.1491496 0.1771496 0.1816702 0.1781864 0.1484143 0.1606492 
0.04881515 0.06690573 0.07578012 0.0760867 0.0697046 0.06739671 0.08222955 0.05810499 0.03830268 0.02329572 0.02580712 0.0463218 0.04792307 0.07113034 0.1371556 0.2406129 0.1336608 0.1385887 0.2060819 0.161187 0.119776 0.09857371 0.08642854 0.08057279 0.1003414 0.1514478 0.1843592 0.04298101 0.02865656 0.03591622 0.06298674 0.04210192 0.03399171 0.03855391 0.03725127 0.03437992 0.07413652 0.08496106 0.09286688 0.09170093 0.0884034 0.1089486 0.09462323 0.09671123 0.1034659 0.08031818 0.1258471 0.09515145 0.07033283 0.09627534 0.2415643 0.1490342 0.1428303 0.2089239 0.1861048 0.2176597 
0.04995377 0.07406334 0.09201604 0.09385974 0.1064665 0.07812653 0.05731669 0.05449041 0.03191985 0.02757406 0.02258275 0.04748693 0.07769372 0.117955 0.1538201 0.1869045 0.1738371 0.1812713 0.1755474 0.1439496 0.1925853 0.1485966 0.1696095 0.1777594 0.06867908 0.05810449 0.1155763 0.1213511 0.05994218 0.05086248 0.06390996 0.03695562 0.03711109 0.04337545 0.04236801 0.03847421 0.05212642 0.06896731 0.08295191 0.1392767 0.1381417 0.0940628 0.06094306 0.06462259 0.07143266 0.07024752 0.08193764 0.07583742 0.07322871 0.07578615 0.07002634 0.0877614 0.1684129 0.2455558 0.2469014 0.3391917 
0.06824585 0.07941722 0.08783132 0.106903 0.09694389 0.05942011 0.04948019 0.05102402 0.03309172 0.03709958 0.02468639 0.03953617 0.04607177 0.08095497 0.1056479 0.1023976 0.08437942 0.06518497 0.05079307 0.06262705 0.09802461 0.08357178 0.06397913 0.07537279 0.06158656 0.0519328 0.05388147 0.05456929 0.05409842 0.04118552 0.04401406 0.04711184 0.04952051 0.05736296 0.06131143 0.05904946 0.06021178 0.06419598 0.06677059 0.08341991 0.09572809 0.08488494 0.07871857 0.06025627 0.05979907 0.07693509 0.08078977 0.1289137 0.1103992 0.0810798 0.08439399 0.1614783 0.1971337 0.2841135 0.2296037 0.3290518 
0.08933435 0.07673059 0.06601866 0.08685412 0.08522264 0.04577559 0.06957677 0.0725361 0.04915618 0.04966173 0.0414326 0.05921172 0.07467174 0.08616143 0.1381147 0.1344183 0.1119962 0.05657448 0.0705369 0.0810745 0.08896137 0.1016558 0.07228344 0.07950924 0.0711025 0.06939974 0.0594666 0.04979113 0.0488411 0.04501364 0.04698445 0.05554743 0.05358973 0.06523439 0.06992568 0.06412586 0.07333294 0.07405367 0.0788973 0.06817184 0.07904878 0.09346136 0.1088675 0.0789984 0.05979412 0.07389808 0.06836381 0.1058616 0.09638975 0.06612956 0.07193251 0.06661586 0.0771637 0.157332 0.2126425 0.2204856 
0.06279863 0.06951765 0.04918 0.05183788 0.06390675 0.06264289 0.08919074 0.09937888 0.04526728 0.05135673 0.04397418 0.08653624 0.1026636 0.08487352 0.1212184 0.1617368 0.1530845 0.08781348 0.08916523 0.1234976 0.1376681 0.1153757 0.08309011 0.1018717 0.1052907 0.1191987 0.06957646 0.06971113 0.07856005 0.07290163 0.05499874 0.05441204 0.05648781 0.07265283 0.07508639 0.08093467 0.09617454 0.08442922 0.09262294 0.07631562 0.07065832 0.08387613 0.09100624 0.07980966 0.06987673 0.0717334 0.08726555 0.1068194 0.07446142 0.07300424 0.06982441 0.05342398 0.05430966 0.07309264 0.08041814 0.05400006 
0.05036502 0.06807023 0.05896359 0.05330845 0.05299285 0.05655225 0.08311851 0.09547629 0.03604322 0.0288633 0.07071612 0.1066068 0.1122431 0.1242682 0.1283501 0.1309021 0.1344306 0.1493275 0.2268599 0.1873898 0.1867536 0.1373485 0.1091986 0.1045836 0.09533215 0.09722038 0.08564011 0.0716074 0.07484579 0.07456807 0.06106021 0.05817725 0.06011695 0.07160487 0.08432811 0.09859551 0.1174676 0.1040967 0.1375022 0.1101967 0.0753155 0.07994945 0.09074356 0.09285477 0.07870679 0.08449452 0.09666721 0.09395523 0.07290518 0.06866521 0.05449509 0.05369018 0.06081552 0.06167557 0.06779291 0.06535245 
0.05930745 0.06396665 0.06114842 0.05935497 0.04954233 0.04013912 0.05629248 0.07434732 0.04376413 0.0365079 0.0528312 0.08018515 0.08734323 0.1190967 0.1970894 0.132956 0.1523596 0.1831772 0.2744661 0.2566227 0.1651832 0.132392 0.182958 0.1412792 0.1171506 0.1044979 0.09395096 0.07936963 0.07551248 0.06740983 0.0690769 0.06708652 0.06424017 0.0695435 0.08844691 0.1064691 0.1421911 0.1434428 0.1669107 0.1544373 0.09978767 0.08799158 0.09465404 0.08007351 0.08528636 0.08302967 0.05264713 0.06389764 0.07851262 0.0895505 0.09092417 0.07412995 0.09522381 0.155182 0.09796266 0.06728644 
0.1048573 0.099006 0.09302014 0.0679542 0.03278667 0.05034005 0.04744605 0.05819013 0.06387293 0.06142078 0.06365514 0.07439653 0.08389774 0.09008173 0.1424801 0.1470277 0.1727717 0.2111557 0.2083232 0.1453068 0.1338447 0.2150366 0.1865571 0.1556056 0.1324324 0.1374392 0.1086871 0.08562917 0.08233157 0.0762285 0.06913324 0.06251937 0.06390218 0.07036873 0.08986425 0.1050395 0.1188866 0.1244959 0.1331865 0.1589895 0.1293158 0.10615 0.07844269 0.06353834 0.07078053 0.0589708 0.06646098 0.06165832 0.07821415 0.08042167 0.1100758 0.2043472 0.179436 0.1972561 0.1380593 0.05002876 
0.08823876 0.09572947 0.09221316 0.0824673 0.05586013 0.03422001 0.06667916 0.05898597 0.07871984 0.06777001 0.06469441 0.07347068 0.08197868 0.119418 0.177398 0.1385401 0.1183439 0.2032824 0.1947222 0.131166 0.1361405 0.2258657 0.2751323 0.1688991 0.1399737 0.1395917 0.1261432 0.09198493 0.0839593 0.08034945 0.07258783 0.06426014 0.05971074 0.06729877 0.07839542 0.1025349 0.122295 0.1201173 0.126272 0.1276812 0.1302274 0.09830574 0.08193406 0.0550408 0.05495773 0.07537921 0.08851723 0.06947405 0.07791194 0.111621 0.1542782 0.1865659 0.107678 0.09408383 0.07019632 0.0492805 
0.1294198 0.1328738 0.1080935 0.08141468 0.05109164 0.03018925 0.02270909 0.04995173 0.06683926 0.08185564 0.09866539 0.1156318 0.09049944 0.1267978 0.2038887 0.1958449 0.1808009 0.2025214 0.1901416 0.1513423 0.1498388 0.1163152 0.1167216 0.1447115 0.1350139 0.1473181 0.1543158 0.123901 0.08502005 0.08699155 0.07610939 0.06973113 0.07014262 0.06642909 0.07536132 0.08732258 0.1062374 0.1170879 0.1140839 0.1128284 0.115121 0.09300655 0.101683 0.09979844 0.06276806 0.07958379 0.1219182 0.1265107 0.08606995 0.1132175 0.1060301 0.07815249 0.07075649 0.06039863 0.04887548 0.0138662 
0.1873119 0.1245903 0.1124033 0.08517744 0.04360307 0.01473231 0.0250571 0.1040184 0.1105318 0.1013509 0.09560234 0.1320459 0.1069028 0.1169775 0.1564878 0.167125 0.2821723 0.2847775 0.346257 0.1332684 0.1295933 0.1277963 0.1305997 0.1431147 0.146361 0.1538808 0.1388087 0.1390513 0.1005781 0.08045883 0.07518703 0.06108193 0.05735592 0.06340256 0.07506051 0.1015194 0.1130318 0.1265644 0.1095457 0.09169275 0.1020011 0.1007395 0.100935 0.0831716 0.07334027 0.08656531 0.1023115 0.1091424 0.115508 0.1102122 0.1051133 0.07092372 0.08081372 0.07140021 0.04232657 0.03070707 
0.158099 0.1415856 0.1066977 0.08761045 0.03861106 0.02036486 0.04530819 0.1453257 0.1415226 0.1261105 0.09305373 0.1171534 0.1399266 0.1463304 0.1505871 0.1506618 0.1846788 0.1756125 0.2046386 0.1356852 0.1271867 0.1332584 0.122152 0.1308843 0.145156 0.1310679 0.1339958 0.1323348 0.09166251 0.07784719 0.07392338 0.05715901 0.04952282 0.05797445 0.06766208 0.09189106 0.1002559 0.1090451 0.09852735 0.08873032 0.1179262 0.1124394 0.1180081 0.08449779 0.1349165 0.1083207 0.09354611 0.09020339 0.08140113 0.09050138 0.09096131 0.06689005 0.0159348 0.0393762 0.03486288 0.0420226 
0.1444497 0.1376199 0.1034409 0.08053847 0.04691612 0.06086227 0.05951227 0.09339952 0.07604495 0.08295102 0.09834025 0.1161022 0.1261348 0.1822447 0.1720937 0.1453326 0.228138 0.2273035 0.214577 0.173662 0.1231232 0.1353645 0.1295716 0.1315957 0.1466931 0.1425947 0.1373186 0.1058862 0.08672438 0.07448671 0.0688436 0.05333336 0.05045882 0.0494495 0.0652133 0.09101667 0.1025045 0.1025666 0.09402457 0.0833562 0.0916639 0.09134022 0.1015373 0.1136084 0.1103161 0.1042873 0.07666467 0.05048808 0.07119762 0.06013656 0.07072983 0.05722143 0.0166959 0.02336381 0.03221359 0.009729365 
0.1523903 0.1202487 0.100278 0.09691775 0.0657139 0.06992456 0.08804834 0.1000817 0.06806815 0.06123455 0.09806568 0.1087587 0.1345003 0.2000996 0.1894191 0.1644168 0.2062714 0.2820637 0.3061182 0.1809511 0.1304294 0.119523 0.1323731 0.1568459 0.1432861 0.1386953 0.1141234 0.09391915 0.07557299 0.06617711 0.06012836 0.04633604 0.05618656 0.04731037 0.05712998 0.08405723 0.09655508 0.09674031 0.09852166 0.08911221 0.08297361 0.07797169 0.08071264 0.1034224 0.09797366 0.05697364 0.05625322 0.0676396 0.07652476 0.04535396 0.05902819 0.05227056 0.03518907 0.04933972 0.02992822 0.01797808 
0.1631498 0.1194479 0.06253235 0.09528454 0.0854395 0.0760254 0.05645129 0.08887294 0.12918 0.119775 0.1189409 0.1300214 0.1482739 0.1618572 0.2292884 0.2012868 0.2188275 0.3148489 0.304321 0.1979684 0.1562217 0.09701693 0.1139975 0.1272154 0.1721965 0.1598023 0.1112433 0.07219166 0.06199913 0.04954239 0.04651737 0.04606751 0.04078408 0.04072187 0.05012578 0.06387989 0.08085235 0.09213768 0.09551221 0.1062584 0.1112734 0.1475977 0.1770402 0.1238602 0.11246 0.06104544 0.06536991 0.08004452 0.06105712 0.08308163 0.06908977 0.06056276 0.02916037 0.02370995 0.01640245 0.02939608 
0.1619385 0.1114814 0.04435702 0.0864176 0.06454023 0.06166127 0.05196397 0.08166338 0.109664 0.1311302 0.109885 0.1134972 0.1090935 0.179727 0.2674538 0.2397212 0.2341206 0.3082366 0.2281526 0.1462125 0.1248647 0.1296077 0.1012788 0.1742359 0.1602708 0.1359758 0.09851793 0.06764334 0.0581745 0.04565983 0.04150259 0.03839279 0.03619995 0.03860994 0.04647193 0.05504036 0.06971668 0.07640483 0.07885563 0.0801281 0.1139422 0.1263334 0.1028451 0.08868519 0.07236797 0.0400868 0.06689607 0.09724437 0.1157307 0.07799439 0.09775908 0.09145952 0.0414421 0.01541356 0.01852568 0.02275019 
0.1338672 0.05626733 0.02688554 0.03619145 0.0362437 0.06629551 0.07335205 0.1040825 0.1136851 0.08934953 0.07968009 0.08738188 0.09275941 0.1852367 0.2218069 0.2760842 0.313819 0.2461025 0.1789619 0.1393316 0.1052695 0.110856 0.1863499 0.1623687 0.1760547 0.1276033 0.1100536 0.06653043 0.04965365 0.04411112 0.04465552 0.04009604 0.03783412 0.0377382 0.0430796 0.04863909 0.06212088 0.066925 0.06682295 0.06733944 0.08118819 0.1041619 0.09518311 0.06444936 0.04579367 0.02470148 0.03511116 0.06566322 0.06731448 0.1024497 0.05547839 0.07392122 0.038736 0.01328637 0.01096139 4.032258e-005 
0.1611277 0.07057658 0.02194919 0.04206762 0.03435543 0.07603731 0.05069247 0.08714135 0.08227392 0.05918114 0.08342563 0.08657429 0.09228218 0.184886 0.1792043 0.2066864 0.2515699 0.2159065 0.1993949 0.1391028 0.1241941 0.1494209 0.1624775 0.1470731 0.1578324 0.1547668 0.1100643 0.06431 0.05336136 0.05698931 0.03964629 0.03607874 0.03381157 0.03514159 0.04273627 0.04754601 0.05511449 0.05882551 0.05682553 0.05561544 0.07524885 0.07807938 0.08875512 0.05436243 0.02504322 0.02421709 0.03685655 0.07396472 0.07153227 0.06140081 0.04819877 0.05009365 0.02365092 0.01301564 0.008244352 0 
0.1523432 0.09901676 0.02872621 0.04380724 0.05303869 0.08667048 0.07108063 0.1092586 0.1241516 0.08625438 0.1095862 0.1234007 0.1416988 0.1578941 0.1775847 0.1919585 0.2661311 0.2154721 0.1927986 0.1635641 0.1339276 0.1759725 0.2131961 0.1482193 0.1529968 0.1506069 0.1020445 0.07089256 0.06939716 0.06084591 0.04440736 0.03565061 0.0368508 0.03410641 0.04046832 0.04702721 0.05577122 0.05881856 0.0576358 0.04536105 0.05003428 0.04762625 0.04455139 0.03023371 0.02706442 0.04052713 0.04460946 0.08360713 0.06933966 0.04595693 0.0341974 0.03094277 0.01635104 0.01312348 0.01317692 0 
0.1507691 0.08160838 0.01790697 0.04640396 0.05206411 0.07376518 0.06395634 0.09059293 0.1255581 0.1286038 0.1230031 0.1601589 0.1485313 0.2007254 0.182006 0.1867323 0.1889536 0.2121162 0.2209727 0.1932047 0.1654637 0.1668849 0.1910404 0.1699503 0.1210187 0.1180805 0.1037439 0.0721333 0.05262163 0.03720369 0.03044423 0.03410062 0.03367666 0.03492117 0.03837262 0.04625848 0.05031852 0.05607964 0.05783106 0.04663344 0.0484453 0.04654662 0.03885382 0.03222948 0.03235799 0.0423499 0.04615455 0.06566027 0.04852004 0.03743097 0.01824355 0.02533591 0.01293657 0.01454704 0.01626274 8.064516e-005 
0.1576832 0.08673969 0.02797854 0.06830582 0.08432434 0.0614325 0.0827416 0.1261976 0.1371205 0.1485559 0.1592884 0.1949338 0.1589767 0.1610198 0.2422298 0.2091311 0.2150522 0.1945761 0.2452216 0.1923086 0.2375467 0.2457148 0.2157525 0.1428132 0.1207128 0.105709 0.08441705 0.05270026 0.04027076 0.03743355 0.03598959 0.04302543 0.03448621 0.03300266 0.0351486 0.0455172 0.04803136 0.0516013 0.05828489 0.05621424 0.0547312 0.0463425 0.03843782 0.02611469 0.02585679 0.02617311 0.03162811 0.0534067 0.03477771 0.03746311 0.0107324 0.01260683 0.0149848 0.01703734 0.01674639 0 
0.122616 0.07532074 0.0474129 0.08989448 0.09452879 0.08686315 0.08119524 0.1337183 0.148432 0.1388934 0.1471573 0.1391961 0.1379062 0.1055762 0.1837022 0.2909229 0.2923262 0.326404 0.3096198 0.2078645 0.2059508 0.2193848 0.2370496 0.1978286 0.1591573 0.1568636 0.09441172 0.05349007 0.04042845 0.05499388 0.0550032 0.05951249 0.03887121 0.03218071 0.03381535 0.05250498 0.06699222 0.05161966 0.04963015 0.05338077 0.06424836 0.04269185 0.03613735 0.02472756 0.0239054 0.0230195 0.03879823 0.01709265 0.02367796 0.02480113 0.01588814 0.01839659 0.02365386 0.01890076 0.01811023 0.0005645161 
0.1025877 0.07287593 0.06529527 0.05166478 0.06597194 0.06685653 0.06506209 0.07012969 0.1024023 0.1050652 0.1390434 0.1715536 0.150397 0.1144379 0.1323758 0.2096681 0.2263391 0.2321464 0.2954493 0.2597773 0.287836 0.2638606 0.3492661 0.1645461 0.2152063 0.2939273 0.1696183 0.06884623 0.03555269 0.1131605 0.0987068 0.08684244 0.06538277 0.03490683 0.02743936 0.07600794 0.2590055 0.0711668 0.03136957 0.06480353 0.1019496 0.04839871 0.03802852 0.03113252 0.02642539 0.03345058 0.03083812 0.01006061 0.008198128 0.01139408 0.008484773 0 0.004475806 0.001975806 0.006774193 0.001451613 
0.08936556 0.0565121 0.05089486 0.05624273 0.05113952 0.06885795 0.08590314 0.1157877 0.1007553 0.1146654 0.1271161 0.170928 0.1808989 0.1862348 0.1956866 0.2430042 0.2914509 0.2368338 0.2656788 0.2773962 0.2036129 0.2384347 0.1717838 0.1587883 0.1781299 0.1448399 0.08514868 0.05279016 0.03132805 0.08409505 0.1240602 0.09235401 0.1097312 0.05769097 0.02835598 0.03792648 0.04922805 0.04856125 0.02919861 0.0387322 0.05428343 0.03823353 0.03639942 0.0386438 0.02573852 0.02526339 0.01953723 0.01135434 0.00724492 0.007205036 0.01132705 0.005685484 0.004798387 0.01975806 0.004677419 0.002258064 
0.1407292 0.08197413 0.05788448 0.06646014 0.06317474 0.08724676 0.111918 0.1304813 0.1322626 0.117874 0.1311645 0.1707149 0.1894756 0.1792661 0.1796122 0.2017909 0.2361465 0.1882446 0.2041711 0.1993432 0.1166019 0.1079998 0.09609642 0.1128951 0.1369424 0.09717298 0.07259549 0.0939283 0.05898198 0.05260473 0.0662668 0.07312358 0.1130799 0.06326323 0.03816066 0.02990665 0.03609466 0.03157346 0.03363816 0.0402756 0.04151841 0.04326933 0.04164149 0.03311317 0.02465166 0.02744109 0.01492519 0.009224311 0.007497865 0.005835731 0.00761121 0.002379032 0.01024194 8.064516e-005 0.01266129 0.004596774 
0.1318786 0.08648681 0.07222269 0.0720658 0.08319206 0.1220258 0.1403195 0.1309713 0.1429237 0.1676468 0.1674678 0.1874722 0.1719518 0.1820719 0.2275261 0.215818 0.1772661 0.208961 0.2036972 0.2211897 0.1388258 0.1032587 0.1126794 0.07338519 0.1080707 0.1072837 0.1142077 0.08653795 0.04824676 0.03709684 0.05917194 0.06317402 0.08294725 0.06043871 0.06257501 0.037634 0.033012 0.03542139 0.03880444 0.04857342 0.05109517 0.05250388 0.03819461 0.02993794 0.02679138 0.02477731 0.0165073 0.01047281 0.008914188 0.005841659 0.005853552 0.0005241935 0 0 0.0001209677 0 
0.1011315 0.08142197 0.08379886 0.07400745 0.0888631 0.09799164 0.1393762 0.1194657 0.1156012 0.1409676 0.1305831 0.1449136 0.1719426 0.1520082 0.1589838 0.2224534 0.1696718 0.1578706 0.1797612 0.1941026 0.2003192 0.1682202 0.1071793 0.0877927 0.1397634 0.1096527 0.06949061 0.03926624 0.03335617 0.05445376 0.04252443 0.0510252 0.08337578 0.0537172 0.0534886 0.06526341 0.06127268 0.06065975 0.08030662 0.06166922 0.05772569 0.0594012 0.06618767 0.02683527 0.02491031 0.01757235 0.01998322 0 0 0 0 0.0003629032 0.001048387 0.0001612903 0.0004838709 0 
0.0914488 0.08875207 0.1213753 0.1277737 0.1132474 0.08181207 0.1247239 0.1210885 0.1200785 0.1320957 0.1321703 0.1347982 0.1211892 0.1199917 0.1300332 0.248574 0.1812446 0.1932303 0.2150053 0.2263027 0.2157809 0.1766433 0.1268767 0.1716544 0.1517115 0.1185392 0.1184235 0.07773138 0.04503202 0.03352922 0.040825 0.03824852 0.04611341 0.04904147 0.05741986 0.07427027 0.08163772 0.0928195 0.09550894 0.08283083 0.07679497 0.07026657 0.06910986 0.03660169 0.02811276 0.01997889 0.01923814 0 0.0004838709 0 0 0.0006854839 0.004596774 0.000282258 0.0005645161 0 
0.09785326 0.09287209 0.1183959 0.1077972 0.1025492 0.1017553 0.130245 0.1607471 0.1624235 0.1352974 0.1595051 0.1571563 0.1222518 0.1209743 0.1966133 0.2760807 0.2438347 0.231931 0.2102609 0.2176319 0.2027377 0.154887 0.2136075 0.2296919 0.2442136 0.1679975 0.1570242 0.157478 0.07654916 0.06271186 0.04081558 0.05113574 0.0531368 0.04178471 0.06979308 0.08846771 0.0868921 0.105879 0.1002312 0.07681081 0.1009363 0.08218318 0.09122142 0.03984844 0.02237901 0.02231422 0.02519558 0.0004838709 0.00657258 0 0 4.032258e-005 0 0.0001209677 0.0004032258 0 
0.1231899 0.1208051 0.1087954 0.1040244 0.1353935 0.1027127 0.1230786 0.1573321 0.1858872 0.1361878 0.1193394 0.1386737 0.148884 0.1666995 0.3195796 0.3490675 0.2751593 0.2344872 0.2220207 0.206735 0.1978862 0.1879495 0.1654657 0.2265484 0.261174 0.1898032 0.1145469 0.1748727 0.2291408 0.1388282 0.06451304 0.0568925 0.07003935 0.05778945 0.05652159 0.0790373 0.08447014 0.1139426 0.1080313 0.07793155 0.07285333 0.06171208 0.05056379 0.02734404 0.02622607 0.02715519 0.03077823 0 0 0 0 0 0.0005645161 0.0008064516 0.0009274193 0.001169355 
0.1081084 0.1076193 0.1076699 0.1047584 0.1098851 0.1025584 0.103066 0.1513292 0.1775429 0.1362427 0.1199248 0.1137522 0.1183902 0.1775021 0.2378957 0.3034883 0.2746928 0.2174663 0.1880585 0.2147951 0.2489418 0.2159066 0.1646919 0.1751447 0.2292185 0.206773 0.1703604 0.1886677 0.193957 0.1271983 0.07179707 0.06452951 0.05757666 0.06306999 0.05784744 0.07749251 0.07807521 0.1158617 0.1132996 0.07519988 0.06249006 0.07398109 0.05245041 0.0346624 0.03378642 0.03987686 0.0321392 0 0 0 0.0003629032 0 0.008790322 0.009637096 0.00407258 0.001048387 
0.09555309 0.1073866 0.1017813 0.108225 0.1205731 0.1059417 0.1021904 0.1370691 0.1849386 0.1794319 0.141072 0.1366757 0.1597966 0.1787011 0.1965013 0.2535851 0.2393636 0.1927572 0.1874808 0.2126887 0.2600316 0.2267993 0.1836883 0.1576413 0.2003099 0.2110649 0.1683936 0.1923327 0.2576507 0.1907313 0.1219622 0.06772465 0.06587498 0.06289507 0.07067603 0.0826376 0.102498 0.09120522 0.06576025 0.105918 0.08777855 0.06325079 0.05214908 0.03887391 0.03806213 0.04811796 0.04032135 0.00108871 0.0004435484 0 0.0001612903 0.01145161 0.01298387 0.003346774 0 0 
0.1104691 0.1257228 0.09497585 0.1066303 0.09382232 0.1186756 0.1294836 0.2093809 0.2052338 0.1920415 0.1594429 0.1363756 0.1560981 0.1699935 0.1607074 0.1829022 0.1892118 0.2554563 0.2392999 0.2457734 0.2461191 0.2314104 0.1972671 0.1872532 0.1709385 0.1659561 0.1497786 0.1632165 0.2117435 0.1527874 0.1216033 0.1209813 0.08693273 0.0848629 0.08537924 0.09976874 0.09994648 0.09423526 0.08010378 0.1103176 0.06653778 0.06517397 0.05038139 0.04482296 0.04205666 0.04733224 0.04499577 0.01032258 0.002862903 0 0.0128629 0.03141129 0.01564516 0.0141129 0.003467742 0 
