ncols         56
nrows         54
xllcorner     28.264
yllcorner     -5.7719999999999
cellsize      0.25
NODATA_value  -9999
1.914861e-005 2.772775e-005 6.125218e-005 6.566452e-005 8.157614e-005 0.0001071404 0.0001439832 3.117023e-005 3.735829e-005 4.341287e-005 4.94475e-005 5.918206e-005 6.599019e-005 0.0002027706 7.586645e-005 0.0004185287 0.0002695248 0.001535261 0.003289781 0.009868891 0.01121328 0.01635709 0.02524862 0.01410051 0.01412197 0.02613349 0.03334733 0.06020844 0.06286097 0.08676275 0.07794721 0.0810957 0.1111979 0.08704661 0.07924373 0.0829147 0.1043689 0.07078142 0.04381038 0.01951261 0.02214142 0.03425936 0.02558583 0.02689487 0.03527908 0.04815086 0.06049233 0.05371619 0.06167613 0.06269921 0.02616915 0.009410676 0.01960377 0.02425723 0.02064269 0.01136108 
3.800219e-005 5.184511e-005 9.211658e-005 0.0001122298 0.0001359903 0.0001712182 0.0002187333 4.569183e-005 5.370951e-005 6.090573e-005 6.780962e-005 8.001136e-005 0.001050325 0.001001971 9.966849e-005 4.471979e-005 4.703439e-005 8.333023e-005 0.003537083 0.007879143 0.01550934 0.01603983 0.04594161 0.03237814 0.0285172 0.04733263 0.06194084 0.05808799 0.065754 0.1005726 0.09848526 0.101746 0.1027783 0.1474416 0.08318347 0.0688124 0.09343138 0.09559685 0.04692479 0.04125824 0.03139877 0.02610881 0.03117069 0.03467225 0.0295615 0.03834121 0.05038041 0.05391782 0.07084326 0.05383478 0.0175416 0.002147108 0.004890625 0.01024186 0.01310563 0.002673256 
7.007251e-005 9.211689e-005 0.0001211721 0.0001861007 0.0002220925 0.0002685156 0.000326015 6.59577e-005 7.592086e-005 0.0001081291 9.076329e-005 0.001142835 0.002718459 0.0003802526 0.0001273662 0.0001016056 6.016091e-005 0.003202308 0.007957159 0.005344079 0.01477213 0.01242792 0.01563191 0.03399841 0.02325054 0.04862534 0.05940212 0.05915498 0.05311166 0.0798289 0.115272 0.09715534 0.08748132 0.09567677 0.09575037 0.08847844 0.08826683 0.1846708 0.1000178 0.07340834 0.08849514 0.06178021 0.06175105 0.02929964 0.05562583 0.03325002 0.03575654 0.03120919 0.05230828 0.03718128 0.02697446 0.006213856 0.008913022 0.000929999 0.002091311 0.002286795 
0.0002618649 0.0005046882 0.0003797441 0.0004519837 0.0004275512 0.0005077265 0.0009454712 7.684159e-005 8.76643e-005 9.51076e-005 0.0002530906 0.00169962 0.001263146 0.0002033595 0.0001262736 0.0004358481 0.004608036 0.00418874 0.003225931 0.01887899 0.0212686 0.01017243 0.02416367 0.03410156 0.03726471 0.04125268 0.05339216 0.077146 0.07243962 0.07210641 0.08894574 0.06393657 0.07749386 0.1123508 0.1040911 0.11834 0.2195605 0.2324282 0.1609422 0.05294028 0.1347827 0.1103093 0.0795492 0.05751862 0.0800329 0.06512216 0.1014666 0.03649984 0.04641215 0.0418632 0.03562219 0.01260049 0.009541515 0.002780662 0.0008905554 0.0004417595 
0.001650121 0.001364955 0.002375751 0.001346004 0.001486684 0.001755154 0.001897093 0.0007942982 0.0005496168 0.0003376173 0.002022097 0.002340388 0.000133506 0.0001406843 0.003928368 0.001339961 0.002359832 0.001540721 0.008847713 0.01956882 0.02648079 0.03003635 0.02866688 0.02554148 0.04359218 0.03991306 0.0525198 0.06623894 0.07071348 0.06400666 0.08307473 0.08141369 0.09497073 0.0974036 0.1043522 0.1730609 0.2230387 0.1773981 0.1091035 0.06695025 0.1236937 0.1222156 0.09253931 0.06040529 0.07583018 0.0589549 0.06926156 0.04326054 0.03983653 0.0466657 0.04762604 0.02726306 0.005053652 0.003682757 0.002566437 0.0004361248 
0.002250033 0.003262317 0.00773521 0.004630658 0.003883422 0.00442249 0.003272708 0.002226293 0.001708679 0.001807521 0.002114807 0.0007653717 0.0002469695 0.0006216674 0.006062734 0.001176706 0.0006272204 0.003087079 0.0201997 0.02172961 0.02083937 0.03054279 0.0251664 0.0422204 0.0630715 0.05654421 0.04498616 0.05248078 0.05920916 0.05907656 0.05355929 0.104828 0.1374487 0.1105812 0.08670284 0.1144595 0.08817086 0.07628342 0.05852028 0.07898562 0.09628443 0.1320595 0.085658 0.06011829 0.05734445 0.05518204 0.05854932 0.05104724 0.03040373 0.03688448 0.02869653 0.01012941 0.00526551 0.004271467 0.0008774188 0.000433165 
0.002694225 0.002418896 0.006375467 0.01105817 0.004028702 0.003692269 0.004464935 0.007886753 0.003783287 0.001915094 0.003036653 0.003136161 0.001420007 0.001631678 0.001298703 0.002401857 0.005963894 0.008066944 0.03413243 0.02560342 0.02999536 0.03049833 0.02485309 0.05832171 0.08143804 0.07588904 0.07284567 0.05994635 0.04712837 0.05573451 0.04202946 0.0870892 0.07498527 0.1090349 0.06718075 0.06615516 0.06412456 0.06251144 0.05856067 0.08665516 0.09234658 0.0731838 0.0749483 0.03752476 0.04633899 0.05115332 0.04004975 0.04278062 0.02809154 0.04083868 0.03456481 0.01203026 0.004394433 0.004081883 0.0008800717 0.0004328866 
0.008720725 0.002851177 0.005115266 0.01073691 0.006007001 0.004956412 0.005224993 0.00686729 0.01054444 0.004752197 0.00422251 0.005870537 0.004304362 0.003887058 0.005406123 0.006044267 0.009838213 0.01468689 0.02840437 0.03157206 0.04217992 0.03883346 0.02853513 0.04893053 0.08287554 0.08422048 0.06948097 0.05619634 0.06051035 0.04392387 0.03799697 0.04836785 0.0357674 0.06914617 0.06104471 0.07721441 0.07359808 0.07929424 0.0856014 0.09123803 0.0461389 0.06928983 0.06560134 0.0467323 0.0531962 0.05154221 0.05034732 0.03609236 0.05002395 0.05106997 0.05241935 0.01697003 0.006486919 0.001145217 0.0007219419 0 
0.01467257 0.006700794 0.005846406 0.005718111 0.00560765 0.009087408 0.008290454 0.008309432 0.00825489 0.009212098 0.004930565 0.005141686 0.006951637 0.01106145 0.00876862 0.01097009 0.009236677 0.01038014 0.01836979 0.02489397 0.03791515 0.03604818 0.04523369 0.05509767 0.07547449 0.06845646 0.05111069 0.07392902 0.0661333 0.03974919 0.04150475 0.05186022 0.08004942 0.08259296 0.06054058 0.07626978 0.07841179 0.08226983 0.04963931 0.05320122 0.03476302 0.03993286 0.05763952 0.06116961 0.0647234 0.06582856 0.06204442 0.06401544 0.06344962 0.03671828 0.04145497 0.03198121 0.0174091 0.008451859 0.002559503 0.0003446557 
0.02634325 0.01889645 0.01649836 0.01273432 0.009734799 0.01536491 0.01871234 0.01855105 0.01394456 0.01409661 0.0116998 0.009430726 0.01024677 0.027536 0.01616503 0.01293997 0.0117865 0.02115218 0.02146097 0.02721265 0.03860094 0.03619039 0.04715403 0.04432797 0.06523561 0.04420018 0.04579197 0.0447289 0.05215583 0.03325672 0.03187623 0.05270192 0.0804528 0.08293492 0.05926036 0.05864179 0.08867699 0.07925658 0.04830071 0.03084372 0.02589995 0.02129596 0.08324084 0.06867406 0.06137641 0.06766142 0.06002296 0.06384979 0.06114963 0.09286123 0.0456893 0.02832251 0.02690853 0.01984634 0.001742341 0 
0.03971275 0.02309562 0.02384695 0.02122996 0.01437192 0.0198791 0.02573789 0.0224953 0.02263261 0.01825508 0.02218808 0.01896257 0.01128502 0.01627604 0.01613161 0.01707551 0.01460731 0.01217457 0.02092372 0.02948967 0.04427876 0.04062613 0.04567428 0.04094392 0.03418897 0.03289379 0.03251478 0.02580339 0.03356569 0.03388031 0.03034863 0.0380169 0.05717471 0.06415637 0.04690163 0.08708917 0.09350315 0.08911198 0.08796399 0.03107439 0.03462721 0.02978509 0.05871749 0.05323586 0.05229833 0.03456587 0.05349677 0.04182415 0.05264868 0.1202144 0.03996882 0.02480778 0.01515617 0.009465567 0.0007960765 0 
0.02484665 0.05025424 0.05114529 0.02748425 0.02843708 0.02566764 0.02867352 0.03319442 0.03909144 0.03542024 0.02455614 0.02118248 0.01876475 0.01725641 0.02098083 0.01099476 0.008850623 0.008612461 0.01564398 0.02659744 0.02629784 0.03956344 0.04908475 0.03051086 0.02187104 0.01956865 0.0278758 0.01902458 0.02354326 0.04456925 0.03756137 0.04549073 0.0671443 0.04606064 0.04810374 0.06861943 0.06332768 0.06400222 0.0676325 0.05094158 0.03473584 0.04510945 0.0441712 0.03992112 0.05402073 0.05604597 0.064888 0.04702235 0.03816972 0.03450071 0.02107152 0.01012246 0.002936171 5.430952e-005 5.628668e-005 7.411821e-005 
0.05841893 0.05360987 0.05982557 0.04767773 0.03499729 0.03357897 0.05173692 0.05976562 0.04092377 0.04683798 0.03849095 0.03113465 0.02115806 0.02135492 0.02876827 0.03255714 0.02760646 0.01367299 0.01256757 0.0145433 0.02915052 0.04072534 0.01611469 0.01941302 0.01588514 0.01597 0.02677146 0.01288225 0.01902954 0.04661269 0.06903835 0.05027229 0.04587572 0.03824112 0.04620788 0.06946322 0.06283256 0.07047135 0.06879766 0.06253598 0.02638257 0.03815902 0.04806343 0.05104031 0.03884488 0.06234727 0.0492665 0.04756317 0.01214733 0.01070701 0.006493266 0.0005587773 0.0006314003 8.825133e-005 5.591802e-005 0.000109336 
0.09641679 0.07973033 0.1038779 0.04470538 0.0477724 0.05780504 0.0695925 0.05106074 0.04510021 0.05277515 0.0540279 0.02868939 0.02442323 0.01858961 0.03950388 0.03676802 0.03838539 0.03099057 0.01267757 0.02027516 0.01414379 0.02559241 0.009744258 0.01430513 0.01143635 0.01274562 0.02008536 0.01231432 0.0139054 0.03819289 0.04750017 0.03111318 0.03583976 0.03524136 0.04095627 0.04748075 0.07479326 0.09729745 0.08058956 0.04308739 0.04584964 0.04587218 0.06480337 0.05834979 0.03155095 0.03793427 0.04971261 0.03605089 0.01970494 0.01505304 0.005062508 7.763699e-005 5.938144e-005 0.0003218642 8.527152e-005 6.885508e-005 
0.1128987 0.1041526 0.06990449 0.03120191 0.03102611 0.06144057 0.07387386 0.06148815 0.04460875 0.05570584 0.04567838 0.02479039 0.0146351 0.0189786 0.02848495 0.04111407 0.04693759 0.04912636 0.04384382 0.04577764 0.03456369 0.01399037 0.0253636 0.01400274 0.009921597 0.01110263 0.01294302 0.0141887 0.01838059 0.02286709 0.0226253 0.02272941 0.02315363 0.02865389 0.06199024 0.07215191 0.1038703 0.1031292 0.08116626 0.05999433 0.05831533 0.07189208 0.06753614 0.06895966 0.05958593 0.04500528 0.04475819 0.02431027 0.02424226 0.02385826 0.01136792 0.001991972 0.001176588 0.0002086559 4.477553e-005 8.841506e-005 
0.1509248 0.02996424 0.04283908 0.03599542 0.02506432 0.05530608 0.09393787 0.05998038 0.04652752 0.04552247 0.03287058 0.02193175 0.02362634 0.01797152 0.03306475 0.03871449 0.05178208 0.05524752 0.05707784 0.05942382 0.05430437 0.02069977 0.02310134 0.02338316 0.0106052 0.008736992 0.01835085 0.03156245 0.03528779 0.04302652 0.02600372 0.02574217 0.02105527 0.02876418 0.03714203 0.04941645 0.09031241 0.06562353 0.05935007 0.06632161 0.0809075 0.06350634 0.05624712 0.06338958 0.06883852 0.05825262 0.06088186 0.03769086 0.03521207 0.02757506 0.02028313 0.00487022 0.001433677 4.590502e-005 4.229122e-005 0.003594755 
0.09007268 0.07975267 0.04781375 0.06291856 0.05877564 0.0825443 0.08777586 0.06935523 0.07265918 0.04182766 0.04343645 0.1073295 0.09265094 0.07588468 0.06746247 0.04995327 0.06778224 0.07897096 0.05474399 0.05622299 0.09573584 0.03486329 0.02321618 0.03216343 0.03539892 0.0200732 0.01666668 0.03416739 0.03818831 0.05453601 0.02090358 0.02382365 0.02231331 0.02508058 0.02827836 0.03664839 0.0717347 0.07418391 0.08445585 0.08514848 0.06950986 0.06056475 0.06634115 0.06762949 0.05145396 0.04040854 0.0382768 0.0486743 0.05201068 0.03618496 0.02727488 0.009733024 0.01284886 0.02040147 0.004859234 0.003484461 
0.0475832 0.05006925 0.05947204 0.1014842 0.07179103 0.09515394 0.09533331 0.04039873 0.04713022 0.09284808 0.09179248 0.1336695 0.1616904 0.1179037 0.1202572 0.09393303 0.09739053 0.1372228 0.1035901 0.1028523 0.09621353 0.04651819 0.02186314 0.05240282 0.05645147 0.02736537 0.01448035 0.02576129 0.03697718 0.03358451 0.01805599 0.03620956 0.02006678 0.02112676 0.03101952 0.04704908 0.04981142 0.05220979 0.06265124 0.05589665 0.05757758 0.05812665 0.06793561 0.08158506 0.07001536 0.0529209 0.03859153 0.06851675 0.0666533 0.04389 0.02814643 0.01047737 0.007516509 0.01954039 0.0124945 9.067237e-006 
0.09077077 0.09697468 0.1604692 0.1642322 0.08261556 0.07123768 0.1298191 0.05783961 0.07333337 0.07033232 0.07503747 0.08166488 0.1145687 0.1491873 0.1516166 0.1183529 0.1244236 0.166872 0.1491389 0.1125008 0.05791537 0.1024035 0.04297186 0.04828114 0.039912 0.03059706 0.02743022 0.01383199 0.01805666 0.0377841 0.05535734 0.04174848 0.02535162 0.0227688 0.02848005 0.04294204 0.03282106 0.02829348 0.03711585 0.03706045 0.04909798 0.05208274 0.06739203 0.09661046 0.06615925 0.0544691 0.06700237 0.07703738 0.08670988 0.08292674 0.02884917 0.01238272 0.001778947 0.01352072 0.02183979 0.008737777 
0.07813232 0.125046 0.2075044 0.2283466 0.1651288 0.1253165 0.1388985 0.05180959 0.09080945 0.04616893 0.04164832 0.05639054 0.07835029 0.1326173 0.1348094 0.1552648 0.1736213 0.1699756 0.1500923 0.1053769 0.07273636 0.04315452 0.03658549 0.04555508 0.05486919 0.03894117 0.03751631 0.02379856 0.02998994 0.03221841 0.05610146 0.04792583 0.03154359 0.03360087 0.03079927 0.02611788 0.02858358 0.02422309 0.02810086 0.04956069 0.06544905 0.07297441 0.05968929 0.04114177 0.03952205 0.03237677 0.03991377 0.05782404 0.04432903 0.05320402 0.03908741 0.01584775 0.01623841 0.01463552 0.01305154 0.02936015 
0.06765461 0.1108336 0.1501516 0.1950704 0.1362186 0.1185581 0.08562125 0.02413546 0.02845772 0.01418186 0.0592561 0.02937881 0.05822212 0.05607697 0.06665836 0.1492214 0.1557904 0.1452627 0.09191862 0.09448583 0.1020651 0.06616285 0.06209053 0.06559861 0.0667164 0.05929065 0.06073802 0.04668157 0.1048505 0.04552394 0.03958083 0.05365102 0.06153116 0.0378225 0.03668462 0.03253841 0.02916155 0.02144703 0.02767013 0.04461941 0.05991028 0.07068639 0.07751375 0.06530346 0.02623135 0.02399949 0.02761813 0.03085779 0.01978377 0.02202622 0.02123422 0.01546631 0.01070307 0.01742394 0.01425883 0.04010984 
0.04765017 0.07137235 0.1437152 0.1660885 0.141536 0.1228134 0.07627302 0.03161443 0.0213445 0.02326299 0.03719641 0.03517373 0.05989475 0.05415658 0.06267989 0.149188 0.1580491 0.1818931 0.1765129 0.1286013 0.1035136 0.0599669 0.0408162 0.05623059 0.05764558 0.0696898 0.06420227 0.05176728 0.06647854 0.04675176 0.03665942 0.04246562 0.05200195 0.04929513 0.03797691 0.04045258 0.03292564 0.02379582 0.02637183 0.03249252 0.03764325 0.04924686 0.0563989 0.04741352 0.02858074 0.02215356 0.02516622 0.032579 0.02161722 0.01068615 0.01777893 0.07724071 0.04413934 0.01679311 0.01499234 0.03713612 
0.07976409 0.1522282 0.1292489 0.2009409 0.1650939 0.1691264 0.1261857 0.0709985 0.05286131 0.04142968 0.02317705 0.06593062 0.03045317 0.04416916 0.06082435 0.1432354 0.1514603 0.1157937 0.1349869 0.1521518 0.09575545 0.05496813 0.04828743 0.05918625 0.06776443 0.08076665 0.06084008 0.06509914 0.06565628 0.0640354 0.04782968 0.04007531 0.04375336 0.05572819 0.05573435 0.03457634 0.02634655 0.02448203 0.02386803 0.02919809 0.04813926 0.05598725 0.04173542 0.0310923 0.02787732 0.0302592 0.03105545 0.03592717 0.02890332 0.01329405 0.02276583 0.06473419 0.0644408 0.02032884 0.008571047 0.01893198 
0.09852201 0.1130642 0.2180617 0.2003589 0.1224719 0.1411296 0.1639139 0.1351564 0.07433124 0.09734065 0.0767119 0.04360516 0.02304691 0.06603304 0.101756 0.1599155 0.1485009 0.1162811 0.07385103 0.1173852 0.06607866 0.07289366 0.0738719 0.07527189 0.0671391 0.06742086 0.06549943 0.0559011 0.06474464 0.05644329 0.05211519 0.06754795 0.0597955 0.06298792 0.05742104 0.04554302 0.03757374 0.03557514 0.03262115 0.03123536 0.06100378 0.05045576 0.02845635 0.01819526 0.03930816 0.07309374 0.0520997 0.04452985 0.03861731 0.02626539 0.03295544 0.01623415 0.03090608 0.02117793 0.0179521 0.01754997 
0.05425171 0.08071244 0.1937729 0.1916683 0.1510314 0.1349554 0.1151392 0.1933305 0.07898071 0.05872772 0.05832471 0.04554196 0.04908678 0.139581 0.1433205 0.08941042 0.09049831 0.05547495 0.05469003 0.05011951 0.07103474 0.06570558 0.08427364 0.08445024 0.08739385 0.06601279 0.06116595 0.05988161 0.06524008 0.0597643 0.05468714 0.07576333 0.06536408 0.06049065 0.05832211 0.06008663 0.04809235 0.04612953 0.0498068 0.03322051 0.02909135 0.03707147 0.02805872 0.01754802 0.05506148 0.08218058 0.01857422 0.02787567 0.03935081 0.02118781 0.01072486 0.01019463 0.008365142 0.01645306 0.0221784 0.02447434 
0.07799583 0.06262013 0.06538028 0.2299378 0.09919092 0.1413118 0.08654263 0.2842456 0.1457415 0.05591366 0.066896 0.08791664 0.09557287 0.1497456 0.1726879 0.1747412 0.1804706 0.1178056 0.06597569 0.05860439 0.0772307 0.08801512 0.07264021 0.1357675 0.1249003 0.09988264 0.05876599 0.06708378 0.08516837 0.07211555 0.06276017 0.06883924 0.06831136 0.06996185 0.06930082 0.05720134 0.07276095 0.06801109 0.04406087 0.03753664 0.03949829 0.04938788 0.05055837 0.03130748 0.01694256 0.01190965 0.02569728 0.0397344 0.03619929 0.01560923 0.01402095 0.01533773 0.00792269 0.01317699 0.02213847 0.002569579 
0.06770483 0.0770459 0.09737615 0.1781902 0.1373014 0.08315098 0.08147924 0.141248 0.06535156 0.1030856 0.2193947 0.1488259 0.1248103 0.148321 0.2036156 0.2275825 0.2151874 0.1501522 0.143231 0.178289 0.1198229 0.1536318 0.09207542 0.09251193 0.0745745 0.1136415 0.07723359 0.06998289 0.08847123 0.07676209 0.06786217 0.07518591 0.08373882 0.07108721 0.08604886 0.09936352 0.1014757 0.1042818 0.04966562 0.05313268 0.06386435 0.06497698 0.05799893 0.03256168 0.01485536 0.005998447 0.01507364 0.02024073 0.01027939 0.01366011 0.02251987 0.02824407 0.01314252 0.01497297 0.02018916 0.02123768 
0.1582018 0.1353028 0.1593069 0.1955829 0.1627158 0.1181579 0.1041748 0.1570182 0.1234788 0.163582 0.3645397 0.2530872 0.1677448 0.207519 0.2711601 0.2969903 0.2006982 0.1516871 0.2048302 0.2029025 0.1518212 0.1293654 0.0979145 0.09176872 0.08647732 0.1056879 0.1098224 0.09533396 0.09436479 0.1010355 0.09485092 0.08988744 0.08959274 0.09042715 0.09851737 0.1318909 0.1315687 0.1236216 0.08723536 0.08047069 0.08870669 0.08585862 0.07390059 0.03844651 0.02199076 0.02532632 0.01773178 0.0275274 0.01193612 0.012631 0.0126275 0.04098999 0.0243085 0.02677736 0.01719848 0.01750077 
0.1944014 0.2360383 0.1815711 0.1476936 0.194555 0.1387001 0.1626988 0.1519292 0.2241677 0.1569544 0.230973 0.2187788 0.3416452 0.2998309 0.3062948 0.3419338 0.3180932 0.2006257 0.252418 0.2815197 0.2828571 0.2362145 0.1731095 0.1254202 0.1113194 0.1139108 0.1214445 0.1074588 0.1183036 0.1311961 0.1140666 0.1038262 0.1219156 0.1130269 0.1334276 0.1489927 0.1308931 0.1095051 0.1073465 0.1107826 0.09653304 0.09298847 0.0737854 0.03644866 0.04389551 0.02961542 0.03018499 0.02518678 0.02147918 0.01625511 0.02376898 0.03088232 0.03882293 0.02176509 0.01734713 0.02035766 
0.2222785 0.2843679 0.1785605 0.2530296 0.2057041 0.1822918 0.195831 0.07059479 0.3003543 0.2879016 0.1485566 0.1814457 0.3323009 0.3676544 0.4210675 0.3302522 0.2551181 0.2473542 0.2826985 0.2400948 0.1859383 0.1472344 0.1245183 0.1265325 0.1246787 0.1227909 0.1511259 0.1215826 0.130536 0.1436503 0.1206995 0.1115285 0.1416553 0.1430102 0.1398945 0.1223125 0.101824 0.09843366 0.1377631 0.1302609 0.1344959 0.07915895 0.06041303 0.03259932 0.0286088 0.03063572 0.02687203 0.02110631 0.02178015 0.01832078 0.02414958 0.02048577 0.01077755 0.02323637 0.01440739 0.00334408 
0.3918642 0.3837722 0.2507215 0.2011633 0.1537422 0.122412 0.1250948 0.07071925 0.08436032 0.1087731 0.2579916 0.2571709 0.2909819 0.3234266 0.3016152 0.2405901 0.1639011 0.1540913 0.2122494 0.1872804 0.1844677 0.1492155 0.1286318 0.1282773 0.1437988 0.1730465 0.1893991 0.1692437 0.1322978 0.1233392 0.1122823 0.1090445 0.1236548 0.1179764 0.1220136 0.09498154 0.09280622 0.1118878 0.1280528 0.1129978 0.1042837 0.07931629 0.06590122 0.03344886 0.03043617 0.02903297 0.02168504 0.0194037 0.02150388 0.01781952 0.02133801 0.01605853 0.01470643 0.009822536 0.005456548 0.0003183791 
0.4208871 0.4166084 0.2635325 0.2376918 0.1172708 0.07506398 0.0844603 0.1626245 0.1831134 0.1606984 0.2343005 0.2047148 0.2292974 0.2643059 0.2356505 0.2792391 0.1996278 0.2421332 0.294579 0.1646512 0.1662299 0.1376281 0.1266162 0.12717 0.170338 0.1906701 0.2074885 0.178116 0.1342851 0.1188385 0.129748 0.1055977 0.0884122 0.08435629 0.07695726 0.07260115 0.07486553 0.0719258 0.07536684 0.06370922 0.05615922 0.06099408 0.04855529 0.03907027 0.03981836 0.03380014 0.04803691 0.03173914 0.01865052 0.02400153 0.01914504 0.01809587 0.001879883 0.0117034 0.0005825681 0.0003950252 
0.442776 0.3789839 0.2061133 0.1666615 0.06159174 0.08244485 0.07608105 0.2202879 0.1979084 0.2000096 0.2686504 0.2353147 0.2576602 0.2853428 0.2403172 0.2263127 0.2408185 0.2585769 0.2431181 0.226402 0.2059187 0.1098231 0.1032358 0.1363946 0.2160549 0.2127093 0.1937956 0.1712065 0.1558177 0.1219964 0.1272812 0.0984135 0.07610875 0.07615924 0.06840871 0.05898282 0.05988138 0.06592301 0.071717 0.07172991 0.05113498 0.04882252 0.05064658 0.06948449 0.047569 0.0376397 0.02487208 0.0325792 0.0375195 0.03071492 0.01982868 0.01643218 0.008474444 0.002764625 0.0005905746 0.001151309 
0.4077499 0.4047118 0.2379861 0.1591211 0.06860225 0.07958451 0.176116 0.2780741 0.2341519 0.2232164 0.2538258 0.2988148 0.2850736 0.2528945 0.2304581 0.2324184 0.2665434 0.2862826 0.2195539 0.2100706 0.1596279 0.09647343 0.09663665 0.1452447 0.1535418 0.2727456 0.2204717 0.1690752 0.1572602 0.1228346 0.100449 0.09007028 0.08441561 0.08279878 0.07343535 0.06174855 0.07284991 0.07503373 0.09056111 0.05759816 0.04874164 0.04056768 0.04565189 0.04424784 0.03980274 0.02506636 0.01794266 0.04453443 0.04499159 0.01904523 0.03709862 0.01704732 0.003064259 0.003370698 0.004025312 0.01073046 
0.3897752 0.3167485 0.2824504 0.189826 0.1364253 0.1550558 0.2846037 0.2846429 0.2371412 0.2275954 0.2329997 0.2641325 0.3458916 0.3579815 0.2098295 0.2619154 0.2927825 0.2807106 0.2080068 0.1574737 0.1101396 0.09421878 0.09565318 0.128791 0.1524418 0.1921442 0.1720047 0.1301582 0.1260882 0.1101255 0.09465176 0.07817343 0.08270574 0.07915487 0.07639225 0.07427292 0.08245367 0.07607636 0.07220856 0.05957787 0.05619392 0.04938005 0.0423844 0.0315462 0.0225086 0.01736069 0.02210754 0.03897927 0.03132527 0.01742147 0.02097461 0.01290832 0.003545071 0.005131737 0.006205793 0.004353562 
0.4394358 0.4471334 0.3073173 0.196175 0.1352286 0.1501285 0.1808149 0.260582 0.2139388 0.2235052 0.2161712 0.2704637 0.3365852 0.4808974 0.2667681 0.3561117 0.2965244 0.2612862 0.1425527 0.1129844 0.09353268 0.06594621 0.09070345 0.1570856 0.2522824 0.1684923 0.1346126 0.1172038 0.1001938 0.08216817 0.0679471 0.07579213 0.07217775 0.07366042 0.08045856 0.08543109 0.09531939 0.09335582 0.08484431 0.07746109 0.06689101 0.05908414 0.05065181 0.03548634 0.02880064 0.02039088 0.02494136 0.02473018 0.019925 0.01138542 0.01256369 0.01957315 0.01009088 0.04747537 0.01362999 0.004122465 
0.4347565 0.3798344 0.3267681 0.234086 0.2549684 0.1801201 0.1289222 0.2001063 0.1802008 0.2012523 0.1996582 0.2686652 0.2971052 0.3563476 0.3404768 0.337743 0.2942807 0.2495819 0.1779751 0.1083059 0.1025999 0.07320016 0.08597963 0.1453693 0.1478419 0.141605 0.1433037 0.1120454 0.09203611 0.06838654 0.06406658 0.05958963 0.06235554 0.07439566 0.08510948 0.09505799 0.09170755 0.09657813 0.09402081 0.08012201 0.07248633 0.06669715 0.05512856 0.03612351 0.02946112 0.02355908 0.02072204 0.0231127 0.01697274 0.01972284 0.01844992 0.03595576 0.07752223 0.02746913 0.006810076 0.01488581 
0.5194163 0.3154058 0.2186519 0.1129123 0.1544727 0.21758 0.193725 0.2395269 0.2028377 0.1835239 0.1912027 0.2970276 0.2714587 0.2500228 0.2553155 0.259088 0.3272397 0.3616637 0.1965147 0.1496269 0.0792153 0.04257505 0.05536181 0.1285883 0.1240338 0.1377332 0.1544971 0.1353591 0.1038139 0.06279791 0.06171515 0.05549029 0.06268814 0.0733581 0.09503952 0.1032984 0.1031458 0.1042378 0.103041 0.08901835 0.08335279 0.0768439 0.06640725 0.04320413 0.03822132 0.02966904 0.03044953 0.02695561 0.01956953 0.01982944 0.01978399 0.04276577 0.01692988 0.01051327 0.01810855 0.005403225 
0.6347249 0.3779317 0.1966003 0.1151335 0.1309127 0.2520992 0.2765605 0.2606531 0.2226623 0.1816002 0.1850068 0.2283243 0.2396549 0.1739946 0.2194313 0.2329196 0.2554664 0.278721 0.2260959 0.1205758 0.06191606 0.04666507 0.08515974 0.1221698 0.1329827 0.1772897 0.191991 0.1226958 0.08748251 0.07806486 0.06434704 0.06342538 0.06250536 0.07585417 0.09452924 0.1158056 0.1220217 0.1164679 0.1195829 0.1023382 0.106311 0.09765914 0.08244544 0.05401614 0.05767309 0.0435295 0.03466953 0.03128408 0.06744696 0.03240664 0.03204924 0.01533967 0.02059731 0.01025749 0.002273684 0.007096774 
0.6891147 0.5827439 0.2340645 0.144541 0.1752403 0.3061611 0.3190339 0.2899552 0.2459769 0.291702 0.2120298 0.2054701 0.1558605 0.1533763 0.1451535 0.152651 0.1656689 0.171799 0.1689926 0.1233972 0.09422555 0.08321857 0.1097999 0.09559049 0.1361664 0.1512871 0.1516795 0.1214834 0.09695601 0.09140497 0.0849404 0.08710511 0.06747802 0.08762104 0.1047888 0.1241523 0.1296038 0.1399452 0.1422784 0.1407179 0.1464831 0.1332106 0.1277787 0.07568728 0.08465183 0.05166636 0.03637893 0.02174468 0.02218756 0.01858936 0.00978543 0.01038258 0.01146331 0.0001524473 0.0001616676 0.007620967 
0.4534534 0.3951655 0.2449541 0.1516203 0.2267402 0.2926097 0.2878772 0.2822479 0.2839772 0.2839426 0.2251869 0.2296467 0.2145536 0.1805142 0.1387381 0.1680776 0.130983 0.1541093 0.1324327 0.1171227 0.1613791 0.1144065 0.1231352 0.1289954 0.1343122 0.1178926 0.1213232 0.1014181 0.09609256 0.1029297 0.1212299 0.07724349 0.07568343 0.09769343 0.1119769 0.11599 0.1408222 0.16803 0.1687237 0.158957 0.1633987 0.1488475 0.1316719 0.08569659 0.06916201 0.05684339 0.04863333 0.02418546 0.01846369 0.01237831 0.01339494 0.009962555 0.0002163997 8.501539e-005 0.0002114845 0.003508064 
0.4357503 0.3094393 0.2187442 0.2088178 0.2575208 0.3568232 0.3040095 0.2310856 0.2174204 0.2327647 0.2516469 0.2945351 0.2602663 0.1976115 0.1785504 0.1862657 0.1845796 0.1710213 0.1528231 0.1484898 0.2178705 0.2193243 0.1800371 0.1462061 0.1352944 0.1253867 0.1420981 0.1295864 0.09974369 0.09055634 0.07889928 0.07439616 0.08438362 0.09687221 0.1059032 0.1188952 0.1428566 0.1596901 0.1872637 0.2213325 0.1684675 0.1508145 0.1248983 0.08166845 0.07249708 0.06550388 0.05196141 0.02006835 0.01200181 0.01403961 0.01234226 0.001241568 0.0009876991 3.200991e-005 3.200991e-005 0 
0.3522773 0.2967402 0.3137319 0.2499554 0.2048202 0.1988515 0.2432837 0.3252496 0.2589875 0.271406 0.2923912 0.2994668 0.2917013 0.2415918 0.3091843 0.1984957 0.2122901 0.2097241 0.2084122 0.1845473 0.1819191 0.2500395 0.2124094 0.16079 0.1712475 0.1172023 0.113465 0.09901135 0.09922215 0.09889118 0.09005407 0.08870594 0.08107378 0.1046986 0.1035894 0.1264824 0.1555032 0.1472223 0.1725393 0.1928042 0.1829454 0.1695561 0.1327194 0.09045755 0.08528856 0.08997746 0.05859568 0.01597007 0.01220909 0.01063885 0.01123967 0.001133264 0.002643523 0.0006461535 3.208147e-005 0 
0.2911459 0.2150518 0.2528833 0.2637583 0.2425988 0.2031585 0.2273061 0.3401645 0.27493 0.2970046 0.3030906 0.2687235 0.2688633 0.2638765 0.2105414 0.1767824 0.2122839 0.2210213 0.21508 0.2676478 0.1537187 0.1342742 0.1382313 0.1484091 0.1406551 0.1262417 0.09591031 0.08570971 0.1483069 0.1171224 0.1027929 0.08718415 0.07911526 0.117706 0.09978056 0.1225739 0.2495213 0.1224325 0.1333365 0.2164723 0.232503 0.2118375 0.1670221 0.1008387 0.09352925 0.1025571 0.06808402 0.02169293 0.0140767 0.01131969 0.006500435 4.032258e-005 0.0002419355 0.0009274193 4.032258e-005 0.0005241935 
0.2404038 0.2139491 0.2015692 0.1875592 0.2087534 0.2323151 0.2622119 0.310127 0.3467646 0.3431626 0.2774844 0.2388865 0.3035642 0.2485811 0.1786284 0.2094905 0.1879631 0.1673551 0.1917602 0.1750173 0.1304248 0.151219 0.1476448 0.1429008 0.07673713 0.1114079 0.09436472 0.1087287 0.1631961 0.1627207 0.1104273 0.1164903 0.1149197 0.0996362 0.07808354 0.1082727 0.1253855 0.1166311 0.142984 0.1971408 0.2347584 0.2491012 0.1776728 0.1112606 0.09101129 0.09812706 0.06248817 0.02155603 0.01359826 0.008444079 0.008820621 0.001290323 4.032258e-005 0 0.0006451613 0.003870968 
0.2834074 0.2337668 0.2655538 0.2445558 0.1799097 0.2057949 0.198211 0.3527634 0.3138393 0.3123504 0.2634653 0.2352819 0.2624532 0.2604918 0.2082855 0.2072287 0.1666104 0.1501067 0.1603532 0.1389375 0.1356472 0.1817362 0.1875018 0.1616808 0.08720445 0.1110239 0.09262718 0.09862593 0.1012883 0.1413006 0.121378 0.1389561 0.1346398 0.1149786 0.0994755 0.107478 0.1047288 0.1186964 0.147661 0.2000471 0.2311615 0.2495051 0.1887513 0.1138331 0.1010941 0.09742323 0.05593736 0.02443943 0.01935552 0.01013155 0.01032938 0.002177419 0 0 0 0.004032258 
0.2399083 0.2348943 0.2044946 0.140681 0.1410988 0.1724323 0.1927683 0.2713707 0.3059562 0.288844 0.2569583 0.2293715 0.2636787 0.275935 0.2845257 0.2293318 0.1788926 0.1486975 0.1325286 0.1555967 0.1531935 0.170243 0.2120481 0.1893809 0.09172527 0.09289341 0.08569594 0.1021544 0.1078259 0.1273588 0.1494232 0.1974754 0.1655229 0.1213264 0.09087944 0.09918451 0.09862988 0.1185765 0.148419 0.1942779 0.2242175 0.2289909 0.1808964 0.1221665 0.0992545 0.1126818 0.06913083 0.02974905 0.02474655 0.01125584 0.01117141 0.002822581 0 0 0.0001209677 0.001008064 
0.2122964 0.2132307 0.2047781 0.1900969 0.1358966 0.1719142 0.2792502 0.2111394 0.2483183 0.2738327 0.1930124 0.184138 0.1857387 0.2658781 0.2777568 0.2473843 0.180104 0.1594882 0.1920527 0.1487068 0.1529604 0.1674821 0.1942181 0.1270484 0.1069897 0.1073205 0.1072088 0.1794017 0.2068425 0.2088144 0.1923759 0.1578354 0.1758263 0.148951 0.1057174 0.1221673 0.1093224 0.1192919 0.19377 0.2034027 0.1928923 0.1819346 0.1530846 0.1303748 0.09011757 0.08725505 0.05904214 0.009556452 0.01362903 0.01854839 0.02782258 0.006330645 0.0003225806 0 0.001048387 0.004153226 
0.2304537 0.1598963 0.1370367 0.1873558 0.1341611 0.1749584 0.2554789 0.2427155 0.2479516 0.25243 0.2119569 0.2167238 0.2393827 0.242013 0.2637451 0.2363831 0.1816976 0.1856109 0.2011524 0.1745961 0.1604215 0.1841695 0.1709072 0.1479087 0.1596224 0.1256877 0.1522752 0.2210211 0.2387526 0.2316535 0.1786999 0.1455702 0.1467744 0.1108883 0.1159461 0.1408787 0.1228869 0.1440624 0.1665608 0.1868185 0.179981 0.1664709 0.1485675 0.1276853 0.1297541 0.1053711 0.07046762 0.02084677 0.006008064 0.006774193 0.01697581 0.04092742 0 0.001129032 0.001370968 0.002620968 
0.2177793 0.1347203 0.1593124 0.1797804 0.1187674 0.1329542 0.1860663 0.1895473 0.1594893 0.2265246 0.2137886 0.218448 0.2294621 0.2340565 0.2300168 0.2503921 0.2271975 0.1917695 0.2009744 0.1884357 0.1572967 0.1718037 0.1733878 0.1884307 0.1914775 0.1768655 0.1721821 0.2218063 0.224038 0.2304844 0.1853467 0.1435037 0.1707359 0.165715 0.1339976 0.1385203 0.1350627 0.1509266 0.1499662 0.183623 0.1984103 0.1580037 0.1400532 0.1495659 0.1142911 0.09644039 0.0819905 0.007782258 0.008790322 0.004193548 0.005846774 0.004758064 0.01116935 0.006895161 0.003830645 0.009435484 
0.2030589 0.2604406 0.2695606 0.2328791 0.1828009 0.189239 0.1748222 0.1836865 0.1484526 0.2035792 0.198326 0.2207316 0.2405568 0.2377814 0.2257383 0.2202309 0.2224078 0.2056726 0.2092949 0.2158067 0.2019189 0.168955 0.1731579 0.1981739 0.1945551 0.1973554 0.2208898 0.2286476 0.2267434 0.2372152 0.1569324 0.1507958 0.1630197 0.1497807 0.1323481 0.1214366 0.1486019 0.1262552 0.12865 0.1616868 0.1630145 0.1681947 0.1442316 0.125306 0.1063491 0.09085568 0.08063582 0.002903226 0.003467742 0.002903226 0.004637097 0.01092742 0.01108871 0.01080645 0.006088709 0.01439516 
0.2070225 0.2374514 0.38728 0.2134729 0.2616346 0.2277337 0.1778032 0.157584 0.1452629 0.1948202 0.1715752 0.1912702 0.1934757 0.1799047 0.1930875 0.2057421 0.2113704 0.2141244 0.1800073 0.2105156 0.247757 0.2539648 0.2235522 0.2327799 0.2242617 0.2269728 0.2066352 0.1729316 0.1956909 0.2058766 0.1207467 0.1413673 0.1304825 0.1265251 0.117854 0.09034902 0.09057602 0.1150202 0.1205289 0.1736052 0.1659858 0.1729909 0.1880282 0.1228184 0.1041742 0.09929383 0.09140307 0.001895161 0.003951613 0.0008064515 0.004395161 0.01185484 0.01298387 0.001330645 0.008508064 0.01504032 
0.3022346 0.2531201 0.3049033 0.1923282 0.2138285 0.2401497 0.1607338 0.1516726 0.1561785 0.1796862 0.178424 0.16549 0.1762683 0.1192422 0.1691215 0.2031368 0.1408526 0.1443357 0.1788248 0.2310486 0.2357773 0.2450378 0.2482343 0.2058233 0.1807578 0.1800376 0.1781151 0.1718608 0.1806817 0.162476 0.1263 0.1109253 0.1326603 0.1433304 0.1482074 0.1144346 0.167681 0.1301319 0.1393328 0.1665021 0.157633 0.1826168 0.202497 0.1727973 0.1121641 0.1217534 0.09672299 0.04298387 0.03995968 0.01520161 0.007822581 0 0.008024193 0.01423387 0.01870968 0.02282258 
0.2266341 0.2214643 0.2410467 0.1440491 0.1425034 0.2065083 0.234724 0.1666936 0.181755 0.1852134 0.198477 0.1808039 0.1643106 0.1784517 0.1568401 0.1554358 0.1450113 0.1524062 0.1440254 0.2150989 0.2142359 0.1847684 0.2019503 0.2013768 0.1884831 0.2015978 0.1573408 0.1663916 0.1853121 0.1759152 0.1731542 0.1340938 0.15603 0.1408736 0.1503118 0.1642632 0.2187087 0.2118874 0.2168322 0.1993169 0.1626922 0.1738629 0.1715518 0.1194549 0.09414051 0.09739934 0.1024958 0.02991935 0.03024193 0.02842742 0.03939516 0.01092742 0.01108871 0.02467742 0.04354839 0.04201613 
