ncols         56
nrows         54
xllcorner     28.264
yllcorner     -5.7719999999999
cellsize      0.25
NODATA_value  -9999
0.0003344277 0.01519059 0.009966867 0.007007636 0.003658406 0.002974042 0.001297223 0.0108234 0.0003727536 0.0004296092 0.0004800177 0.00118714 0.00527907 0.001005834 0.00144626 0.005408944 0.003264041 0.004169712 0.007223492 0.03956868 0.04158825 0.06568638 0.0418223 0.02665791 0.03010695 0.05865897 0.1047572 0.1306962 0.1373084 0.09688777 0.06009955 0.0726142 0.1084833 0.1056527 0.0769228 0.05967893 0.0703783 0.07395465 0.07403531 0.06083421 0.03932581 0.03038729 0.03748023 0.05439052 0.08067755 0.07198773 0.05998213 0.0588513 0.06573676 0.06047509 0.04019067 0.02417388 0.02883398 0.02245003 0.02070428 0.00276525 
0.00770831 0.0007481069 0.001111343 0.008805953 0.004592273 0.001467124 0.008818907 0.01540389 0.0005143939 0.0005761787 0.002531304 0.01060376 0.007550912 0.001762005 0.007054774 0.003589187 0.002828232 0.005315608 0.01422582 0.05507085 0.0530538 0.0523472 0.02127404 0.02821913 0.03670786 0.1080866 0.14207 0.1119894 0.09316864 0.06781026 0.05120986 0.07417731 0.09278303 0.08739432 0.06421171 0.04542151 0.05437841 0.07843515 0.06874184 0.05350627 0.03702378 0.02660512 0.0355403 0.05836711 0.06752588 0.0463451 0.04450703 0.06339456 0.0714405 0.060005 0.03553843 0.02335228 0.02613514 0.02225837 0.0201095 0.002695892 
0.0006951989 0.0009138539 0.001556658 0.008029292 0.003445552 0.002299447 0.00772462 0.0123454 0.007715215 0.006692713 0.004469308 0.01193666 0.003622636 0.004017734 0.002237147 0.001751845 0.00455826 0.01860169 0.04588661 0.04494573 0.04475199 0.03741978 0.03154213 0.04681099 0.08101922 0.1104746 0.1085915 0.08518939 0.06309114 0.07055471 0.04984066 0.05993801 0.07734385 0.09255492 0.07302174 0.05680744 0.05561913 0.06216696 0.07523285 0.0819409 0.04991036 0.03693766 0.04762233 0.04289922 0.05078146 0.04757827 0.0505698 0.04646803 0.05479436 0.0417067 0.03460252 0.0293078 0.02709317 0.02068684 0.01904054 0.01029724 
0.003575248 0.002937308 0.003022495 0.004565463 0.007420075 0.00702309 0.006718642 0.008703634 0.009169975 0.003397403 0.0009504044 0.005761965 0.009331676 0.002692458 0.001824753 0.001883726 0.001942519 0.01540591 0.029965 0.04738553 0.0496691 0.06178261 0.04221451 0.0431452 0.08322775 0.08927932 0.146076 0.1214266 0.07966001 0.08105198 0.05586006 0.05236633 0.08438149 0.07386313 0.06181594 0.04274587 0.04504403 0.04211727 0.04159987 0.05661483 0.05433922 0.0550936 0.04637643 0.05081403 0.0396069 0.05113872 0.09164329 0.06332913 0.05915033 0.03723948 0.03863343 0.04700709 0.04540181 0.02124317 0.02079219 0.02476312 
0.003855927 0.004246692 0.003777996 0.004005715 0.005752926 0.006789018 0.006646884 0.0007937975 0.0008905379 0.0009600568 0.001244248 0.006865968 0.001124563 0.001159032 0.005918869 0.007694755 0.009929704 0.01982597 0.03279094 0.06071948 0.06266946 0.05073252 0.06716709 0.04568866 0.06600942 0.0886084 0.09968871 0.1008637 0.08653845 0.08933638 0.07974758 0.06161531 0.06274661 0.05207773 0.056635 0.04736014 0.04797425 0.02813501 0.02616028 0.02464596 0.04306575 0.02987653 0.04152968 0.04036942 0.03424974 0.0326045 0.05106349 0.04817196 0.05013008 0.04234791 0.05296311 0.057824 0.0487172 0.02499678 0.03013549 0.02089237 
0.002834316 0.003673186 0.003606668 0.00583368 0.006769788 0.00662844 0.007647898 0.0009001538 0.0009950807 0.001067127 0.001117485 0.001216589 0.01117531 0.003354671 0.009470598 0.01018663 0.03511906 0.04457434 0.04277046 0.05751391 0.04963142 0.04905019 0.03935754 0.0548699 0.04659627 0.04655892 0.09691032 0.08052986 0.07342891 0.07890444 0.06616756 0.05366365 0.06323217 0.05829924 0.06282326 0.06157632 0.04024641 0.02474273 0.02402262 0.02177991 0.02633459 0.03199347 0.04515768 0.04279834 0.03277727 0.0364509 0.04292503 0.05220318 0.05544905 0.05086072 0.05848634 0.06217729 0.04342175 0.03795077 0.02671191 0.01736062 
0.003375026 0.004065082 0.004994872 0.006707494 0.008937664 0.0086732 0.008520367 0.0009825435 0.001070088 0.001206195 0.001291077 0.001243941 0.006547263 0.005818007 0.007973595 0.00811394 0.02858865 0.05922162 0.0575856 0.05524094 0.05412055 0.04789039 0.03902777 0.02217384 0.03666265 0.08092228 0.04709189 0.04604172 0.04887071 0.03452387 0.06185362 0.05402166 0.06756711 0.1186986 0.05143021 0.04219997 0.03220092 0.0204598 0.02975489 0.04073538 0.04004663 0.03086655 0.02962418 0.03536879 0.03357793 0.04801265 0.04693047 0.05386471 0.05367485 0.04777304 0.04452046 0.04495678 0.03412868 0.04921976 0.02458811 0.01246497 
0.004960408 0.008248067 0.001700655 0.003433276 0.003746596 0.003959011 0.0006276013 0.01110088 0.01279447 0.0131298 0.01496559 0.01794927 0.01926496 0.01824284 0.01528098 0.01625097 0.02376944 0.02922335 0.04512626 0.03492554 0.02013816 0.01859033 0.03798964 0.01881187 0.02238113 0.04187518 0.02355335 0.01359463 0.02048246 0.03864438 0.09489598 0.07766257 0.07534954 0.1070571 0.05229862 0.04435509 0.03024889 0.04243863 0.1032892 0.09205899 0.05600374 0.03501596 0.03028197 0.03289379 0.02861155 0.05023161 0.03618925 0.04811259 0.033009 0.04153446 0.07256231 0.08630517 0.09375212 0.06960283 0.05448168 0.0151819 
0.004324077 0.008752093 0.002286951 0.003813275 0.007135511 0.0009153686 0.001462966 0.01497415 0.01231806 0.01400769 0.02255378 0.03407438 0.02638588 0.0191806 0.02134595 0.03653335 0.03144832 0.01900786 0.02891441 0.0296772 0.01752577 0.03852613 0.03178781 0.01615487 0.02833597 0.02864556 0.02266299 0.04122408 0.03202504 0.07339082 0.08683089 0.08627307 0.06720516 0.06752352 0.04353091 0.04648039 0.04747409 0.05677924 0.08564754 0.06454924 0.0589791 0.03764303 0.02524299 0.02771677 0.01861495 0.02627537 0.03215723 0.02634203 0.02696543 0.02752714 0.049538 0.06633925 0.09379484 0.08957482 0.04608567 0.002475543 
0.002513035 0.002153067 0.00199575 0.002993641 0.01653702 0.01949471 0.007185979 0.01700085 0.02107126 0.02637716 0.02811953 0.0270276 0.02045114 0.02112979 0.04226365 0.0604368 0.06655965 0.03402506 0.02647532 0.04751316 0.07530209 0.03666414 0.02578271 0.01996237 0.03292836 0.03734813 0.03687415 0.04185935 0.01967418 0.02370952 0.07505446 0.0959826 0.0643603 0.05485394 0.06474417 0.07351384 0.07071584 0.04367842 0.04626255 0.03761261 0.04122621 0.03785146 0.03004761 0.03706619 0.03813873 0.03080958 0.01960952 0.02236585 0.02466747 0.02031558 0.03642577 0.04545512 0.03032944 0.03132832 0.02056519 0.008985353 
0.005652947 0.002815333 0.003302778 0.01033126 0.01517249 0.01142086 0.009184963 0.02274094 0.04896271 0.05598374 0.08127005 0.04066196 0.03114941 0.1056546 0.1160192 0.1105329 0.06101432 0.02802218 0.0296001 0.05630012 0.07421482 0.01038553 0.01905182 0.02233516 0.02903225 0.04111444 0.03753162 0.03028358 0.0187024 0.02108833 0.06357877 0.05595833 0.04852424 0.05573159 0.05351612 0.0644123 0.05350696 0.03200474 0.01799193 0.0230395 0.03068315 0.03508793 0.02690029 0.03277173 0.03373701 0.02160915 0.01613557 0.02459076 0.02567017 0.0525347 0.0287117 0.001706211 0.0009962681 0.007262495 0.006494706 0.001275658 
0.02012878 0.01849655 0.01261622 0.02504952 0.02024111 0.02160166 0.03384617 0.03638425 0.06273066 0.05965411 0.09778592 0.06467583 0.05464778 0.08217674 0.1430294 0.08453961 0.06388978 0.03398577 0.02506976 0.04374479 0.04594326 0.007887073 0.009771528 0.01965724 0.02664059 0.04096362 0.02486593 0.01915698 0.01550586 0.01679507 0.02716721 0.0207136 0.04162465 0.02600778 0.025853 0.04232036 0.04899573 0.03769017 0.0203172 0.02197745 0.02595292 0.0250522 0.02465749 0.04377193 0.03448808 0.0228782 0.03630465 0.04630709 0.02737567 0.06123944 0.05290522 0.01567367 0.008196129 0.008240116 0.002964285 0.001907918 
0.02785899 0.04865706 0.03608106 0.04950155 0.05368629 0.06504137 0.05396825 0.05447025 0.06261275 0.047294 0.05013354 0.08476032 0.07608657 0.09931712 0.1115225 0.1044788 0.04411626 0.02061043 0.02431622 0.01274463 0.02425851 0.02481678 0.004886589 0.01018016 0.01641778 0.01342005 0.02025736 0.01256541 0.01202171 0.01684217 0.03993881 0.02078526 0.0445669 0.03216451 0.02175072 0.04025868 0.03845574 0.01864903 0.01655095 0.03140964 0.02551752 0.02092323 0.03048677 0.03269738 0.04452081 0.02577364 0.04057926 0.04297351 0.03215102 0.06186679 0.05747105 0.004722865 0.008198177 0.004890373 0.002026251 0.001051171 
0.08257978 0.05339128 0.06252071 0.07446881 0.05644436 0.07958262 0.08031377 0.07543837 0.07656346 0.0863656 0.07408883 0.06627003 0.09061313 0.08621491 0.06560799 0.06392027 0.03645641 0.03493464 0.02782223 0.009309345 0.03529076 0.03437697 0.00703403 0.01383927 0.01830697 0.02170132 0.02017677 0.0211951 0.01477724 0.02201106 0.03010706 0.0369974 0.06123359 0.07389926 0.05469142 0.05084041 0.0474386 0.06172284 0.05806237 0.06724286 0.05577043 0.03543473 0.03580968 0.04425896 0.04646413 0.04920808 0.03320032 0.0303129 0.04443206 0.03963413 0.02610665 0.003368911 0.004144804 0.001792239 0.001409046 0.0006910771 
0.1490667 0.06126219 0.06701656 0.08932403 0.1024413 0.08735617 0.09051514 0.1008017 0.100393 0.09378255 0.0799416 0.07916138 0.08389857 0.06118136 0.03859973 0.04706095 0.0419344 0.06422549 0.05432763 0.05385835 0.04912326 0.02064366 0.02661006 0.0297403 0.04669748 0.03107429 0.02169131 0.02649496 0.02432543 0.05042969 0.03732727 0.03245394 0.05561458 0.1018861 0.08937373 0.04155767 0.05280466 0.07869607 0.07071233 0.09280383 0.0650804 0.04129741 0.04654768 0.03573868 0.04690197 0.02438598 0.02007563 0.04164987 0.03326716 0.008176689 0.006742964 0.002861119 0.005115375 0.001414588 0.001100573 0.0005322862 
0.155975 0.1167655 0.110671 0.1087461 0.1115554 0.09239618 0.08950328 0.1038595 0.09530293 0.08313554 0.08529058 0.1258294 0.0896072 0.05468584 0.04255394 0.05174332 0.0472924 0.06437092 0.07211435 0.05027689 0.01393725 0.02746905 0.03107323 0.05371239 0.07204617 0.06668002 0.03860318 0.04315944 0.03919733 0.07760086 0.03299343 0.03980402 0.06121126 0.0952116 0.09188844 0.08311755 0.1185311 0.1224946 0.09922893 0.09490251 0.07622408 0.06129461 0.06491958 0.05870051 0.06342132 0.02411883 0.0239014 0.04378341 0.03880665 0.003770446 0.003066255 0.006390288 0.005909136 0.0006744409 0.0005158317 0 
0.1067368 0.1528487 0.1316297 0.1159036 0.1158407 0.1137156 0.1371075 0.1603436 0.1518561 0.1483073 0.1174903 0.114402 0.06583025 0.05779098 0.04775096 0.05392253 0.04966983 0.07405043 0.04615358 0.04737834 0.02989486 0.02401077 0.0189513 0.0359474 0.05956694 0.04404552 0.06508574 0.06578955 0.04050749 0.04136091 0.02678205 0.02140947 0.03772524 0.07177789 0.06698102 0.09907562 0.1307871 0.1135001 0.1077725 0.09960587 0.07503155 0.07217652 0.06222111 0.06061314 0.05655992 0.05244905 0.007694219 0.03595219 0.02168255 0.003120867 0.002468756 0.009444555 0.002141234 0.0004176789 0.0003103328 0 
0.1222207 0.2301727 0.1662331 0.1859514 0.1418974 0.1327166 0.1903072 0.2159348 0.1967313 0.2109851 0.197979 0.1252 0.09029879 0.07645386 0.06765373 0.04852624 0.0481657 0.05544326 0.03770005 0.02499325 0.02339056 0.02165585 0.04427164 0.03867153 0.04395408 0.07322896 0.0864908 0.08895579 0.05011238 0.02790207 0.01715798 0.02272976 0.03010967 0.04678251 0.05770051 0.07353961 0.09847479 0.1108937 0.1143249 0.1059994 0.1008612 0.07770694 0.06327271 0.04778847 0.04619031 0.02995224 0.001912667 0.006602584 0.004096334 0.002619744 0.002036982 0.004811242 0.0009832988 0.000283818 0.004139491 0 
0.178108 0.237968 0.2325052 0.2750005 0.2141211 0.2294612 0.2628446 0.2741468 0.2033761 0.2797755 0.2035892 0.13767 0.1102958 0.132742 0.1145087 0.07723867 0.09205601 0.09222066 0.0828708 0.169046 0.07176087 0.05462708 0.07039719 0.05161102 0.04055281 0.1032056 0.1139946 0.08933868 0.05472152 0.02487062 0.01308002 0.03062163 0.02772018 0.03713063 0.04971168 0.04596733 0.07135291 0.07800916 0.1030838 0.1010406 0.08451462 0.0607679 0.04674213 0.02617545 0.02304872 0.02334384 0.001852643 0.006121717 0.005327623 0.002284282 0.001784343 0.01694874 0.01651462 0.03577356 0.01421632 0.01916254 
0.151386 0.2273178 0.3008749 0.2461883 0.2528171 0.2545194 0.3046401 0.2597018 0.2472344 0.2173906 0.2508031 0.1989244 0.1111251 0.1026364 0.1152067 0.0537035 0.08992318 0.1797915 0.2513106 0.1340055 0.05703288 0.03979635 0.03772569 0.03192075 0.06922614 0.08463608 0.05646081 0.05252893 0.04393379 0.07683174 0.04842347 0.03850731 0.0366533 0.04704504 0.06354246 0.05252346 0.05388099 0.05541325 0.06202083 0.06892855 0.06376866 0.06033498 0.04293663 0.02979601 0.02314297 0.01481723 0.01006515 0.006215396 0.003667762 0.002070554 0.01092279 0.01092147 0.04424356 0.02956173 0.009675324 0.02929411 
0.1709385 0.2586297 0.2932939 0.2552231 0.2070001 0.2385274 0.1281875 0.1906321 0.1787991 0.1582574 0.1320136 0.1373244 0.1408162 0.07372732 0.07610777 0.09846155 0.1469474 0.1661931 0.2104179 0.1308192 0.06050903 0.03877827 0.04059201 0.05110124 0.04887158 0.06174439 0.06134835 0.07505189 0.08311293 0.09735435 0.07408979 0.0570424 0.04708919 0.04636857 0.07616146 0.06581641 0.08300757 0.07937995 0.06611061 0.06730312 0.04410913 0.07247546 0.06723126 0.02836804 0.0159944 0.01233637 0.009697449 0.005851547 0.003231994 0.001682819 0.001333655 0.01598501 0.04522564 0.03404554 0.03327311 0.03110686 
0.1633395 0.2691995 0.2104263 0.1656322 0.1611173 0.1724076 0.08618847 0.1599599 0.1692008 0.1907802 0.1135309 0.1155801 0.1594951 0.1350085 0.1072469 0.1807131 0.1320052 0.1350187 0.122223 0.0985801 0.07573459 0.04026199 0.02554294 0.05809468 0.05874372 0.06365005 0.06318717 0.08076099 0.0788321 0.0776146 0.07770519 0.06654004 0.05314277 0.05992929 0.07909434 0.08918867 0.1170569 0.1048975 0.07975202 0.04502565 0.04929513 0.06083114 0.03965169 0.01995941 0.01533483 0.01170767 0.009140803 0.005456404 0.002952515 0.005066824 0.007439555 0.06497292 0.07744507 0.03286851 0.03873549 0.05774729 
0.1355505 0.1505804 0.1866964 0.1810105 0.2317705 0.1809631 0.1341687 0.1361248 0.1840725 0.228301 0.08817162 0.1332496 0.1641314 0.08521055 0.1785254 0.2118834 0.09102026 0.1018877 0.06940403 0.1091506 0.1165679 0.0923421 0.04331269 0.06241567 0.06036173 0.06763328 0.06174342 0.08544102 0.08116012 0.07085523 0.07624749 0.07157713 0.1032003 0.08433156 0.08984727 0.08079106 0.1053404 0.08936079 0.06528328 0.05788654 0.05406221 0.04846347 0.03068748 0.01900846 0.01422201 0.01068761 0.01234745 0.01607312 0.01636901 0.005687655 0.001133047 0.06454169 0.06413855 0.03585094 0.0375969 0.07756519 
0.1451508 0.2043886 0.2084969 0.2733566 0.2809947 0.2654327 0.1857443 0.2859403 0.2806638 0.2624071 0.1354008 0.1525123 0.1695959 0.1759331 0.1632543 0.1726468 0.06571335 0.03333361 0.03888045 0.1070358 0.1826681 0.1186632 0.07914898 0.08095258 0.0746251 0.07232151 0.07079558 0.07767734 0.06773759 0.06700036 0.07282759 0.07654107 0.07454082 0.07420753 0.07859392 0.08418968 0.09891384 0.08176787 0.05889303 0.06077548 0.06036633 0.04971888 0.04772835 0.01676411 0.01193529 0.01041783 0.02163604 0.02249353 0.007062868 0.00169328 0.01132663 0.02305759 0.0223321 0.02419388 0.0115564 0.04392225 
0.1383662 0.2787112 0.2019328 0.2588762 0.2977366 0.3104951 0.1906005 0.2016597 0.2250527 0.1935882 0.1355794 0.1190361 0.1022569 0.1214364 0.1182702 0.1010843 0.05371186 0.04482075 0.03984663 0.08240245 0.1239516 0.191044 0.09589652 0.09867503 0.09217643 0.07920813 0.08292456 0.08684435 0.08300095 0.06943553 0.06728103 0.07441694 0.09040502 0.09027071 0.08204199 0.08882575 0.0775977 0.07466432 0.06408857 0.06340612 0.05739223 0.05080037 0.05055226 0.01484701 0.02049832 0.02003984 0.009308521 0.002579268 0.001420613 0.009832279 0.01423418 0.02750254 0.008436158 0.00544931 0.01210037 0.009506213 
0.169378 0.2402726 0.2017984 0.2501192 0.2952611 0.2878514 0.2648497 0.2407744 0.2089097 0.1951949 0.1388737 0.2224795 0.2417605 0.1687777 0.2025319 0.1097692 0.09140815 0.06158971 0.05061615 0.08521374 0.1656659 0.1938029 0.09922612 0.1107716 0.1160797 0.1084192 0.08590551 0.08206238 0.09801637 0.08786006 0.07400057 0.07430634 0.0934548 0.08290785 0.08373434 0.08385855 0.09000941 0.08196679 0.08037253 0.06948545 0.05688132 0.04392583 0.03952991 0.01405878 0.01456364 0.008739483 0.005998028 0.003405786 0.001374779 0.0008118788 0.0007562481 0.004303695 0.001081272 0.003043395 0.007439058 0.005433202 
0.1547398 0.1330311 0.1304326 0.2289791 0.2586254 0.1840913 0.2309593 0.2770056 0.1955348 0.1516213 0.1209663 0.1023289 0.1606339 0.2136572 0.192323 0.2347385 0.2064511 0.117607 0.06636059 0.1088696 0.1875794 0.09479609 0.1233775 0.1265529 0.1347885 0.1020826 0.0942659 0.08449417 0.09884943 0.1104652 0.1030168 0.09504187 0.07599495 0.07412878 0.07499964 0.08817547 0.09972262 0.09459749 0.09422368 0.08674204 0.06487386 0.05060793 0.03066852 0.01274055 0.008961107 0.006417673 0.009619276 0.01273008 0.001456046 0.0009719661 0.0009078037 0.007828726 0.007890052 0.002391632 0.002840857 0.005961717 
0.1267459 0.1137448 0.08027228 0.1873071 0.2841303 0.2382494 0.220625 0.2470979 0.2562256 0.1838903 0.1740836 0.1845259 0.1953558 0.1794117 0.2094914 0.2787432 0.219327 0.1736924 0.1592978 0.141253 0.1157404 0.1129188 0.147239 0.1556882 0.1770748 0.1320757 0.1168561 0.1111456 0.106474 0.1024284 0.1018317 0.1051547 0.08979359 0.07069194 0.07585556 0.07061332 0.08798193 0.09347004 0.08602083 0.09140863 0.07172976 0.04912218 0.02932245 0.01686052 0.01711664 0.01607372 0.06389499 0.04488632 0.004199982 0.0032917 0.002501787 0.005843591 0.008368737 0.005372825 0.0105758 0.007684601 
0.09915291 0.08951051 0.0774137 0.1833178 0.1697947 0.2683314 0.2140845 0.3019209 0.3290261 0.2742138 0.2428416 0.2546974 0.2212532 0.1580569 0.2164796 0.2414978 0.206246 0.1620024 0.1572356 0.1439299 0.1253381 0.1529421 0.2826273 0.2324988 0.1881606 0.1534363 0.1292415 0.1218492 0.1189804 0.1071386 0.09704502 0.09731767 0.09289554 0.07333836 0.0731253 0.0532368 0.07034716 0.07522186 0.0761185 0.09851723 0.07073124 0.04313949 0.02587631 0.01421686 0.01493273 0.05029733 0.04996445 0.006637569 0.00383968 0.003026883 0.003258359 0.007558519 0.0201956 0.00564883 0.007546045 0.001822878 
0.06447279 0.09805681 0.1211884 0.203517 0.222453 0.1323845 0.1591893 0.260013 0.2727774 0.3352014 0.2880187 0.2217438 0.2023066 0.1784562 0.1908354 0.2050668 0.2067123 0.1964682 0.1808097 0.1528139 0.1464658 0.2142386 0.2543627 0.1995113 0.211848 0.2390534 0.1581366 0.125025 0.1135384 0.1122477 0.1068668 0.1035687 0.08881024 0.07371836 0.06057694 0.0552384 0.06297205 0.06657945 0.09730993 0.1157367 0.06686736 0.03401987 0.02418989 0.0130026 0.01223203 0.01315682 0.01285314 0.005149249 0.003959767 0.003244255 0.003031895 0.002283588 0.002902273 0.01288526 0.01485117 0.00179674 
0.1514659 0.115931 0.1043974 0.1665823 0.1128221 0.08005949 0.1015275 0.1882604 0.2183966 0.3379514 0.2506996 0.2260155 0.226674 0.2489233 0.2916549 0.2319842 0.247604 0.2027245 0.2339846 0.1738943 0.1826258 0.2182782 0.174582 0.1326106 0.1510333 0.1823396 0.1544495 0.1474477 0.1347859 0.1275512 0.1058062 0.08696289 0.07562589 0.07155786 0.06612791 0.05995601 0.07818882 0.06356324 0.07119858 0.07051316 0.05342806 0.03153362 0.02391358 0.01270009 0.02054637 0.01190399 0.005991743 0.005080599 0.007447647 0.006792531 0.003106622 0.002286304 0.002391393 0.01124367 0.008748051 0.001007038 
0.2106476 0.1792351 0.184766 0.2333298 0.1387916 0.0830334 0.06588775 0.2065793 0.1952147 0.22076 0.2129249 0.2146901 0.2412677 0.3486894 0.4046412 0.2843346 0.2327034 0.237167 0.1928546 0.1332746 0.1117755 0.1169995 0.1242253 0.1258755 0.2087553 0.1932467 0.1551916 0.1673454 0.147022 0.1222175 0.1025624 0.08143666 0.07579008 0.06731976 0.06416676 0.07139321 0.1135746 0.06957997 0.06365369 0.07963621 0.0449858 0.03180754 0.02403135 0.009079677 0.01175227 0.01426603 0.004648359 0.008672454 0.02279761 0.01551508 0.002563746 0.00126059 0.003637308 0.08999513 0.04758821 0.0003307681 
0.2300476 0.1571269 0.1565013 0.2649996 0.1215353 0.07489324 0.05229 0.2456245 0.2633239 0.2063559 0.1622973 0.1926749 0.2511547 0.2457265 0.2535613 0.2250631 0.1963418 0.1846143 0.1945618 0.1558641 0.1035262 0.1005494 0.08428886 0.1178716 0.1542999 0.1306839 0.1306705 0.1441224 0.1451682 0.1246828 0.1087666 0.08531843 0.06328403 0.06879535 0.08282642 0.07549963 0.07648643 0.07209247 0.06795963 0.06137102 0.04476557 0.02864349 0.02389471 0.01516321 0.02906962 0.02020875 0.004493048 0.004021126 0.02048039 0.01635796 0.002599201 0.0003595956 0.000963585 0.0644097 0.0597137 0.02611872 
0.2104441 0.1308411 0.1133783 0.2978778 0.1437075 0.06960019 0.08420302 0.2924185 0.2905145 0.2781071 0.255001 0.269734 0.2376806 0.3184273 0.2285177 0.2434709 0.2160058 0.2743359 0.2375132 0.1792478 0.1281533 0.09872325 0.0976119 0.1144605 0.1534767 0.1194838 0.1132307 0.1301925 0.1468675 0.1345673 0.1130071 0.08523415 0.06436572 0.06588767 0.09339992 0.08889439 0.07822867 0.07250716 0.05782755 0.0463829 0.03482563 0.02819919 0.02395194 0.008522373 0.01857071 0.01156856 0.009329274 0.003845168 0.003233769 0.00295246 0.002601966 0.001545944 0.001354643 0.007847542 0.02275945 0.004406761 
0.3358984 0.1961846 0.1125096 0.1495783 0.1063453 0.1249071 0.156414 0.2718467 0.2650772 0.3501299 0.2591775 0.2218532 0.225371 0.1669425 0.2493955 0.3582428 0.2814472 0.3406133 0.3216523 0.1969758 0.1431767 0.08708906 0.09221496 0.115978 0.1769179 0.150131 0.1248365 0.1407909 0.1403794 0.1298038 0.1195353 0.08329011 0.07099179 0.07058564 0.08611647 0.08044802 0.07284986 0.06734613 0.05540086 0.03426018 0.03137239 0.03074359 0.02202851 0.008086304 0.01339764 0.006815595 0.003837743 0.003797438 0.002879678 0.002405172 0.002139868 0.0006140522 0.0003036536 0.004334833 0.01102388 0.0001598772 
0.49008 0.3096855 0.2001628 0.1722346 0.1539778 0.1719041 0.2078826 0.2856026 0.3197981 0.3291299 0.2729706 0.2445458 0.2394131 0.274215 0.2595276 0.2670819 0.2236215 0.2783182 0.2717245 0.221662 0.1658424 0.09983325 0.07943825 0.1151758 0.2369244 0.1904392 0.1811031 0.21959 0.1725803 0.1390452 0.1233115 0.09911609 0.08289524 0.07190394 0.07103992 0.07783469 0.07791577 0.06684273 0.05169829 0.0312724 0.03145585 0.03479366 0.020981 0.01382987 0.007342927 0.005430074 0.004615039 0.00375556 0.002916044 0.002535055 0.0020608 0.001175882 0.001303974 0.0009013384 0.0009602164 0 
0.4333394 0.307664 0.217093 0.2082457 0.1477218 0.1149722 0.1303649 0.2204507 0.2373834 0.2341994 0.2266205 0.235762 0.2427832 0.2504947 0.3353091 0.2362465 0.2059537 0.2360564 0.2478203 0.2027265 0.1398066 0.1161224 0.08121318 0.1799289 0.2100176 0.149755 0.170657 0.2112024 0.1892666 0.1104861 0.135861 0.1346513 0.1025176 0.08679433 0.08760276 0.09725534 0.09166323 0.08052693 0.05328741 0.03450685 0.0366363 0.04218823 0.02588274 0.02170811 0.007081385 0.005428954 0.00428741 0.00340274 0.002516074 0.01210177 0.002639545 0.001586442 0.004553436 0.0008153102 0.0008248304 0 
0.3222367 0.2004592 0.1343762 0.1479541 0.1086053 0.1039126 0.1471115 0.2634417 0.259868 0.2849283 0.2593556 0.2223294 0.2100153 0.2014969 0.2252537 0.2117518 0.1678325 0.1985836 0.2032438 0.1561347 0.109116 0.09109735 0.09432239 0.09940512 0.1685315 0.1470107 0.1628339 0.174205 0.1326324 0.1036893 0.1120498 0.1618677 0.1192301 0.1039962 0.119198 0.106291 0.09047876 0.07321125 0.06625624 0.05465501 0.05834765 0.05552809 0.03161365 0.009550424 0.01012953 0.008192563 0.004223627 0.003226279 0.002281378 0.002546692 0.001790448 0.01250076 0.003513218 0.01494683 0.0004236639 0.0001214575 
0.3106647 0.1874103 0.1109796 0.1629821 0.1027116 0.1442426 0.2407773 0.3261566 0.2938789 0.3249694 0.2063013 0.188496 0.1826822 0.16419 0.1548376 0.1668351 0.1739101 0.1809543 0.1890474 0.1318639 0.1073126 0.0940956 0.1215293 0.1226171 0.1008003 0.1354545 0.2300703 0.1699515 0.1286937 0.1062923 0.1152072 0.2099795 0.1497691 0.1065044 0.0968616 0.09441722 0.07149067 0.08043282 0.07157368 0.07174084 0.1051928 0.06455278 0.04022266 0.03713247 0.0222943 0.00546751 0.009253788 0.01383796 0.002194392 0.001508925 0.001241297 0.001944483 0.005770217 0.0003993611 0.0003468397 0.0004048583 
0.3136982 0.2598444 0.1127903 0.1232021 0.1415196 0.2258347 0.2466556 0.218399 0.3439674 0.3357883 0.2093754 0.1733754 0.1541054 0.1168805 0.1306112 0.1620796 0.1708399 0.148004 0.1605574 0.179928 0.1349652 0.1318555 0.1681965 0.1092114 0.116684 0.1371248 0.1840269 0.1595034 0.09109846 0.09391345 0.09086157 0.1034523 0.1045111 0.1008574 0.113902 0.07230335 0.05542689 0.06138796 0.05587444 0.06329842 0.08007201 0.0506933 0.04091877 0.06182994 0.01058862 0.01119717 0.01112495 0.008865915 0.006224758 0.005513716 0.0008248994 0.001640225 0.0001274182 9.385075e-005 0.0001001109 0 
0.2837729 0.2640564 0.1060696 0.2118688 0.2573408 0.2111559 0.2447706 0.2279819 0.2091191 0.2419859 0.1896217 0.1604127 0.1303957 0.1167952 0.1277634 0.1326079 0.1495986 0.1277412 0.1214435 0.1572541 0.1427205 0.127548 0.1347552 0.1216245 0.08304312 0.1230106 0.1333812 0.1225781 0.09301323 0.06948512 0.0878457 0.07102448 0.07103558 0.08284399 0.08224999 0.06481518 0.05606585 0.04945902 0.06990547 0.1249672 0.09539298 0.04062252 0.03262349 0.01908788 0.01079022 0.008483197 0.006643245 0.005371754 0.00934016 0.002550479 0.007183631 0.0001536005 8.037235e-005 5.240186e-005 7.045791e-005 0 
0.2553049 0.229617 0.1631945 0.2617921 0.2494594 0.2094217 0.2480754 0.3688654 0.3127378 0.2127638 0.2694023 0.2584192 0.197154 0.1870252 0.2177806 0.156925 0.1422095 0.1253518 0.1209128 0.1231431 0.1981433 0.2126852 0.1735709 0.08336074 0.08851634 0.1309702 0.1178368 0.1017092 0.08887544 0.07602501 0.06991582 0.07538727 0.07611889 0.07399737 0.06538188 0.05019559 0.04609845 0.0460653 0.1076549 0.1438617 0.07055424 0.05934114 0.05326577 0.01403671 0.01129123 0.008896909 0.0106076 0.005506286 0.00158996 0.007864613 0.003659701 0.0002343866 0.0001244888 1.990462e-005 1.991928e-005 4.048583e-005 
0.2069753 0.1742223 0.1239276 0.1529718 0.2496717 0.2425544 0.3643639 0.3895516 0.2885798 0.1829186 0.2163722 0.2364021 0.1884084 0.1895593 0.2661377 0.1780853 0.1960758 0.1838639 0.2007562 0.2191385 0.2207048 0.201287 0.1483875 0.08123676 0.1023799 0.1068059 0.1209216 0.1079852 0.1124288 0.09582404 0.1257679 0.08122972 0.07789277 0.06618153 0.06063947 0.0634605 0.1005467 0.06474508 0.08718361 0.07561439 0.050467 0.05993799 0.054843 0.02747973 0.06007083 0.01518865 0.01160096 0.002884565 0.001701818 0.0009997373 0.0008141081 0.0002049012 0.0001609607 0.0001778504 3.959199e-005 0.0001214575 
0.166437 0.1005621 0.1078712 0.1457078 0.2074542 0.2275824 0.3483809 0.3127358 0.2938896 0.2019008 0.2119273 0.2534606 0.2122115 0.2461609 0.2456134 0.1540945 0.1848161 0.1996534 0.211489 0.2295639 0.2372274 0.2336851 0.1254111 0.1418527 0.09077777 0.07398519 0.1043709 0.1317369 0.1367178 0.1308834 0.1087072 0.0835584 0.06451885 0.05376536 0.05273643 0.0816031 0.1752967 0.08960151 0.08077274 0.05578943 0.0522608 0.05235691 0.02822491 0.03003179 0.03028608 0.01348381 0.01050885 0.003682623 0.002099796 0.001222242 0.001080874 0 4.048583e-005 8.097166e-005 0.001578947 0.000242915 
0.1625516 0.1170235 0.1312081 0.2685141 0.1624678 0.1880832 0.2905326 0.3110718 0.2744665 0.3525466 0.2827435 0.212799 0.1603363 0.2056988 0.1801288 0.1694189 0.2054891 0.2284365 0.2354999 0.2603102 0.2330142 0.1391568 0.1069237 0.1367622 0.07840332 0.08967041 0.1113461 0.1488386 0.08151867 0.0931756 0.08042835 0.1178999 0.08128086 0.06529987 0.06984914 0.07719161 0.08016361 0.08418013 0.08172255 0.05633068 0.05879688 0.04901212 0.03336413 0.06688087 0.05331009 0.01500684 0.008087769 0.003856897 0.02189076 0.001310672 0.001154412 0 0 8.097166e-005 0.0002024291 0.001417004 
0.2256185 0.1393482 0.1124258 0.1591559 0.1683022 0.2179528 0.2531054 0.2797456 0.3509901 0.4063072 0.4045757 0.2904484 0.2169229 0.2202952 0.177473 0.1565128 0.1854165 0.2247835 0.2154833 0.1936876 0.128295 0.1012988 0.09474259 0.08224232 0.09861804 0.09679127 0.1412934 0.09997761 0.06006945 0.1062596 0.1171808 0.1480943 0.1061532 0.07303511 0.08486848 0.1055706 0.07812332 0.06361465 0.05589175 0.05197689 0.05338328 0.06376509 0.0469546 0.07159668 0.02542954 0.01871095 0.009567181 0.02431322 0.02488446 0.001442934 0.001442934 0 0 0 0 4.048583e-005 
0.2180008 0.1817295 0.1893097 0.1713026 0.1592497 0.2493422 0.2198298 0.1980667 0.267424 0.3494922 0.3715669 0.2985495 0.275173 0.2108652 0.1965415 0.1986899 0.2186887 0.20797 0.1834447 0.1574218 0.1581377 0.1348968 0.1113284 0.06685778 0.09168845 0.09301341 0.09404301 0.09554362 0.1092728 0.1152933 0.1268136 0.1611821 0.1445582 0.1077316 0.1034067 0.1377366 0.1251343 0.07724337 0.06344993 0.08872893 0.06887321 0.07543015 0.05344262 0.04297499 0.02138476 0.01543037 0.01277083 0.00623776 0.004801238 0.001445658 0.001442934 0 8.097166e-005 0 0 0 
0.2199826 0.189525 0.2253177 0.1552767 0.1532375 0.2712948 0.2507767 0.2025366 0.2466265 0.3076664 0.3272929 0.3155752 0.2920602 0.2139025 0.2000697 0.2006471 0.204522 0.1808966 0.1662243 0.1316367 0.1463692 0.1544859 0.122309 0.07177398 0.08747739 0.1608744 0.09737457 0.1100971 0.1140491 0.08495387 0.09199806 0.1534296 0.1393039 0.123333 0.1029094 0.1266203 0.09629545 0.1025592 0.09135801 0.09724603 0.08713104 0.07613354 0.0534688 0.02801735 0.03078794 0.01535718 0.01851765 0.01024194 0.0001612903 4.032258e-005 0 0 4.048583e-005 0 0 0 
0.1886551 0.1622681 0.1827626 0.1759097 0.1619164 0.1722615 0.2483314 0.1980256 0.1623498 0.1767854 0.2540212 0.2641321 0.2647122 0.1969971 0.2172106 0.1883529 0.1604526 0.1463087 0.1378746 0.1367041 0.1681666 0.1819203 0.1334893 0.09871182 0.1370131 0.1607641 0.09271148 0.06718759 0.07384999 0.06994224 0.1094901 0.14751 0.1385705 0.1461403 0.1278767 0.09222012 0.09489025 0.1008058 0.1034196 0.09439655 0.07662316 0.07231262 0.04854469 0.03837799 0.03860492 0.03782596 0.03351616 0.0253629 0.005967741 0 0 0 0 0 0 4.048583e-005 
0.1908285 0.1531262 0.1625568 0.1648704 0.1488921 0.1816136 0.3053802 0.1833388 0.133937 0.1399704 0.2078515 0.2235731 0.2175615 0.217487 0.1980605 0.1744902 0.1821585 0.1528832 0.1178277 0.1404508 0.1992435 0.1680965 0.1653568 0.1185775 0.1552134 0.1319576 0.1092719 0.06781679 0.08265868 0.08720485 0.1266769 0.1804074 0.1365159 0.1141259 0.102674 0.1140152 0.1120226 0.1256391 0.1112671 0.0936482 0.08138207 0.06484247 0.05620549 0.04430152 0.07459658 0.04587108 0.0490476 0.001814516 0.002379032 0 0 0 0 0 0 4.048583e-005 
0.1893334 0.2090244 0.2309577 0.1939807 0.1671215 0.2047134 0.2664087 0.2314968 0.1481047 0.1374185 0.2022285 0.2325275 0.2238166 0.2053807 0.175263 0.1363932 0.1466485 0.1459674 0.1242846 0.18038 0.1818275 0.1745799 0.1837063 0.1873024 0.1486642 0.1309399 0.1408578 0.1571863 0.1612042 0.1394426 0.144612 0.1883034 0.1569825 0.07107411 0.07543746 0.08933602 0.09689863 0.1590254 0.1647471 0.1347207 0.1082884 0.07502895 0.05879903 0.04315985 0.04945438 0.03930297 0.03634547 0.002379032 0.009879032 0.0004032258 0.006733871 4.032258e-005 4.048583e-005 8.097166e-005 0 0 
0.1900184 0.1943227 0.2171042 0.2820745 0.2082636 0.2101818 0.2126936 0.2323636 0.1664844 0.1631444 0.1888863 0.2094272 0.2306535 0.2797849 0.1559122 0.1292224 0.1338639 0.1355277 0.1142054 0.1529547 0.216435 0.2358732 0.2524337 0.2252247 0.1863899 0.2072202 0.1793334 0.1922224 0.1831905 0.1682572 0.1093767 0.1224879 0.1169956 0.07974118 0.08281716 0.06809584 0.06345683 0.09203595 0.1095788 0.1214494 0.1191771 0.1139881 0.0900026 0.05854317 0.05860843 0.05227034 0.0490653 0.02782258 0.02883064 0.004435483 0.009032258 0 0 0.0003238866 0 0 
0.1771831 0.1355252 0.1655306 0.2072854 0.2279393 0.2362002 0.2154298 0.2191858 0.1575621 0.1710938 0.2011132 0.1786547 0.1838202 0.1948507 0.1603862 0.1218168 0.1362452 0.1539717 0.1275507 0.1387348 0.1587366 0.1971278 0.2964012 0.2454666 0.2319067 0.1997344 0.193112 0.2054011 0.1951226 0.2012151 0.1642147 0.1191299 0.1072991 0.08918464 0.08764946 0.08821452 0.07893178 0.0758194 0.07929486 0.1206007 0.1416296 0.1181459 0.09521485 0.08850329 0.06725018 0.06118445 0.05652082 0.04649194 0.04584678 0.00233871 0.004959677 0.009516128 0.005645161 0 0.0006882591 0 
0.1539794 0.1350225 0.1262494 0.129959 0.1838115 0.2371096 0.1569881 0.1970891 0.1619965 0.1462691 0.1617136 0.1548721 0.1586473 0.1621964 0.1646617 0.1384179 0.129357 0.1801441 0.1638069 0.1624494 0.1672335 0.1662396 0.2184256 0.1988578 0.2035225 0.1831112 0.182101 0.2046987 0.1891032 0.158655 0.1602846 0.1358479 0.122231 0.09924578 0.09166832 0.09027185 0.1081872 0.107341 0.09557846 0.1399742 0.1455611 0.1372226 0.1009292 0.07742565 0.07395538 0.07767449 0.08263853 0.03665323 0.04673387 4.032258e-005 0.01487903 0.01794355 0.006653225 0.001902834 0 0.002631579 
