ncols         56
nrows         54
xllcorner     28.264
yllcorner     -5.7719999999999
cellsize      0.25
NODATA_value  -9999
0.07411913 0.06447817 0.07574323 0.06868052 0.07278039 0.07475765 0.09371062 0.07071719 0.02998314 0.01636437 0.05246201 0.08875993 0.05752737 0.03105711 0.02052172 0.02007803 0.02829408 0.04155493 0.04776435 0.05737221 0.08140502 0.09794105 0.09816346 0.1299697 0.1621653 0.1839508 0.2180956 0.2643161 0.2696736 0.2280266 0.2028149 0.196796 0.2173641 0.1939886 0.1475071 0.1798019 0.1455731 0.1332121 0.1186515 0.08726864 0.03993107 0.01880885 0.0416099 0.06132076 0.04481324 0.03103264 0.03258425 0.06111934 0.07646607 0.06776743 0.05181319 0.09945726 0.07058654 0.06520872 0.08386841 0.1540088 
0.1061717 0.08247172 0.06594771 0.0769484 0.08060928 0.09680112 0.08057727 0.04955622 0.03224125 0.03318161 0.04426811 0.07099958 0.05481476 0.03136567 0.01855672 0.02601393 0.03180649 0.04499094 0.0606633 0.06440648 0.0684875 0.08334534 0.09548397 0.1397329 0.1396981 0.15869 0.2004025 0.2547885 0.2664059 0.2336733 0.2266601 0.2492169 0.1923138 0.175677 0.1379079 0.16859 0.1467397 0.1559967 0.1407717 0.176993 0.1171012 0.05513527 0.06030906 0.036647 0.02376385 0.02088768 0.02871284 0.02290274 0.04366886 0.0688526 0.05877192 0.06791884 0.05754049 0.04647301 0.07563958 0.1234463 
0.1034915 0.09343813 0.08781613 0.0823653 0.08542097 0.09506961 0.08341039 0.0662645 0.04434184 0.04303252 0.05534001 0.06830641 0.0439957 0.02336557 0.0241072 0.01767108 0.03701364 0.05484809 0.06970791 0.08254357 0.08838122 0.1073747 0.1340091 0.1637348 0.1272485 0.1419253 0.1879805 0.2022533 0.2294895 0.2274093 0.2250488 0.2362098 0.2320095 0.1868087 0.1386186 0.1641316 0.1992348 0.1933806 0.1911897 0.2258788 0.1732083 0.1276335 0.09873179 0.02822919 0.01920339 0.02089546 0.02614347 0.04244199 0.1143514 0.1388686 0.08499937 0.05585405 0.04913102 0.04410993 0.05949429 0.09536954 
0.08911427 0.0891057 0.1167266 0.1002141 0.08725341 0.09747093 0.09616492 0.1050846 0.05983166 0.06282432 0.05756024 0.08390846 0.05544102 0.02940158 0.04320566 0.04734984 0.06196294 0.0579625 0.06470857 0.08649816 0.1019919 0.1403 0.1505442 0.1563385 0.1340622 0.1666182 0.1699725 0.1970272 0.219007 0.229295 0.1988278 0.2150283 0.2099712 0.1801545 0.1293758 0.1792911 0.2410944 0.208652 0.1937139 0.2110028 0.2454363 0.2339902 0.1810046 0.08506726 0.05145462 0.02746655 0.07475248 0.07939296 0.1461257 0.1219368 0.09297638 0.07611737 0.0611818 0.04886346 0.03926145 0.03222109 
0.1013441 0.1187099 0.1123684 0.09976279 0.1061635 0.140258 0.1080103 0.1047452 0.06107906 0.05911953 0.06188741 0.04403983 0.04503413 0.04797447 0.07629427 0.166963 0.1068089 0.07915583 0.08052929 0.1059177 0.1266227 0.1352153 0.1326391 0.1510327 0.1478354 0.1583815 0.114644 0.1890216 0.2309983 0.1543292 0.134562 0.1825825 0.2414013 0.1831191 0.1533089 0.2216627 0.2347508 0.1774539 0.1619233 0.1434826 0.2502572 0.3098391 0.239438 0.1852231 0.0960727 0.1093906 0.1413179 0.1241951 0.1455682 0.1218537 0.06445824 0.07433603 0.07344328 0.02500557 0.001893051 0.01693346 
0.1068247 0.09955642 0.1247072 0.1568742 0.1128424 0.1036767 0.09151289 0.09816574 0.09583318 0.149658 0.09537885 0.06028454 0.05461984 0.07429052 0.08161455 0.1557201 0.1110209 0.1007209 0.07950938 0.116086 0.1085345 0.1210439 0.1318095 0.1233174 0.1542472 0.1642832 0.1621162 0.1881023 0.1800053 0.1238585 0.1250142 0.167696 0.1660699 0.1473738 0.1536868 0.2071272 0.2084098 0.1820851 0.1623594 0.1634339 0.3256 0.3509606 0.2588891 0.1840629 0.1652043 0.1428991 0.1130106 0.1174524 0.112292 0.07329695 0.05203784 0.07968207 0.06297627 0.009317444 0.001462712 0.01391668 
0.1144583 0.09513818 0.1316374 0.1511321 0.107045 0.08716976 0.07427505 0.09514944 0.09653255 0.1069384 0.0641684 0.04926943 0.0685288 0.08484031 0.08571917 0.1392932 0.1027183 0.08661823 0.1100491 0.07676373 0.0727372 0.07878856 0.0901348 0.0916296 0.09889775 0.1245898 0.1703366 0.1797284 0.1319331 0.1208246 0.1280783 0.1351831 0.1331397 0.1250992 0.1440926 0.1408964 0.1620286 0.1535953 0.1565408 0.2139643 0.2906624 0.2515477 0.2307674 0.1723325 0.1666319 0.143062 0.1024183 0.08772865 0.05426035 0.03358132 0.04131779 0.05963035 0.03662059 0.03324414 0.007298209 0.02322198 
0.1166688 0.1146794 0.1597313 0.1196335 0.1089111 0.08720347 0.0787797 0.07618278 0.0900394 0.07036083 0.05310302 0.08990727 0.06620798 0.07452585 0.09310258 0.06967665 0.07257187 0.0744739 0.07333235 0.05884778 0.05895673 0.06784441 0.06394583 0.07804547 0.09435282 0.08783027 0.0829248 0.06811665 0.06501502 0.09764706 0.09473722 0.0980638 0.1215696 0.09498719 0.1183678 0.09023944 0.0800148 0.1104195 0.1247346 0.1709631 0.2218341 0.1447387 0.1637677 0.1126026 0.1438077 0.1899566 0.1090042 0.1212578 0.07644154 0.03008234 0.01579185 0.01170396 0.01012244 0.01548065 0.03182194 0.03336355 
0.1237294 0.1297711 0.1261338 0.0933319 0.06655935 0.08435745 0.07865993 0.07134573 0.07048717 0.06324384 0.06446531 0.074009 0.08322142 0.0663179 0.06131883 0.04903852 0.07394475 0.07501947 0.07112508 0.06471041 0.07443275 0.07226753 0.05452566 0.06470788 0.08216399 0.05706431 0.05315615 0.03983224 0.04676403 0.06324346 0.05191458 0.06498112 0.06832957 0.08875683 0.09856117 0.07427189 0.09236179 0.1236293 0.148679 0.1326083 0.1211376 0.1128635 0.09693113 0.1071352 0.09466613 0.1103466 0.0643202 0.04953799 0.04664952 0.03749125 0.02467186 0.02042095 0.01309235 0.02833576 0.03035264 0.04958652 
0.1345862 0.1437565 0.1194073 0.07768092 0.05937323 0.07132363 0.08252482 0.06952895 0.0754679 0.06253705 0.08605351 0.0742321 0.06636183 0.0607679 0.05704153 0.05219101 0.05767646 0.06723554 0.05434002 0.05159683 0.05042887 0.0604053 0.05752032 0.0490214 0.0516575 0.04608399 0.034073 0.03045906 0.03905687 0.02680784 0.03068199 0.04849007 0.0828037 0.07346493 0.1100158 0.08559666 0.1026025 0.1314728 0.1760653 0.1404691 0.1541754 0.08375604 0.09515444 0.07501753 0.09999873 0.07287726 0.07206205 0.03682884 0.02976956 0.03966564 0.04125614 0.03990464 0.01414179 0.01814417 0.01507932 0.0150364 
0.145188 0.1531439 0.1490538 0.09976261 0.06967641 0.06640408 0.08651131 0.07508034 0.09060879 0.07879756 0.07159533 0.084364 0.07940634 0.03899731 0.03464537 0.0466074 0.05535745 0.05675855 0.04596752 0.07045121 0.04962901 0.04901471 0.05763445 0.02958857 0.04242798 0.03262945 0.03147853 0.03660302 0.01984482 0.01467311 0.00776264 0.08051327 0.07552252 0.06741517 0.08076517 0.08974561 0.1137821 0.1261242 0.07163396 0.1085423 0.1148067 0.09183671 0.06384487 0.04126106 0.03364668 0.02022423 0.0343587 0.02150695 0.01545423 0.0352051 0.0379733 0.0352455 0.04355456 0.04250769 0 0 
0.1550915 0.1603086 0.1426997 0.08721642 0.08819756 0.08346393 0.08331631 0.06854845 0.1206793 0.06273068 0.0722976 0.06153853 0.04750232 0.03843811 0.03642938 0.06983075 0.06547509 0.06081305 0.05721827 0.04599857 0.04679335 0.06456638 0.05703359 0.04170209 0.03742626 0.04401995 0.03712811 0.03490357 0.03533036 0.0297959 0.01931361 0.0232572 0.04995694 0.079536 0.07459353 0.09503549 0.1239024 0.1277153 0.0981892 0.09971893 0.1187363 0.1117222 0.04751172 0.009013396 0.0226405 0.04372967 0.04093692 0.04873285 0.08610517 0.03752768 0.01006131 0.03586443 0.05219934 0.008744336 0.00018581 0.0001800499 
0.1527512 0.1157405 0.133615 0.1674381 0.1071205 0.08313906 0.07321425 0.08066801 0.06549287 0.04580356 0.06386407 0.0318536 0.03438877 0.03640416 0.05032203 0.06098247 0.06042004 0.0621425 0.05336488 0.06741571 0.05817628 0.06396215 0.04895381 0.02448468 0.01821293 0.02204135 0.02437973 0.02800409 0.04064829 0.02823422 0.01861742 0.02908373 0.03811193 0.05087351 0.03676798 0.07098629 0.09576331 0.1013836 0.1115721 0.1027636 0.07586898 0.05415505 0.03655373 0.01268355 0.02142518 0.01512671 0.0203815 0.04369651 0.04578879 0.02590316 0.005696493 0.01677548 0.01504812 0.0002014552 0.0001880341 0.0001786037 
0.1606561 0.1309692 0.1515983 0.1055685 0.09288727 0.06115618 0.05334002 0.04462502 0.0474607 0.04191547 0.05134563 0.03212149 0.04457531 0.06872518 0.1070998 0.07076508 0.06406451 0.06097704 0.06011731 0.06387494 0.06185355 0.07196364 0.03102776 0.02014718 0.02134918 0.0237436 0.02628506 0.03189184 0.02316835 0.04200751 0.0304337 0.0479344 0.03415168 0.04163884 0.0536813 0.06520441 0.05571808 0.0492008 0.05315716 0.09158017 0.0443756 0.02414029 0.01924336 0.008373245 0.02326251 0.01278814 0.01036649 0.01638477 0.0008623011 0.0145287 0.0007208945 0.0002753439 0.0002934852 0.0002058219 0.0001906919 0.0001778261 
0.1461171 0.1470082 0.1609844 0.08666529 0.0656882 0.04939022 0.06325278 0.06180102 0.04909083 0.04084005 0.04365379 0.03969719 0.05117092 0.04952541 0.06139227 0.06524619 0.06059507 0.06499818 0.07118614 0.07292509 0.06133641 0.06289262 0.04680555 0.03260167 0.02378261 0.02977346 0.03450748 0.04768679 0.01862516 0.02639977 0.04753191 0.03583068 0.03136656 0.0664829 0.05736177 0.04198611 0.04601622 0.03419308 0.02119143 0.0267464 0.01747976 0.0104001 0.004326753 0.002309162 0.008528908 0.001898978 0.001700183 0.01567475 0.0009582373 0.0007214294 0.009173192 0.0003363035 0.0002338893 0.0002068633 0.002066227 0.004587699 
0.1258522 0.108217 0.1269929 0.1263408 0.08189435 0.07202681 0.09411704 0.06367597 0.05831473 0.05495566 0.0481853 0.03904177 0.04909002 0.06594081 0.07458235 0.07739428 0.08608834 0.08914309 0.07583735 0.08279283 0.07337267 0.08444019 0.07950798 0.04667734 0.02938203 0.02109741 0.03220202 0.05818695 0.03692152 0.0833696 0.05026741 0.04506035 0.05412289 0.08297797 0.06799772 0.04195512 0.03261303 0.04611122 0.0461961 0.05138684 0.0377275 0.03344721 0.03069409 0.002242837 0.002027251 0.001828317 0.001635818 0.004157941 0.002749749 0.001305689 0.0009428211 0.0003582863 0.0002531522 0.0002255663 0.0002738355 0.008805298 
0.1582324 0.1180005 0.1338331 0.1606847 0.1309366 0.07152314 0.06315562 0.06414154 0.05769182 0.05190007 0.03963378 0.03310673 0.05411713 0.06225325 0.06270508 0.07592484 0.09356784 0.103391 0.1025273 0.1063058 0.1102949 0.1295905 0.1169562 0.05130368 0.02907607 0.0309568 0.03700136 0.1099917 0.09414809 0.06711071 0.1060639 0.05709245 0.08825799 0.1610569 0.1162979 0.07554793 0.0473544 0.04245774 0.04695199 0.04357272 0.05159405 0.04713302 0.031267 0.006102026 0.001956349 0.006041212 0.002093609 0.0013492 0.004584145 0.001013351 0.0009217892 0.0002875678 0.0003243836 0.003338933 0.03133225 0.04999195 
0.1954512 0.1612746 0.1553049 0.1294843 0.1164376 0.06803774 0.05692139 0.07409245 0.04947742 0.0396814 0.03321511 0.03627674 0.05194521 0.06867634 0.06702185 0.07995988 0.1039961 0.1355733 0.1094208 0.1179103 0.1047362 0.09497253 0.08202979 0.07352961 0.04764156 0.04779129 0.02762788 0.07094165 0.0885879 0.08072232 0.05463269 0.1066661 0.1295593 0.1162537 0.1059522 0.08933508 0.05672848 0.05507436 0.04751918 0.03579489 0.03812845 0.0506358 0.04508346 0.02229981 0.01803993 0.002018068 0.002653668 0.00156354 0.001377566 0.0009633295 0.0009496215 0.0002764231 0.0006261739 0.04988826 0.09007177 0.02656337 
0.2340101 0.1935032 0.1588862 0.1349239 0.1202088 0.07004684 0.09547395 0.06355072 0.05317794 0.04310528 0.03215485 0.03627186 0.04640669 0.07065722 0.09298224 0.1050135 0.1112925 0.1232229 0.1111536 0.1437752 0.1251137 0.09889902 0.1022324 0.08441982 0.06048395 0.03345698 0.03825014 0.05153731 0.05849888 0.05121399 0.03535007 0.07721621 0.09064951 0.1024721 0.1130904 0.09753405 0.06981967 0.04071701 0.03501768 0.03340915 0.03378901 0.05101811 0.09512231 0.123989 0.02327029 0.001878593 0.004846912 0.001639107 0.04199211 0.0008891917 0.0008098122 0.001927374 0.005972852 0.06638607 0.02296367 0.001086768 
0.2758857 0.2585667 0.1775998 0.1700254 0.160368 0.1204952 0.1173451 0.08428363 0.05491778 0.0787937 0.0542565 0.04747219 0.07526962 0.08717676 0.1147174 0.152851 0.1459125 0.1155231 0.1182152 0.1339355 0.1535483 0.1736468 0.1151601 0.1136599 0.08254134 0.05539262 0.04115629 0.03585772 0.02749262 0.02767421 0.03215782 0.04819881 0.08274741 0.09610231 0.1272645 0.2000993 0.1345674 0.1056375 0.05238488 0.03684609 0.06539313 0.09772235 0.1533142 0.1663739 0.05639061 0.01658492 0.0144968 0.01121276 0.009867084 0.01001511 0.01032777 0.01122496 0.02160079 0.03781982 0.02307669 0.01809358 
0.2975132 0.2684505 0.2448111 0.2136867 0.180067 0.1443012 0.1400598 0.09127346 0.07740023 0.07460444 0.06022843 0.08356097 0.05951952 0.070958 0.1188117 0.1226361 0.1387645 0.1038975 0.1149393 0.154514 0.1656888 0.1722813 0.1470285 0.108122 0.08063544 0.06424049 0.05636334 0.05794691 0.03214028 0.04638747 0.0417514 0.06777612 0.1003146 0.09714949 0.1245726 0.2264716 0.3257439 0.1773481 0.06837244 0.07979082 0.116982 0.1596041 0.2039969 0.1008584 0.01844285 0.01558637 0.01463215 0.01276467 0.01213456 0.01237338 0.01268488 0.01388558 0.01231131 0.03291912 0.02392837 0.02932768 
0.3031403 0.3419168 0.2478623 0.2700186 0.2008784 0.1650391 0.1596993 0.168471 0.107405 0.05811767 0.05936568 0.07124297 0.0612547 0.0943701 0.1614568 0.1454511 0.1108107 0.1085582 0.1001829 0.149048 0.1637497 0.1292698 0.1110203 0.1059984 0.1045936 0.1020406 0.09408912 0.05982816 0.04787609 0.04212879 0.0431595 0.06338877 0.07822305 0.08231077 0.1009184 0.1688126 0.1992314 0.1100791 0.1006825 0.1450664 0.1612033 0.2011692 0.119986 0.02118497 0.01746869 0.01656434 0.01573331 0.01406612 0.01366488 0.01460146 0.01516609 0.01665745 0.01695912 0.01745712 0.02934607 0.03746368 
0.2753027 0.2737232 0.2112177 0.2029902 0.1998953 0.1428477 0.1654432 0.14478 0.09510153 0.04799133 0.06464354 0.07456812 0.1009607 0.1028789 0.1859809 0.1515059 0.1260666 0.1098529 0.1011972 0.116412 0.1316805 0.1131394 0.1270224 0.1202331 0.1127048 0.1197998 0.09212803 0.08146614 0.05874324 0.06085838 0.04769811 0.05380692 0.06833418 0.08470108 0.09723338 0.1330357 0.114554 0.05895665 0.07498524 0.1326904 0.1214483 0.09332827 0.03988397 0.02026795 0.0173274 0.01654867 0.01589191 0.01442196 0.01510745 0.01571083 0.01626285 0.01811781 0.01598465 0.01434793 0.03846731 0.04118755 
0.2084543 0.218964 0.162867 0.1835442 0.1665071 0.1345275 0.1017637 0.110076 0.07604781 0.06025278 0.1139437 0.1234108 0.1322813 0.1576485 0.2205426 0.2129236 0.163938 0.1409711 0.1313542 0.1287332 0.139046 0.1721127 0.147163 0.157442 0.1393662 0.1515328 0.115455 0.09016072 0.09421819 0.09009288 0.0749343 0.06704465 0.07134458 0.09152243 0.1490552 0.1519547 0.1127296 0.07510251 0.0662741 0.07885727 0.06680493 0.05047462 0.04116575 0.01864967 0.01601578 0.01541377 0.01492334 0.01541704 0.01681785 0.02353268 0.03122571 0.03177266 0.034186 0.02558119 0.04593976 0.03483786 
0.1318558 0.1413135 0.1496689 0.1565126 0.1659118 0.1135886 0.0741533 0.09440926 0.08354296 0.0891052 0.1211071 0.1014136 0.09627666 0.1559141 0.1587533 0.1976722 0.1585125 0.1116053 0.1406823 0.1377073 0.1356874 0.1491926 0.1410105 0.1290947 0.133974 0.1398709 0.1086945 0.1088158 0.1144322 0.1170739 0.1097032 0.078927 0.07688337 0.1090423 0.1263484 0.09978557 0.08735519 0.08316031 0.07063299 0.06054841 0.05179041 0.05208118 0.03953202 0.01766326 0.01523407 0.01472799 0.0143953 0.01530632 0.0168784 0.02182629 0.03174852 0.05130344 0.04842938 0.02060195 0.04468836 0.05641852 
0.1264963 0.1274767 0.1442421 0.1685069 0.1602425 0.1071807 0.05818352 0.06067911 0.07406212 0.0796093 0.08070377 0.1068511 0.09210281 0.08975513 0.1132803 0.1317818 0.1409411 0.1003469 0.05266359 0.1028063 0.1413126 0.1461847 0.1247058 0.1513693 0.1779734 0.1368346 0.1280037 0.1135315 0.1307127 0.1369415 0.1296806 0.08430521 0.07985857 0.1055684 0.1067897 0.09255438 0.111611 0.1122917 0.07071737 0.06034715 0.05732646 0.04516917 0.03789252 0.01680167 0.01409621 0.01418461 0.02289644 0.02335543 0.01933059 0.02785131 0.03293177 0.05019845 0.04670764 0.0542674 0.08875647 0.06488303 
0.1278445 0.1324376 0.1301291 0.1923269 0.1891287 0.1292342 0.07501826 0.06171689 0.05992082 0.04901317 0.05114601 0.08102073 0.08712062 0.1210257 0.1271319 0.106824 0.09783599 0.09891011 0.07728085 0.1142852 0.1640849 0.1348439 0.1125362 0.154436 0.1583372 0.1173361 0.1097279 0.1259079 0.1507833 0.1442847 0.1492344 0.09769856 0.09177863 0.09977985 0.09983835 0.09472204 0.08871636 0.100727 0.06959307 0.06200878 0.06437377 0.04566989 0.03608347 0.01677937 0.01511465 0.01318152 0.02971651 0.02840663 0.01804708 0.02363225 0.03209602 0.05496504 0.05577665 0.04124624 0.07291565 0.01534145 
0.1582893 0.1327644 0.1149515 0.1903941 0.1822924 0.1175443 0.08669129 0.1227103 0.1111754 0.06823352 0.08436593 0.1038393 0.135095 0.1009855 0.1079441 0.08208616 0.1059919 0.09850802 0.09578974 0.1428178 0.1387648 0.123008 0.1259162 0.1455254 0.1466357 0.1283535 0.1215732 0.1256289 0.1169265 0.1294662 0.1315181 0.1127043 0.1251611 0.1085994 0.1076525 0.114059 0.1637767 0.111255 0.08901661 0.06543088 0.05437565 0.04574965 0.03603997 0.02053173 0.02721941 0.03589336 0.01797127 0.02141723 0.02272381 0.03501811 0.04059513 0.05062265 0.07309276 0.07725161 0.03685348 0.007715647 
0.1958607 0.1688579 0.1250847 0.1837607 0.1325619 0.0705052 0.05609606 0.1117696 0.1041366 0.07974729 0.0842079 0.0933061 0.1091969 0.07484258 0.07254589 0.07249603 0.1053949 0.07465605 0.1219907 0.09512915 0.1348161 0.1075067 0.1351589 0.1853634 0.1548468 0.1414566 0.1356549 0.1237206 0.1154593 0.1303757 0.1310112 0.1201414 0.1330036 0.1039644 0.1052346 0.1069281 0.1202355 0.1239933 0.1010769 0.0505119 0.04838367 0.04012344 0.03285603 0.01911347 0.02999282 0.02866824 0.03851661 0.02228579 0.01788623 0.02909818 0.03081783 0.04941241 0.08610556 0.0756816 0.0671596 0.02935766 
0.2836526 0.2034798 0.1825525 0.212971 0.1121954 0.05677969 0.05331453 0.04417126 0.05848133 0.05559062 0.07271541 0.1231946 0.09177232 0.07291072 0.03313395 0.07005399 0.05599679 0.03920098 0.04816998 0.07614042 0.07458217 0.08205974 0.1083973 0.1329141 0.1505544 0.1528169 0.1371012 0.1337257 0.1099726 0.1157967 0.1188601 0.1181056 0.1264561 0.1187963 0.1256962 0.1325711 0.1084461 0.08956523 0.09306581 0.04940987 0.04683802 0.03955453 0.03087561 0.01764953 0.01277984 0.01472096 0.01606988 0.00902469 0.009260025 0.01634766 0.01462874 0.02023307 0.06107535 0.09905919 0.1005446 0.07325236 
0.272893 0.255699 0.2087189 0.1639885 0.08867959 0.05198353 0.03857564 0.0346663 0.04626847 0.06296089 0.08219552 0.1266323 0.1236429 0.07682949 0.07114631 0.04571859 0.04788736 0.04000058 0.04858026 0.09938473 0.1044857 0.1267187 0.1098353 0.09514254 0.1319616 0.1336437 0.1378483 0.1322805 0.121238 0.1149779 0.1128715 0.116595 0.1192161 0.1155547 0.1060989 0.08674792 0.1167491 0.1106746 0.07458656 0.04762292 0.05879026 0.04883908 0.03351169 0.01607427 0.01072959 0.008162325 0.008449281 0.008990946 0.008959135 0.008898436 0.01494152 0.01341806 0.03003728 0.06417408 0.133803 0.1289785 
0.2179279 0.2095203 0.2642202 0.1441422 0.07236911 0.04706655 0.03708705 0.1051216 0.09462778 0.09491395 0.09560164 0.1174394 0.1277631 0.1244775 0.09117456 0.1128453 0.09471636 0.1021974 0.1224406 0.1148356 0.1090425 0.1074422 0.09211523 0.0933481 0.1215205 0.1583021 0.1653488 0.1580693 0.1529973 0.1324184 0.1405841 0.1358521 0.1098865 0.1042622 0.1078282 0.1180887 0.1592406 0.1163165 0.08274291 0.04696904 0.04936777 0.04415905 0.03147567 0.0108924 0.00767305 0.01125003 0.02896446 0.007233392 0.008885934 0.008530419 0.01262515 0.02380337 0.08623853 0.1298932 0.212153 0.07030504 
0.2508914 0.2378827 0.1406417 0.09021904 0.06073839 0.03729712 0.05050176 0.1147249 0.09784441 0.09087854 0.09269735 0.09370319 0.1077969 0.1127069 0.1114959 0.1160504 0.1168764 0.1527975 0.1681865 0.1486343 0.1303001 0.0966533 0.08040006 0.1006496 0.1128432 0.1481213 0.1883231 0.1690722 0.1724903 0.1437094 0.1446664 0.1324739 0.1193602 0.1166534 0.1054565 0.09612007 0.1236929 0.09669837 0.08235864 0.05435963 0.04597878 0.0371668 0.02614037 0.009994856 0.01123467 0.009442691 0.02115832 0.01525624 0.005599819 0.006935209 0.01290034 0.05562198 0.1051423 0.1649782 0.09054782 0.06048267 
0.2406068 0.1855683 0.07878134 0.06520773 0.04018536 0.03059284 0.02495722 0.07444937 0.1061604 0.1261676 0.1039101 0.09187607 0.1185381 0.1236013 0.1383378 0.1320944 0.181702 0.1986137 0.2131504 0.1433017 0.1343412 0.1176836 0.1164111 0.1004367 0.1250808 0.2048362 0.2226684 0.1799018 0.1875178 0.1677951 0.139183 0.1246277 0.1221261 0.1340929 0.09911447 0.08258952 0.08344156 0.07254881 0.06664979 0.04495648 0.03784755 0.03162574 0.02400446 0.00697692 0.00682864 0.006401428 0.004233391 0.00562096 0.006167263 0.007202377 0.02509665 0.09500275 0.06844082 0.1158449 0.09951318 0.07138709 
0.2199535 0.1348791 0.07364184 0.0652866 0.0594782 0.08333759 0.04774605 0.0738036 0.09322588 0.08526365 0.08209344 0.1120991 0.1330341 0.1113314 0.1289728 0.1596315 0.2182088 0.233874 0.2228995 0.173436 0.1569412 0.1300518 0.1235792 0.117504 0.1675103 0.2125032 0.2334983 0.1733559 0.1622761 0.1581138 0.1486421 0.1196489 0.1163949 0.1230525 0.09337096 0.08273515 0.07426731 0.06870208 0.06103052 0.03921797 0.02724097 0.02296229 0.01841371 0.005554998 0.003457344 0.003075462 0.004765875 0.00699088 0.007799017 0.01483591 0.08916382 0.1178879 0.07374269 0.0799081 0.06388152 0.0254437 
0.3640863 0.2342292 0.1009884 0.1149067 0.07807318 0.07373062 0.06706245 0.1067248 0.105427 0.1001584 0.1096351 0.1224671 0.1121739 0.1395381 0.1281924 0.1537598 0.1949148 0.1857904 0.2094344 0.2069264 0.1464777 0.1172202 0.112832 0.1559664 0.2236741 0.2576828 0.242514 0.1811886 0.1549738 0.1418751 0.1386714 0.1191001 0.1017404 0.1184932 0.09811376 0.07768584 0.0789097 0.0605816 0.04912392 0.02291681 0.01818589 0.01691676 0.01496261 0.008677415 0.01122373 0.01222567 0.007974328 0.01282465 0.01471492 0.01632512 0.06306393 0.05321203 0.03294108 0.06569201 0.04518789 0.01354475 
0.2711016 0.1706048 0.08727848 0.1094922 0.1083148 0.03924823 0.03815968 0.06886122 0.05881123 0.07434824 0.1140733 0.1131557 0.1116353 0.1267641 0.1269788 0.1460215 0.1857801 0.1923672 0.1901805 0.1980698 0.1404074 0.125573 0.1175454 0.1726051 0.238933 0.2351409 0.2156964 0.1680333 0.1525882 0.1331246 0.1235719 0.105857 0.09885894 0.09216886 0.08916739 0.08276191 0.06951328 0.05098905 0.04325547 0.02740162 0.01584875 0.0118347 0.01016094 0.007463526 0.005920562 0.007294578 0.009329658 0.01453075 0.01717082 0.0212147 0.02457773 0.03459214 0.053402 0.06162802 0.01706572 0.02661658 
0.209186 0.139311 0.07702893 0.08135246 0.05604246 0.03724204 0.03281228 0.068195 0.05686437 0.05007416 0.06620689 0.08183481 0.1015493 0.1106407 0.1247671 0.1250154 0.1554652 0.1726704 0.1963674 0.1599046 0.1179367 0.092399 0.1303866 0.1865965 0.1967652 0.2314932 0.2125794 0.1614557 0.1429015 0.1377001 0.1164518 0.09738745 0.08185776 0.07532393 0.06874817 0.05670685 0.0485165 0.03758873 0.03254817 0.01622843 0.01928389 0.009268086 0.008442893 0.006725066 0.005988698 0.007676379 0.009977681 0.01572341 0.01863533 0.03199731 0.03106052 0.06075629 0.04811477 0.03276366 0.03069293 0.01125 
0.2414484 0.1320064 0.08507625 0.1335355 0.05720384 0.02617142 0.03556935 0.07917374 0.0491323 0.06561783 0.05429759 0.07063824 0.08424009 0.09148534 0.08869971 0.1050844 0.1245368 0.1532956 0.1701941 0.1068605 0.1107864 0.07663403 0.09429337 0.179757 0.1723635 0.147818 0.1396743 0.1426836 0.1324884 0.1102889 0.1062337 0.0783684 0.06778062 0.06143742 0.05838327 0.04439182 0.0375674 0.03148293 0.02527576 0.02034939 0.008900411 0.007519389 0.007414333 0.006450169 0.006356994 0.007996215 0.0104006 0.01646417 0.01943619 0.0530576 0.08063102 0.05200289 0.0452968 0.02817743 0.04626497 0.03338709 
0.2622425 0.1084748 0.07875769 0.09044264 0.04810372 0.02476527 0.024348 0.05442166 0.04967589 0.04477363 0.03920959 0.05772585 0.06230895 0.0625227 0.07004265 0.06537426 0.08981362 0.1007877 0.08618441 0.08707207 0.06044386 0.04799666 0.05591049 0.1329843 0.1812217 0.1542303 0.1527664 0.1421423 0.09537323 0.08353498 0.07403237 0.05343299 0.04695215 0.04890254 0.04435993 0.02642915 0.02247635 0.01829259 0.01490226 0.00538857 0.003754319 0.003278272 0.003656703 0.009560185 0.01041179 0.01246504 0.06068789 0.02339204 0.02602036 0.03951681 0.03929953 0.05262205 0.03356977 0.0355285 0.04929202 0.03 
0.2047139 0.08643864 0.02531287 0.03746467 0.02899497 0.03678216 0.02435903 0.04354627 0.04810078 0.04218554 0.03347282 0.04842084 0.05233534 0.05271135 0.06521568 0.0615554 0.06752016 0.06559967 0.05718932 0.04819498 0.04496592 0.03400714 0.05200269 0.1118414 0.1206525 0.1253468 0.1418081 0.1074806 0.0730804 0.07678117 0.0614518 0.04525901 0.04603077 0.03871645 0.03244407 0.02126062 0.01624092 0.01235492 0.01021902 0.003305933 0.00229339 0.002198025 0.003027835 0.009125932 0.01097838 0.0132739 0.02098027 0.02689292 0.05452541 0.02892012 0.02417944 0.02797226 0.03395575 0.03912936 0.04951176 0.02375 
0.1361026 0.07674311 0.02167006 0.04884104 0.0414535 0.04220161 0.01497689 0.0380202 0.0454484 0.04277028 0.03084296 0.0428562 0.04512307 0.04486007 0.0472749 0.04764162 0.04138542 0.03695936 0.04140869 0.0400584 0.03733125 0.04028153 0.05800113 0.1030636 0.1078212 0.1032676 0.09372386 0.08679346 0.06004911 0.04934866 0.04954849 0.04102778 0.04410025 0.03294113 0.02262392 0.01523523 0.01159626 0.00891273 0.007221682 0.002327356 0.001567615 0.001726514 0.002792991 0.009114162 0.01147832 0.01382545 0.01702757 0.02240011 0.05086853 0.02413685 0.03447394 0.03547306 0.04322866 0.04929912 0.04780888 0.01520161 
0.1509102 0.0914835 0.04205351 0.03968817 0.0299581 0.01554119 0.00857881 0.01943171 0.02481807 0.02503677 0.02521289 0.03610425 0.0391592 0.03727663 0.03886307 0.03531577 0.02986201 0.02839398 0.03065387 0.03570081 0.04620009 0.06183292 0.07959186 0.05452938 0.06618692 0.07452324 0.07073183 0.06510478 0.04985193 0.04869814 0.06445144 0.0348994 0.03025964 0.02563755 0.02095332 0.02005147 0.06402697 0.009668618 0.006425136 0.002168203 0.001611503 0.001880298 0.002960219 0.009522337 0.01192513 0.01418717 0.02995044 0.02316722 0.02001502 0.02483196 0.05376744 0.04835697 0.0405729 0.03618783 0.03728179 0.02516129 
0.1816635 0.1368593 0.03953318 0.02893517 0.01378854 0.01702144 0.01360959 0.01237813 0.01365553 0.01447933 0.01480633 0.01779102 0.02185289 0.01787933 0.01648056 0.01966629 0.02741151 0.0293295 0.02458701 0.04271017 0.05057638 0.05905443 0.06099667 0.08053502 0.05965124 0.04231721 0.03568874 0.03442197 0.03033359 0.02244385 0.05298769 0.02095089 0.01525828 0.01699392 0.01698588 0.01513867 0.089513 0.006980322 0.005287847 0.003552868 0.002925597 0.00358384 0.005500641 0.0115097 0.01433068 0.02533229 0.03155955 0.02285006 0.02306792 0.0487017 0.03508043 0.0269758 0.02524193 0.01528226 0.01479839 0.02935484 
0.1592731 0.1210738 0.04343478 0.0254081 0.01356241 0.00887727 0.009039436 0.008899001 0.00978998 0.01052924 0.01101732 0.01361178 0.01832932 0.02038626 0.02013667 0.01663387 0.02036579 0.01917414 0.02047008 0.03949993 0.04902772 0.04509363 0.04491961 0.06202785 0.04647281 0.01843346 0.01504183 0.009088119 0.00653506 0.009103752 0.004722525 0.009908311 0.01101362 0.01175558 0.01213534 0.006906342 0.005898466 0.004128037 0.003817989 0.003273509 0.003002541 0.003884054 0.005791605 0.01199464 0.01483689 0.03433625 0.02840079 0.0290701 0.02045882 0.02393193 0.03475826 0.03354838 0.02979839 0.02209677 0.01923387 0.01395161 
0.1355295 0.08781298 0.04469967 0.02004005 0.008851739 0.01185417 0.005485738 0.006858451 0.007032204 0.008118662 0.008648101 0.01033513 0.01281898 0.01498812 0.01780996 0.01409079 0.01469196 0.01436669 0.01267137 0.01493689 0.02362331 0.03044236 0.01888119 0.0190866 0.0153123 0.004690771 0.006237009 0.00513695 0.004190634 0.002089853 0.001906443 0.007310051 0.005396274 0.00481999 0.005925235 0.005635332 0.003945698 0.004092657 0.004906954 0.005999782 0.005477943 0.004641639 0.008093725 0.0162423 0.01842394 0.03360122 0.03527184 0.03338772 0.03224539 0.02064071 0.02981986 0.03032258 0.01209677 0.009475806 0.01951613 0.006048387 
0.08549181 0.07732765 0.03246894 0.0124339 0.009672737 0.01036007 0.004133115 0.004956807 0.005488698 0.005928524 0.006383903 0.008011651 0.009619053 0.01183739 0.009410068 0.008638326 0.008084757 0.008995972 0.01005159 0.01723604 0.0159227 0.01197166 0.009583406 0.004477965 0.004934902 0.010173 0.0156004 0.0144877 0.009036667 0.0064387 0.005403618 0.005163103 0.004537706 0.007353372 0.005052979 0.00422869 0.00411528 0.004006028 0.005228322 0.006375107 0.004897456 0.005941314 0.009287616 0.01449447 0.02067031 0.02463267 0.0519945 0.03334577 0.03241529 0.02268013 0.02406858 0.01649193 0.004959677 0.01592742 0.02733871 0.03471774 
0.05902743 0.06473791 0.01799727 0.006811604 0.007333645 0.006772506 0.007892816 0.002945198 0.002453747 0.002676062 0.002896269 0.003384938 0.004167392 0.004543072 0.005214596 0.007239621 0.004440389 0.004268763 0.004308684 0.02727203 0.01494304 0.01255964 0.02030226 0.01231556 0.01136567 0.01519521 0.02136168 0.01790372 0.01993981 0.009299014 0.0007559655 0.003033859 0.002876382 0.003150443 0.003228049 0.004434144 0.003980835 0.004153493 0.004876061 0.008708937 0.00998026 0.009870944 0.0236802 0.02344802 0.02032679 0.02535373 0.05598726 0.04108871 0.02604839 0.00657258 0.01282258 0.01012097 0.007459677 0.0146371 0.009193547 0.02084677 
0.03328459 0.0164303 0.005684683 0.01223025 0.01279107 0.002232467 0.006170382 0.001224182 0.001287266 0.001404124 0.001542718 0.001812775 0.003142643 0.002033891 0.002095731 0.002678508 0.002868027 0.002692368 0.003938454 0.01536978 0.01236438 0.007885865 0.01729151 0.05007702 0.0008107648 0.01771696 0.0007195182 0.01508945 0.0005321805 0.00862459 0.01031089 0.002160207 0.002186381 0.002284821 0.002818121 0.003597343 0.003807472 0.004452942 0.005473234 0.008644833 0.009982347 0.01359207 0.0165185 0.02180297 0.05634996 0.02489942 0.05903969 0.03310483 0.01528226 0.006733871 0.01254032 0.007741935 0.01197581 0.01177419 0.003991935 0.006048387 
0.0105878 0.02037604 0.004024891 0.01043309 0.01031754 0.002512846 0.004284042 0.003265838 0.0006125903 0.0006524197 0.0007249882 0.0009163886 0.002671781 0.001023161 0.001095906 0.00149028 0.001584931 0.003616576 0.005331196 0.009388469 0.001945066 0.001909622 0.009163079 0.02561283 0.0004379743 0.0004030128 0.0003744437 0.0003702414 0.0003080947 0.0003079982 0.009072158 0.002815138 0.001683513 0.00190252 0.002187687 0.003470489 0.003878296 0.00472886 0.005986706 0.01314391 0.02554789 0.01642178 0.02751863 0.02726314 0.0337086 0.02569599 0.04932008 0.01306451 0.01076613 0.009959677 0.01975806 0.01540323 0.01435484 0.003024193 0.005685483 0.008790323 
0.005362448 0.004494952 0.006656005 0.005115445 0.008366444 0.0006462208 0.003592733 0.0004085314 0.0005332552 0.0005146619 0.0006982504 0.0006588342 0.002197175 0.0007566521 0.0008244378 0.001092024 0.001151146 0.001199225 0.001235202 0.00138344 0.001422826 0.001396907 0.01881644 0.01083374 0.0003206114 0.0002963078 0.0002761503 0.0002857449 0.001198738 0.0002379417 0.0002691789 0.001257614 0.001388862 0.001668949 0.002512201 0.003456885 0.004037176 0.005526363 0.006475892 0.01236265 0.02328993 0.01757036 0.0221756 0.03735411 0.03594322 0.02374592 0.02155713 0.01217742 0.01524193 0.00875 0.02782258 0.02588709 0.02673387 0.001048387 0.00983871 0.005483871 
0.001393923 0.004739955 0.009256233 0.003237444 0.002266868 0 0.007404529 0.008354913 0.009941457 0.0002141554 0.000237239 0.01110162 0.0004809684 0.000636263 0.0003303986 6.757411e-005 7.04427e-005 7.328942e-005 7.572404e-005 0.0001426633 0.0001473741 0.006874327 0.0001645516 9.677737e-005 8.959113e-005 8.33083e-005 7.881106e-005 0.01609395 0.01705336 0.0003254214 0.000388423 0.0009539751 0.001088266 0.003914626 0.004560222 0.002634429 0.003162044 0.004061201 0.005239093 0.01461482 0.02868288 0.02420618 0.04112243 0.04862528 0.02964801 0.02279467 0.02153303 0.01407258 0.03625 0.009475806 0.006451612 0.02657258 0.04834677 0.008870968 0.01427419 0.01379032 
0.001729745 0.000384444 0.00107256 0.001561464 0.00885752 0 0.004313857 0.005864339 0.0005444459 0.0003347911 0.000104284 0.0007679635 0.005511499 0.0001341511 0.0001331346 2.558008e-005 2.538641e-005 0.001709426 0.001787897 8.616575e-005 5.323414e-005 0.007471952 4.892276e-005 3.50013e-005 3.215113e-005 3.106464e-005 3.173743e-005 0.0083119 0.01760279 0.0077608 0.0002418337 0.0006445165 0.0007793815 0.00392778 0.001835481 0.003037996 0.005248778 0.004287303 0.01030031 0.01814918 0.02705714 0.03024775 0.04684141 0.04053273 0.03934585 0.0351312 0.031891 0.02737903 0.02681452 0.01608871 0.02782258 0.02520161 0.02048387 0.009435483 0.006249999 0.01012097 
0.009489293 0.01307196 0.004013883 0 0.0002147824 0 0 0.002121464 0.001613496 0.0001092972 3.263888e-005 3.703039e-005 4.024686e-005 3.778271e-005 2.934956e-005 4.026067e-006 2.404198e-006 1.809619e-006 2.218328e-006 4.808736e-006 5.560926e-006 5.645276e-006 5.028437e-006 3.442298e-006 2.974613e-006 4.219702e-006 7.148382e-006 4.475645e-005 5.767299e-005 9.370196e-005 0.0001538234 0.0004509448 0.0005792337 0.0009882296 0.001668623 0.0024624 0.003138202 0.004175492 0.01040159 0.01692356 0.01879672 0.04842488 0.03337191 0.04630132 0.04522882 0.04321908 0.03972537 0.03967742 0.01370968 0.02717742 0.03262096 0.03100806 0.02766129 0.009032257 0.003790322 0.0003225806 
