ncols         56
nrows         54
xllcorner     28.264
yllcorner     -5.7719999999999
cellsize      0.25
NODATA_value  -9999
0.1866896 0.1891215 0.179335 0.1536196 0.1825782 0.164593 0.1806371 0.1482824 0.1243588 0.1163775 0.1112772 0.1264005 0.1630358 0.1590488 0.1493516 0.2140247 0.2290639 0.189979 0.2026109 0.195923 0.1167366 0.1665863 0.1192413 0.128319 0.1802394 0.1494433 0.124255 0.1084189 0.1333174 0.1892917 0.1936209 0.1619832 0.1513677 0.09953117 0.1330735 0.1329341 0.08122439 0.07779752 0.0338853 0.03381488 0.0418561 0.04964287 0.0303042 0.04655844 0.05737594 0.08832714 0.07412242 0.03829256 0.01601322 0.01031452 0.01022581 0.003991935 0.002685484 0 0 0 
0.1752348 0.1650626 0.1523674 0.1710615 0.1827803 0.1911783 0.2010955 0.1326901 0.1266378 0.1207389 0.1309303 0.1235142 0.1658871 0.1794407 0.1639033 0.3393449 0.4596264 0.382204 0.2110505 0.1435777 0.1176688 0.2096372 0.102914 0.1345488 0.136591 0.1313211 0.1282691 0.1614137 0.149784 0.1436727 0.09546731 0.1247273 0.146624 0.1296847 0.1371094 0.1355857 0.09230873 0.05759163 0.02271408 0.02373498 0.03076679 0.04555577 0.04701383 0.05417057 0.07564975 0.06863077 0.04773747 0.02614096 0.01684253 0.008564516 0.004709677 0.00141129 0.0008145161 0 0 0 
0.2367762 0.183578 0.1559994 0.2081473 0.1951713 0.2205857 0.237622 0.2017039 0.1667318 0.1463197 0.14094 0.09186951 0.1394449 0.1697836 0.1608067 0.3313191 0.3312645 0.2573898 0.2420401 0.1796756 0.1247017 0.1230473 0.09386666 0.1135994 0.1328815 0.1399277 0.1258849 0.1183653 0.1266799 0.1220924 0.1027643 0.11694 0.14904 0.1794889 0.1685221 0.1701242 0.0911151 0.0621928 0.04653186 0.02285522 0.03959963 0.0498722 0.05120821 0.04915825 0.05245024 0.04348084 0.03328393 0.0193128 0.01388928 0.008963997 0.002153226 0.0008145161 0.0008145161 0.0001048387 0 0 
0.1821162 0.1259935 0.1165522 0.1555372 0.1310278 0.13183 0.1336302 0.1769715 0.1221702 0.1370279 0.1007495 0.08734116 0.1197035 0.17386 0.1531733 0.1627065 0.1634665 0.125963 0.1478353 0.2035878 0.1405953 0.2552449 0.1078655 0.1003303 0.114937 0.1058615 0.1099775 0.1295876 0.1282727 0.1002936 0.07685642 0.112876 0.1253352 0.1337601 0.1386614 0.1210181 0.08350537 0.0587072 0.06595953 0.04461204 0.05170615 0.05819387 0.05481695 0.03940867 0.03487743 0.01531873 0.02033336 0.007239813 0.001897857 0.002680233 0.001564228 0.001418517 0.002141216 0.000553717 0.000169443 0.0001768978 
0.142987 0.0955295 0.079155 0.1083886 0.1091569 0.1028549 0.0878896 0.1076789 0.1090489 0.09160493 0.09565214 0.1534186 0.1209664 0.2196491 0.1287094 0.1690276 0.07825878 0.07017668 0.1122067 0.1535259 0.1540865 0.1483248 0.1133947 0.1268061 0.1202831 0.1255629 0.1113982 0.07991114 0.08007751 0.08154222 0.04439815 0.04650464 0.09488645 0.08601674 0.08582641 0.07277191 0.08511338 0.056165 0.0335348 0.04273148 0.06368479 0.05226599 0.07266719 0.03669389 0.01000921 0.007207127 0.007479655 0.0006265377 0.001496109 0.001481408 0.0001737761 0.002286613 0.0001633169 0.0001653937 0.0001693213 0.0001770139 
0.08285465 0.07773647 0.08911878 0.1074979 0.08699537 0.08596076 0.1153937 0.0899291 0.07877187 0.08679835 0.0805195 0.09086367 0.09767352 0.1704598 0.08982818 0.1733405 0.08985543 0.05722307 0.08315753 0.09387568 0.1110503 0.1301545 0.09575669 0.08874436 0.1570001 0.1731931 0.1142335 0.08375891 0.09194311 0.07012605 0.04912821 0.05434102 0.05524154 0.07024524 0.06801403 0.08443855 0.05963372 0.04309016 0.03149405 0.02426457 0.02581942 0.01695924 0.01657124 0.01365407 0.009834974 0.01180638 0.006397103 0.001844486 0.008575309 0.003506284 0.0001776903 0.0005551251 0.0001685119 0.0005037659 0.0001739541 0.0001832015 
0.08496193 0.08458637 0.1583851 0.09845483 0.09155504 0.07095962 0.09010532 0.07878949 0.08318766 0.07048944 0.08817048 0.1186451 0.1266242 0.082355 0.1175192 0.1083863 0.09052233 0.06801997 0.1189734 0.07122461 0.09189537 0.1057893 0.121132 0.1057939 0.1380397 0.1079284 0.1070642 0.06977625 0.06054043 0.04400957 0.03769345 0.04539068 0.06274899 0.04806093 0.02926654 0.03957137 0.0247601 0.02346632 0.02543807 0.02860222 0.01651395 0.02318176 0.01611417 0.006341114 0.005572313 0.003423924 0.01465843 0.008050112 0.007752078 0.001056739 0.0004052474 0.0003586779 0.0002458542 0.0005975981 0.0003969665 0.0001942013 
0.0823012 0.08870801 0.0890638 0.08478478 0.05893409 0.04573438 0.06827514 0.07791424 0.1017067 0.08838847 0.1243125 0.1349248 0.1429902 0.1253026 0.1738319 0.1424371 0.07361001 0.09440561 0.1096378 0.0784504 0.07998463 0.1046143 0.17752 0.1186764 0.1363258 0.09547122 0.07484516 0.06146414 0.04214421 0.03250048 0.04269026 0.04130279 0.02927883 0.02286451 0.01839243 0.02232099 0.009617769 0.008641224 0.01530371 0.01584494 0.01411352 0.006755734 0.00850119 0.003421372 0.002305524 0.003269259 0.002924694 0.004407846 0.005091416 0.00190294 0.002367756 0.00162648 0.000886732 0.0001993714 0.0006296979 0.0004152783 
0.08541869 0.08363865 0.07585161 0.08871867 0.0592145 0.06062633 0.05884968 0.06918431 0.07220343 0.05669764 0.09695192 0.1044999 0.1934211 0.1519734 0.1700231 0.1410414 0.1315473 0.1819132 0.1164806 0.1026787 0.0859158 0.1027627 0.1153714 0.1102292 0.09555967 0.08192734 0.05124965 0.04660487 0.03125938 0.02564534 0.03044338 0.03313703 0.01329124 0.01570097 0.008815623 0.009442871 0.008787655 0.0110834 0.0104451 0.008015563 0.00672739 0.005712446 0.005538146 0.001844781 0.002263366 0.001661452 0.0003425311 0.001606667 0.001089033 0.001731065 0.0002096739 0.001018484 0.001204882 0.0002099847 0.0003440382 0.0002288307 
0.08803042 0.1042729 0.06945971 0.109562 0.09246819 0.07101282 0.05063213 0.1352435 0.1104469 0.06780297 0.06756327 0.09855924 0.1231465 0.1765325 0.1606181 0.15767 0.1593611 0.190828 0.1223231 0.1126186 0.1605501 0.1083309 0.1014101 0.07584883 0.0369724 0.0234825 0.02757748 0.02519233 0.02715097 0.02607003 0.02226963 0.01415142 0.008562914 0.007826149 0.003736793 0.006392841 0.01051265 0.01325084 0.009228175 0.001294798 0.001719897 0.003287279 0.003181396 0.001102996 0.001427673 0.001501322 0.0008693967 0.0014679 0.001100513 0.001913801 0.0007708315 0.0002101966 0.0002145579 0.0002201768 0.0002255895 0.0002335764 
0.08580635 0.08901112 0.09691814 0.07975521 0.06321797 0.05537912 0.06555326 0.09738836 0.1064819 0.1008613 0.1026395 0.1336263 0.1335313 0.1467778 0.1286687 0.1463753 0.130661 0.1513561 0.09898541 0.08596571 0.07312177 0.05806326 0.0268381 0.01367353 0.01307586 0.01287549 0.01939907 0.02758061 0.0248385 0.03520528 0.02234773 0.004844498 0.008640381 0.01682147 0.009788579 0.00264966 0.007405251 0.01060392 0.005078523 0.001427352 0.0008147956 0.000354813 0.0001714488 0.0003316204 0.0005464979 0.000346324 0.0003544676 0.0001951759 0.0002010062 0.0007229636 0.0002131272 0.000219807 0.0002235754 0.0002299547 0.0002364612 0.0002434713 
0.08157279 0.07488656 0.09447338 0.07121575 0.06546085 0.07972161 0.1417721 0.1101959 0.150619 0.1429141 0.1610293 0.1615817 0.1749566 0.1302723 0.1737715 0.1561424 0.1194435 0.1151884 0.1123401 0.100755 0.05412566 0.03408973 0.01766654 0.01119396 0.01933135 0.01345688 0.01996179 0.03401431 0.03310451 0.008602994 0.003211934 0.005799403 0.006104917 0.008924836 0.008322423 0.003350644 0.003032387 0.004848039 0.008717713 0.00348941 0.005830259 0.01207871 0.009184404 0.004582396 0.001180033 0.001212262 0.001255894 0.008038545 0.0005519856 0.0005725487 0.0007418123 0.0005101195 0.0004406998 0.0004542134 0.0005689693 0.0004814233 
0.07858932 0.09256412 0.08183324 0.05527042 0.08192457 0.09941742 0.09024534 0.09957365 0.1313086 0.1435336 0.1270119 0.1585558 0.133735 0.1469529 0.2258409 0.2156733 0.1340818 0.09662396 0.116456 0.09897575 0.05966083 0.05127194 0.02441251 0.01716358 0.01665829 0.01503144 0.01733266 0.02320064 0.02410105 0.006105611 0.007648109 0.005075976 0.004618207 0.0009252419 0.001913512 0.005577842 0.00140407 0.004954643 0.007934407 0.006484242 0.001286121 0.005322791 0.005174766 0.0012868 0.003968393 0.003811747 0.003990217 0.007166996 0.004249927 0.004282588 0.0007711754 0.002973613 0.0004576881 0.0004705922 0.0005873052 0.0007241377 
0.1065716 0.09640493 0.06066639 0.05427819 0.06322534 0.05254524 0.06532405 0.1015882 0.1270908 0.1166457 0.1326017 0.1506059 0.1163735 0.1274041 0.1988656 0.1691495 0.139684 0.1084188 0.1684473 0.1207466 0.06913275 0.06032799 0.01759506 0.01346442 0.01076384 0.008337039 0.01209898 0.02236059 0.01011394 0.004803861 0.00356016 0.001655669 0.0010447 0.001077322 0.001250133 0.004433351 0.002865351 0.003285093 0.003612865 0.01132703 0.001293964 0.001308154 0.001252773 0.001187936 0.001204921 0.001246905 0.001316324 0.0005613664 0.0005860131 0.0006120007 0.0006357393 0.000462465 0.0004760215 0.0004906412 0.0005065258 0.001181995 
0.1098184 0.07459491 0.06010871 0.05178268 0.04750563 0.04009003 0.05790963 0.07074188 0.08922378 0.1600572 0.1356371 0.1482294 0.1187822 0.113792 0.140639 0.1127275 0.1051194 0.1095648 0.1204564 0.1273891 0.1163215 0.04013891 0.02515695 0.01748141 0.01318428 0.006698258 0.006503803 0.009650468 0.006453896 0.00316158 0.002306065 0.002328484 0.001199508 0.0007645142 0.001254406 0.000815613 0.002275046 0.001957742 0.00233588 0.007452151 0.006566612 0.001310279 0.001259496 0.005605679 0.001330501 0.001273796 0.001354432 0.0006480182 0.0006299836 0.0006391073 0.0006637199 0.0004836099 0.0004998151 0.001227909 0.0005279656 0.0006737844 
0.09595852 0.07077168 0.06412678 0.05451325 0.03942859 0.05093397 0.09909341 0.1029537 0.1358654 0.1695834 0.1657867 0.1378036 0.09432117 0.07770276 0.06735057 0.09318 0.08716426 0.1009302 0.1066433 0.09806135 0.1080662 0.06104959 0.05585355 0.03316863 0.02499848 0.01281255 0.01011117 0.00779917 0.006009896 0.005067021 0.004091822 0.002511766 0.001388345 0.0008900819 0.0007330251 0.0007478952 0.0005283998 0.0004150654 0.004907454 0.001695403 0.001685203 0.006970448 0.005390355 0.002617399 0.001366523 0.001260241 0.001323696 0.001011766 0.0009079716 0.0008189302 0.0009916916 0.001091813 0.002056312 0.000959446 0.0013247 0.002407979 
0.06836771 0.0910454 0.07382382 0.0542786 0.05286303 0.06544546 0.08929496 0.1143489 0.1119793 0.07763573 0.1079982 0.1063495 0.05150014 0.05780176 0.03886729 0.06863442 0.07198761 0.0643175 0.06095438 0.1002843 0.1037286 0.07297417 0.07307824 0.06409922 0.02259861 0.02042491 0.01547567 0.00979803 0.008865537 0.005625336 0.005072792 0.006717579 0.002918853 0.0009868147 0.0008058235 0.0008057721 0.0005481844 0.0004161529 0.0004171655 0.001275132 0.001678087 0.001675064 0.003871233 0.002703882 0.002646966 0.001949737 0.002030445 0.0008624723 0.0007442248 0.001530434 0.001033861 0.000715958 0.0008381609 0.001875071 0.001564697 0.002320743 
0.06612103 0.1042945 0.09985004 0.069768 0.08593874 0.05785375 0.06957553 0.1113422 0.09039647 0.05394698 0.08615664 0.04068584 0.03154617 0.05033375 0.06208973 0.06083005 0.07179107 0.07935933 0.06953974 0.09843047 0.1093955 0.1019749 0.07628082 0.06549364 0.04414957 0.02221155 0.01387138 0.008772142 0.007636018 0.00646989 0.00495913 0.01143092 0.002802454 0.001144231 0.0009246803 0.000903768 0.0005817346 0.0004184504 0.0004205737 0.001697206 0.00676397 0.001714982 0.001737595 0.002701256 0.003252419 0.002788174 0.00208622 0.001362391 0.001584344 0.0008871774 0.0009118164 0.0007379559 0.0008542773 0.001187491 0.0007938154 0.0009417767 
0.1055464 0.07498318 0.1106586 0.1049153 0.07592721 0.05875881 0.09530345 0.117286 0.06619553 0.06247005 0.06486714 0.03508862 0.03681107 0.05981321 0.07221729 0.063236 0.08040018 0.08046018 0.07506961 0.1133958 0.1170276 0.08802027 0.06453039 0.05935971 0.05331649 0.0281461 0.01763878 0.009458939 0.007565044 0.006670195 0.009204902 0.01032319 0.003501125 0.002657882 0.001081559 0.001035832 0.0006550875 0.0004227576 0.0004273297 0.002313975 0.003164097 0.003138563 0.002409406 0.003309098 0.003376251 0.002215921 0.00198275 0.001773627 0.004170266 0.001165173 0.0008925444 0.0006908559 0.0007697892 0.0006767357 0.0007282301 0.00150333 
0.1054426 0.0982855 0.1074052 0.08953817 0.09932439 0.1239343 0.125144 0.1282269 0.09148058 0.1078409 0.08138326 0.0552532 0.06714682 0.09197367 0.09040687 0.09124932 0.07863954 0.1396096 0.1159912 0.1218799 0.1244896 0.06944077 0.05866009 0.05919443 0.05223342 0.02739891 0.01888921 0.01921516 0.01832294 0.01520147 0.01517069 0.00557258 0.01137994 0.002662907 0.004050591 0.003229659 0.002451217 0.001589848 0.001522501 0.001713335 0.001822761 0.00179277 0.002162127 0.002319281 0.003064597 0.00265436 0.002559474 0.003455424 0.003476147 0.003115682 0.002956117 0.001238044 0.001184834 0.002134138 0.002004852 0.001821423 
0.09494902 0.07259766 0.08858278 0.08566386 0.07574771 0.07387263 0.08051154 0.1267221 0.1009202 0.1006411 0.06063494 0.06050204 0.07801408 0.0864848 0.09154345 0.09107903 0.1151094 0.1272453 0.1273039 0.107368 0.1002185 0.09481267 0.08091079 0.04989947 0.04650608 0.04226016 0.04021666 0.02620128 0.01163825 0.01043219 0.008607867 0.006077783 0.004278919 0.00480135 0.002774235 0.002283957 0.001543617 0.001668884 0.001698518 0.001758017 0.001896866 0.001935395 0.002199448 0.002685319 0.002411343 0.002729288 0.002675865 0.003647278 0.004401047 0.003828973 0.003699133 0.002000889 0.0009669747 0.001990918 0.0009914391 0.0009979795 
0.0790209 0.0570498 0.05046228 0.05800479 0.04625657 0.04226935 0.04483131 0.07111893 0.06670582 0.06295575 0.06909977 0.06344733 0.06517537 0.07699416 0.1026665 0.08619162 0.1250496 0.1026811 0.1067162 0.1144809 0.1072859 0.09797147 0.1185352 0.09291264 0.05999615 0.05166705 0.04762453 0.04695834 0.01280119 0.01631084 0.01030034 0.006655672 0.005625987 0.008279395 0.003009957 0.002507637 0.001379604 0.0007927932 0.001254342 0.001935404 0.002070939 0.002432747 0.00241773 0.002698387 0.002677289 0.003651235 0.003810293 0.00381669 0.004071137 0.003960119 0.003815925 0.002698668 0.002441979 0.001143315 0.001047594 0.001030507 
0.06977326 0.06217688 0.03052714 0.03161189 0.03941793 0.03646823 0.03678621 0.04643241 0.03833498 0.04435261 0.03376375 0.0526389 0.0376527 0.05189302 0.09164595 0.07672095 0.1125981 0.1071867 0.1055917 0.1130327 0.123002 0.1254853 0.1374422 0.1111411 0.08421547 0.08946114 0.05577499 0.05324034 0.02842549 0.01879276 0.01656039 0.01065325 0.005773735 0.01382179 0.006501304 0.003180832 0.001788213 0.001044214 0.001061636 0.001918067 0.003248125 0.002774737 0.00257214 0.003123549 0.003153011 0.003253742 0.003013191 0.00373913 0.00392988 0.00398099 0.003826047 0.002603021 0.006342851 0.001912532 0.002786809 0.001084173 
0.05594612 0.05241857 0.04348527 0.03496828 0.04034637 0.05052287 0.05046048 0.04712784 0.05251774 0.02795926 0.04800588 0.05108617 0.04243875 0.05817038 0.1004145 0.07019049 0.07819719 0.1347022 0.1061094 0.1039468 0.1267757 0.1171488 0.1295756 0.1256774 0.1590533 0.1815379 0.1017974 0.06946068 0.05661619 0.04006305 0.04303073 0.01422057 0.01481114 0.02211217 0.011607 0.004837859 0.002782856 0.001630843 0.001541527 0.002221332 0.002287948 0.002280279 0.00237431 0.002507068 0.00261408 0.002672653 0.002762288 0.003417841 0.003474886 0.003536199 0.003258914 0.00166254 0.001599459 0.001590933 0.001095808 0.001759388 
0.04580189 0.0405717 0.02755417 0.03311009 0.03890132 0.04364252 0.04976284 0.04392274 0.04242458 0.03228856 0.03794118 0.05744098 0.07420667 0.09236515 0.08428229 0.08199911 0.07285061 0.08117167 0.1540392 0.08115194 0.06188759 0.09087341 0.1300536 0.1357944 0.1405495 0.1479641 0.1013911 0.08986843 0.06810647 0.05999368 0.07342808 0.06701917 0.03430539 0.03452023 0.02070693 0.01090101 0.003166737 0.001926836 0.001794872 0.002581087 0.002445666 0.002539906 0.002547777 0.002682782 0.002828161 0.002865181 0.00294205 0.003510906 0.003647547 0.003696057 0.003600943 0.004692598 0.00445383 0.00171306 0.001170906 0.002791757 
0.05337727 0.04388821 0.02667055 0.02894768 0.04111916 0.04790077 0.04415394 0.03097598 0.03042756 0.05255506 0.0331449 0.05575908 0.05983299 0.06807685 0.05962259 0.08115162 0.05091282 0.06203434 0.04797773 0.05213873 0.05195348 0.1154872 0.1350705 0.1787757 0.16592 0.1361351 0.08745936 0.1210781 0.1036474 0.09219518 0.0831504 0.08105058 0.05488542 0.0394677 0.02271892 0.01559272 0.004838143 0.002476131 0.002320482 0.003336212 0.003029424 0.00298968 0.002952295 0.003046895 0.002969778 0.003004672 0.008507937 0.006187095 0.00369875 0.003695413 0.005026265 0.007380906 0.005092605 0.005933877 0.009129319 0.00910638 
0.04500503 0.05524397 0.04264642 0.0244478 0.03774659 0.06716764 0.03654055 0.02973705 0.03477608 0.03079119 0.0450468 0.0340109 0.03051759 0.04517371 0.06308215 0.06358951 0.04779168 0.03455653 0.03633299 0.05659758 0.06303645 0.1080311 0.1227567 0.1635734 0.1446781 0.09430262 0.1018254 0.1279365 0.1079776 0.09551049 0.1556564 0.1390324 0.09922665 0.06116156 0.02305679 0.01886368 0.01101947 0.003879645 0.003080809 0.004244631 0.003873915 0.003645298 0.003411611 0.004817196 0.004627388 0.004153666 0.004272792 0.004696094 0.003746091 0.003710644 0.003672187 0.008239221 0.01353587 0.005780919 0.007505517 0.003840028 
0.05273977 0.1018244 0.06052564 0.04400982 0.0459977 0.04846838 0.04713476 0.03700933 0.02048835 0.02024508 0.03142299 0.03270943 0.04534812 0.06906471 0.09649774 0.08706915 0.06317058 0.04159486 0.06954469 0.09929436 0.08914439 0.101786 0.1373003 0.09821697 0.1096696 0.1083202 0.130544 0.09777971 0.1112007 0.1207739 0.1193068 0.09178618 0.06922012 0.05207914 0.033333 0.0191156 0.01082334 0.007751121 0.006907805 0.005798527 0.005221586 0.004827505 0.004492211 0.003631077 0.005234364 0.003594562 0.00316536 0.003165594 0.004574314 0.003191405 0.003148879 0.003463626 0.008517537 0.004673041 0.008959166 0.001936392 
0.05887724 0.08092458 0.05276404 0.04172176 0.06006225 0.0693098 0.0480412 0.01927233 0.02971346 0.03282423 0.02458668 0.03911441 0.0536943 0.07912117 0.06248675 0.03594534 0.03867142 0.05516326 0.07049861 0.0786012 0.08784296 0.08359168 0.1152695 0.1154182 0.1359402 0.1303578 0.1607673 0.1371439 0.129102 0.1598204 0.1324988 0.1216809 0.07560958 0.05258173 0.03742176 0.01898144 0.01482693 0.009365184 0.008224132 0.006833214 0.006211862 0.005516699 0.005137173 0.004304072 0.00789795 0.006562743 0.003702014 0.003268948 0.003246652 0.003235721 0.003211153 0.007267397 0.006230562 0.006939814 0.008901166 0.003182131 
0.07354136 0.0648985 0.06112709 0.04629994 0.052889 0.04451813 0.03720807 0.01642761 0.02269917 0.02217899 0.03628504 0.04622345 0.06616203 0.08940031 0.06883537 0.05016948 0.04347114 0.05821445 0.05801373 0.0702257 0.07497681 0.07201138 0.0791543 0.1053474 0.1502702 0.1291936 0.1264476 0.1442955 0.1375029 0.1606704 0.1559061 0.1190851 0.09743511 0.05575588 0.04434283 0.02867317 0.01768827 0.01041741 0.01077298 0.007845511 0.006854714 0.006334826 0.005378379 0.004238885 0.003697454 0.003606277 0.003482951 0.003631302 0.003295029 0.003279457 0.003296416 0.002705324 0.01155126 0.01527036 0.01503087 0.008170005 
0.1189862 0.120765 0.06798843 0.02638207 0.01631556 0.01209167 0.008699708 0.01290641 0.019907 0.01901387 0.02013518 0.03789596 0.06130286 0.05512844 0.03426268 0.0469676 0.03039874 0.02412278 0.04428089 0.08286165 0.07485793 0.05447105 0.05687061 0.06360228 0.08870766 0.0986912 0.1011927 0.1175567 0.1301638 0.1344083 0.1048651 0.1161284 0.09480538 0.05190737 0.03249668 0.02966162 0.02556063 0.01216942 0.01378956 0.008259504 0.01071435 0.006177458 0.005637588 0.004422733 0.003788781 0.003433649 0.004006566 0.003980874 0.006850642 0.008926864 0.005354258 0.002017333 0.01140998 0.01530309 0.01753356 0.01225829 
0.100275 0.09278747 0.04678752 0.02156792 0.005367634 0.002602296 0.007099522 0.01323338 0.01291257 0.0172222 0.02125888 0.03173354 0.03585168 0.03198444 0.03004822 0.04581286 0.06370371 0.04511869 0.03884823 0.05928121 0.08114159 0.05624606 0.03417557 0.04261102 0.1009439 0.09775855 0.08198339 0.1000804 0.1347698 0.124883 0.09060656 0.09031295 0.07602384 0.05579195 0.03799402 0.03636252 0.03852007 0.01761824 0.01658055 0.01375232 0.01199318 0.00956773 0.006177705 0.004495867 0.003875799 0.006574695 0.006577577 0.005949437 0.01030376 0.008023431 0.006404394 0.01018067 0.01854126 0.01142577 0.01857637 0.01908903 
0.08516155 0.06597351 0.03835987 0.01004618 0.003901861 0.002317865 0.005429282 0.005779927 0.01354287 0.01348475 0.01681031 0.02662592 0.0260052 0.02942284 0.03415513 0.0515897 0.05914934 0.06037219 0.04019547 0.04972719 0.0471175 0.03993566 0.03144002 0.04531774 0.0826556 0.07307551 0.07085972 0.1196321 0.1560768 0.1148934 0.09492237 0.07148553 0.05038607 0.04979935 0.04264064 0.02686247 0.02316131 0.01925222 0.01676973 0.009374209 0.01145474 0.009855431 0.007160074 0.006669743 0.008457838 0.01105265 0.0109829 0.00936318 0.01340003 0.01265141 0.009130131 0.0200648 0.0149601 0.01116441 0.01611704 0.02115071 
0.06316953 0.04502188 0.02227916 0.01242753 0.007321586 0.004071956 0.005194288 0.006794347 0.01240232 0.01305163 0.009644136 0.01861146 0.02750326 0.02587623 0.03870423 0.06553889 0.05547111 0.05229803 0.04335956 0.04074998 0.03572978 0.03150623 0.03786336 0.03267212 0.04080331 0.06872399 0.07544111 0.09181218 0.1098974 0.08067138 0.09874734 0.06228568 0.07545245 0.0396774 0.03593773 0.02562911 0.02176855 0.0188428 0.01699336 0.01053233 0.008781061 0.00674643 0.007065622 0.01011601 0.01231166 0.01213413 0.01347992 0.01371173 0.01583873 0.01810542 0.02026598 0.02087813 0.01852124 0.0103343 0.01452773 0.01075132 
0.06675943 0.03728488 0.01069296 0.01098009 0.006765516 0.006540802 0.003544701 0.002482377 0.005634984 0.01135748 0.009702174 0.02140946 0.03140042 0.03611647 0.02621265 0.04524567 0.03433499 0.04372926 0.04075203 0.04687716 0.03593885 0.03444279 0.0220812 0.02610855 0.0299759 0.0514866 0.06486522 0.06948222 0.05092923 0.05730112 0.05259716 0.04255728 0.06725521 0.0304109 0.02817047 0.02277954 0.01770569 0.01552141 0.01617434 0.0113317 0.007098308 0.006223962 0.008460027 0.007971834 0.01719428 0.01124033 0.01238758 0.02000064 0.02192101 0.02820325 0.02810222 0.0405625 0.03448881 0.03120461 0.01342392 0.02039887 
0.05986955 0.0316691 0.00822188 0.01025882 0.007293664 0.005761793 0.004188005 0.003841238 0.004402018 0.005386745 0.009331697 0.02305233 0.03371983 0.02846012 0.01698714 0.03595384 0.06593689 0.08839479 0.08805019 0.05932319 0.03503076 0.009217125 0.01802877 0.01508671 0.02016053 0.0212522 0.03855225 0.04379362 0.03065258 0.03215161 0.02763242 0.02139049 0.01519005 0.01521763 0.01475552 0.01089262 0.009682785 0.008207725 0.008320388 0.004614796 0.003712588 0.003344653 0.004318215 0.006602217 0.01627107 0.01289098 0.01539184 0.03414159 0.03796271 0.04477955 0.03760832 0.04706308 0.04587789 0.02584483 0.02041189 0.01383904 
0.03540225 0.021389 0.002752085 0.00594172 0.007078536 0.006140567 0.007931096 0.00297795 0.003463601 0.004313888 0.005457887 0.01439987 0.01352064 0.0128828 0.01397301 0.03725089 0.07190648 0.06599201 0.04644964 0.04291436 0.029839 0.01095108 0.009515394 0.01363935 0.02216685 0.02038122 0.03999635 0.04627416 0.03600033 0.03790538 0.03537169 0.02807434 0.02080038 0.01348338 0.0147343 0.01396323 0.01140904 0.008892149 0.006497074 0.004111834 0.003555271 0.003024699 0.003650945 0.009220502 0.01252047 0.0166974 0.01755957 0.04013085 0.05214936 0.06302718 0.06689321 0.07802487 0.05936365 0.03435695 0.018608 0.02113914 
0.0433048 0.01461028 0.0008136868 0.002506371 0.001535156 0.00136753 0.001731934 0.002356607 0.002786784 0.003757929 0.00572441 0.008431977 0.0109023 0.01117962 0.01274228 0.02930116 0.04517308 0.02780227 0.0426281 0.03158772 0.02606173 0.01140384 0.01788099 0.02388456 0.02951736 0.02814868 0.0257653 0.03792213 0.02278874 0.0242316 0.02598654 0.02099878 0.01689118 0.01413961 0.01038464 0.01144519 0.0114783 0.007902999 0.006669201 0.003577179 0.003133908 0.002678943 0.00266695 0.006609411 0.01273468 0.01979359 0.02299564 0.02697882 0.06271154 0.07505577 0.07510578 0.08461139 0.06065106 0.05272605 0.02270396 0.07645853 
0.02193103 0.006978718 0.002966786 0.001151693 0.0033046 0.001123986 0.001477373 0.002835776 0.002415511 0.003914817 0.007740028 0.00774644 0.009747495 0.01010181 0.009731891 0.02511175 0.01979986 0.01938323 0.02947333 0.01160518 0.01219234 0.006790269 0.01754764 0.03528737 0.0223061 0.02567794 0.02109394 0.01294728 0.01044098 0.01886577 0.01983059 0.01423908 0.00898735 0.01297325 0.005919063 0.006641663 0.008013495 0.009375467 0.006119576 0.002590781 0.002385668 0.002286417 0.00282274 0.00482507 0.01209833 0.01700563 0.02692523 0.05192105 0.08192686 0.08611417 0.09484432 0.08406062 0.06535248 0.05967402 0.1368604 0.08543 
0.02142244 0.003907434 0.005198676 0.004165898 0.001351246 0.0008157145 0.00176044 0.001544337 0.002264179 0.00253273 0.003809696 0.00403389 0.006829004 0.004366135 0.004997856 0.006380958 0.004143196 0.003781867 0.01058202 0.0123125 0.01521585 0.01627174 0.03023268 0.03394527 0.03370659 0.01879015 0.001537704 0.002255506 0.004835835 0.006140612 0.005394361 0.0100845 0.005943773 0.007455186 0.00463806 0.005635788 0.004476618 0.002960249 0.002669276 0.001430609 0.002162087 0.001413411 0.00174632 0.004340505 0.00854979 0.01454158 0.0278446 0.05847145 0.07748019 0.09109262 0.08499755 0.07515971 0.05977833 0.2118916 0.1165844 0.1113947 
0.01298084 0.001315464 0.00265997 0.0006482349 0.0007759742 0.0006046057 0.0008772076 0.001910053 0.005818961 0.002078509 0.003034329 0.003036015 0.003651364 0.004455084 0.008681363 0.0105238 0.009930904 0.003902799 0.003084164 0.003802068 0.004170664 0.002301516 0.000592704 0.004740346 0.01052195 0.006013881 0.001092437 0.001008616 0.00123562 0.001512165 0.001414447 0.003344431 0.003878348 0.007262573 0.003369152 0.002325088 0.002330742 0.002179783 0.001889282 0.001266543 0.001481925 0.002155907 0.001633243 0.004428835 0.005999523 0.01021463 0.02677394 0.04721496 0.07263105 0.08772241 0.09655832 0.07407003 0.1701321 0.2177709 0.1287992 0.1528468 
0.01321595 0.001661077 0.0002357305 0.0005775678 0.0007466185 0.0006848114 0.0007099341 0.0011887 0.001338229 0.001809011 0.002665825 0.002564296 0.00311436 0.003410467 0.006193913 0.005778512 0.003535147 0.004946498 0.01129659 0.003134842 0.006047687 0.0007952034 0.000391105 0.000777211 0.0001239536 0.007029278 0.0001502137 0.0008321637 0.000846367 0.00130253 0.001463233 0.002693822 0.002421296 0.001736045 0.001629485 0.001535895 0.001555348 0.001328655 0.001271986 0.001141502 0.001317141 0.003046326 0.001792916 0.005170008 0.007072826 0.008236243 0.02385352 0.03519809 0.06023869 0.09070014 0.09747431 0.266003 0.269723 0.2433895 0.2318157 0.16644 
0.01217346 0.006280471 0.001100498 0.0006009009 0.0006027708 0.0005270588 0.0006976012 0.001049927 0.001278736 0.00167795 0.002367841 0.002265258 0.002679743 0.002880074 0.00400195 0.00305518 0.002926301 0.002821343 0.01080331 0.001910325 0.0006156166 0.00041514 0.0002828938 9.366971e-005 6.185377e-005 6.687285e-005 0.0001090452 0.0004212959 0.00171902 0.02223605 0.00827425 0.003341963 0.001293956 0.001283784 0.001315302 0.005211934 0.0284702 0.00126187 0.001213804 0.002427682 0.0008923828 0.002366175 0.002985671 0.005884381 0.007828419 0.01158292 0.0207185 0.02676483 0.04472452 0.06355283 0.09036005 0.291313 0.2810665 0.2688186 0.2078932 0.1564205 
0.0392249 0.03528291 0.004379097 0.000374407 0.0004952523 0.0003260546 0.0009186659 0.001339745 0.0007225838 0.001184578 0.001013845 0.001696467 0.002021529 0.002159014 0.002140692 0.002413198 0.002368782 0.002131097 0.001688441 0.0007803799 0.0005014307 0.0002606194 0.0002252394 8.399617e-005 8.512461e-005 0 0 0.0004135983 0.0006830504 0.005540564 0.01161073 0.0007149798 0.0003844957 0.00114764 0.001994759 0.005479033 0.0610532 0.001769461 0.0008290663 0.001947732 0.001755784 0.002990258 0.004795093 0.01304861 0.01605073 0.02168486 0.02378683 0.02658364 0.03386544 0.04496204 0.1844544 0.2413921 0.2130227 0.1859858 0.1032826 0.1006452 
0.0408316 0.0725874 0.001923071 0.001072041 0.002377923 0.0003332795 0.001536167 0.002781056 0.0008304458 0.0006904975 0.0008717187 0.001359682 0.001592503 0.001682851 0.00163516 0.001812079 0.001771396 0.001559578 0.001228672 0.000565954 0.0003304545 0.0001853466 0.0001383831 0 0.0002087976 4.709061e-005 0 4.952055e-005 0.0005330652 7.382518e-005 0.0005147522 0.0007162936 0.002503112 0.004860737 0.003603776 0.0003856227 0.0002026202 0.0003155287 0.0005616727 0.001813126 0.002447205 0.003578574 0.005066586 0.01289212 0.01773465 0.02079082 0.02122512 0.02866895 0.03793184 0.1078177 0.1495331 0.1973718 0.2072894 0.1796906 0.1119953 0.09685484 
0.01672673 0.01832684 0.00414588 0.000766803 0.001285644 0.0003255397 0.001064986 0.001598876 0.0005683107 0.0005477069 0.0006671483 0.001081622 0.00124062 0.001285633 0.001235345 0.001343903 0.001275178 0.001122897 0.0008808944 0.0004016272 0.0002331304 0.00012895 9.217863e-005 7.074748e-005 0.001556046 0.002367996 0.001477501 0.0001116626 1.542535e-005 0.0001464163 0.002575382 0.00352849 0.0009546339 0.0006931381 5.933501e-005 0.0001167459 0.0001485654 0.0003626087 0.001586822 0.002325048 0.002891869 0.004210695 0.006313391 0.01482542 0.01834435 0.02099606 0.02224737 0.02547815 0.03699562 0.09505143 0.1499619 0.1791447 0.1726608 0.1601783 0.1119897 0.1088306 
0.006030188 0.01139594 0.004913652 0.0007526604 0.002552703 0.0003021132 0.0003423359 0.000373573 0.00040089 0.0004610487 0.0005444249 0.0008661907 0.000978592 0.001005191 0.0009524723 0.001028534 0.0009601136 0.0008393425 0.0006539695 0.0003175072 0.0001689839 9.234271e-005 6.619833e-005 0 2.474758e-005 0.0001012296 2.559141e-005 7.819587e-006 1.10209e-005 3.955852e-005 0.001718333 1.769222e-005 0.0003398321 0.0007188876 0.0001774904 0.0001533565 0.0002036634 0.0004954194 0.001005489 0.002930425 0.004869838 0.004764635 0.007072269 0.01773481 0.01918083 0.02151057 0.0234675 0.02451221 0.08503348 0.1045903 0.1327259 0.1810619 0.1455942 0.1403261 0.1090333 0.1043952 
0.004874167 0.002861247 0.003673756 0.004976519 0.00640808 0.003373707 0.001212976 0.0003331598 0.0003566813 0.0003933274 0.0004391485 0.0004663117 0.0005478782 0.0005166135 0.000478676 0.0004822109 0.0004381462 0.0003745353 0.0002870244 0 0 0 0 0.0004890462 0.01315768 0 2.72996e-005 2.941788e-005 0.000120109 0 0.000193318 0 0 0.0001387847 0 0.0001266701 0.000172383 0.0003938504 0.003391724 0.003305702 0.003783718 0.004300898 0.007397034 0.0163062 0.01818861 0.0177702 0.01810712 0.05989231 0.07704465 0.09309805 0.1280968 0.1649194 0.1360887 0.1385484 0.1027823 0.1060484 
0.008581247 0.005436725 0.001552442 0.01614411 0.001475228 0.007770484 0.0002845347 0.0002793111 0.0002897633 0.0003002108 0.0003060406 0.0002982764 0.0003396716 0.0002921163 0.000256702 0.0003598393 0.0002002693 0.0001608966 0.0001216481 0 0 0 0 0 0 0 0 3.013289e-005 3.097221e-005 0 0 0 0 0 2.414404e-005 0.0001503422 0.000381985 0.0005422203 0.001204548 0.002989968 0.003859129 0.004909676 0.007205536 0.01557577 0.01638367 0.01856737 0.02303869 0.07371688 0.07614244 0.1006041 0.1318615 0.1778226 0.1241532 0.1175 0.09883063 0.105 
0.01623991 0.01034872 0.001393751 0.001023657 0.001976367 0.006892547 0.0009781671 0.000228495 0.0002303236 0.0002247331 0.0002108691 0.0001882208 0.0001751849 0.0001549582 0.0001254371 0.0001018964 6.95401e-005 4.667818e-005 3.34887e-005 0 0 0 0 0 0 0 0 0 0 0 0 0 3.122223e-005 5.597982e-005 0.0009029124 0.0002362288 0.0005127245 0.0009139464 0.001861063 0.004231714 0.01969961 0.005726711 0.006727639 0.01745088 0.01638259 0.01817372 0.02333226 0.06691142 0.06382723 0.09014941 0.09914039 0.1233468 0.1028629 0.09415322 0.07919355 0.09770162 
0.008256153 0.00990275 0.00190487 0.0002130403 0.0002075857 0.00329714 0.003124004 0.0002276664 0.0001761688 0.0001684357 0.000191033 0.0003701967 0.0001274791 0.0001118139 0.0001948655 0.000287979 0.0001819898 3.335471e-005 3.844497e-005 0.001013218 0 0.0002292297 0 0 0.001059655 0 0.0005368108 0 0 0 0 0 0 0 0 0.0003824059 0.0005292937 0.0008364437 0.001340933 0.003591819 0.004436157 0.005171558 0.008714215 0.01240755 0.0139298 0.01769226 0.01718373 0.05295295 0.05774772 0.05603266 0.06153057 0.08782259 0.09818548 0.06201613 0.06334677 0.06443548 
0.001120968 4.838709e-005 8.064516e-006 0.002853396 0.0005623303 0.001181144 0.01651002 0.002316605 0.0001805896 4.043323e-005 5.862462e-005 0.0009340964 6.42888e-006 5.548132e-006 4.47063e-006 0.0001130669 0.0001418684 0 0 1.647727e-005 0 0.000376103 0 0 0 0 0.0001816472 0 0 0 0 0.0001888637 2.660288e-006 4.105148e-005 0.0001168308 0.001129083 0.00155534 0.002191685 0.003042007 0.008657058 0.01025396 0.01725527 0.01542061 0.01249837 0.01398457 0.01897807 0.02852561 0.0438768 0.07017055 0.06468118 0.0534119 0.07524195 0.06604839 0.04366935 0.04592742 0.06774193 
2.419355e-005 8.064516e-006 2.419355e-005 0.0005189017 0.0003292497 0.005618318 0.005619566 0.002915929 0.002090853 0.0003365196 1.698435e-005 0.0006640994 0.0004205007 2.166872e-005 1.588067e-006 0 0 0 0 0 0 0.0003850785 0 0 0 0 0 0 0 0.0009954575 0 2.653339e-006 3.729181e-006 5.28779e-005 0.0001499158 0.001423518 0.001979446 0.002606079 0.003381956 0.009011508 0.01074274 0.01165351 0.01643869 0.01065662 0.01508547 0.02178852 0.03263126 0.05241114 0.07545787 0.09672946 0.06954097 0.0839516 0.05991936 0.04084677 0.05459677 0.05048387 
8.064516e-005 0.0005806451 0 2.918635e-005 0.002170244 0.000183101 0.01572469 0.001598272 0.001108236 0.001105083 0.0005031848 0.0007540939 0.0008322013 1.777229e-007 1.269461e-007 0 0 0 0 0 0.00070761 2.036479e-005 0 0 0 0.00060925 0 0.0003352275 0.0007243775 0.0005811875 0 6.114526e-006 8.570654e-006 6.282733e-005 0.0001679596 0.001570004 0.002114773 0.0028448 0.003459514 0.008856532 0.01042997 0.01494189 0.01159125 0.01014811 0.01382281 0.0171009 0.04423222 0.05640624 0.08334555 0.1276791 0.08150951 0.05838709 0.04483871 0.06407257 0.06495968 0.05044355 
