ncols         56
nrows         54
xllcorner     28.264
yllcorner     -5.7719999999999
cellsize      0.25
NODATA_value  -9999
0.1185543 0.10275 0.1057088 0.1317804 0.1125198 0.09587295 0.1333769 0.09560772 0.08871938 0.142405 0.164216 0.2104447 0.1645471 0.1568663 0.1230967 0.1131426 0.1456853 0.1866596 0.123191 0.1385809 0.1209365 0.1020749 0.1119865 0.1388846 0.1587365 0.1469406 0.1265731 0.1085506 0.1589514 0.1475515 0.1248634 0.1394571 0.2095613 0.2050616 0.114806 0.1442965 0.1053093 0.07416289 0.06530359 0.06117133 0.06642288 0.02666734 0.0312748 0.05830134 0.08855273 0.08169201 0.07336098 0.03509323 0.02094734 0.016864 0.007316243 0.0004724202 0 0 0.0001743285 0 
0.1134916 0.1012452 0.1189518 0.1361989 0.1354726 0.1263321 0.06702932 0.07723983 0.1261179 0.1345246 0.1781557 0.1993413 0.1476886 0.1183668 0.1521937 0.1246924 0.1429781 0.1769285 0.1535289 0.1150342 0.1304935 0.1321863 0.1428571 0.1672746 0.1649186 0.1495851 0.1317509 0.1255518 0.1316753 0.09396131 0.1050358 0.1118771 0.0840251 0.1033201 0.1042802 0.09847482 0.09034256 0.08231294 0.04825487 0.03344997 0.02964833 0.02638371 0.06711376 0.08132099 0.05195124 0.04753993 0.03554558 0.01856643 0.02030146 0.01491826 0.01250291 0 0.0004743783 0.0001663756 1.499722e-005 0 
0.1213383 0.1268178 0.1373948 0.112336 0.1499726 0.1781134 0.1158288 0.08012512 0.07361223 0.09610986 0.1191194 0.09280943 0.1328764 0.1716663 0.1663154 0.1455988 0.1790649 0.1743842 0.1195582 0.1110658 0.110991 0.1291701 0.156717 0.1998284 0.1615189 0.1578781 0.114348 0.09890085 0.1185923 0.136385 0.09820124 0.09283275 0.06903509 0.07341719 0.07480624 0.08180599 0.06714676 0.05718116 0.02328651 0.01608907 0.03054785 0.02716966 0.06027219 0.06110543 0.03930888 0.03066956 0.04451848 0.03261118 0.01548657 0.009471143 0.002393594 0.0009798048 0 0 0 0 
0.1224705 0.1457083 0.105628 0.1204173 0.1524364 0.1473155 0.1002662 0.06580133 0.0572599 0.07266743 0.08798309 0.06420865 0.06592793 0.08154888 0.07649126 0.1254828 0.1483801 0.1645709 0.1429452 0.1285605 0.1208782 0.110268 0.1321166 0.1530657 0.1151412 0.06126072 0.07190379 0.1489068 0.1675157 0.09616365 0.09622783 0.06372137 0.06159028 0.05637112 0.08680315 0.08009528 0.05763828 0.03940654 0.01323361 0.007229902 0.02004157 0.02511879 0.04496311 0.07624334 0.06393179 0.01809814 0.02127425 0.009688671 0.002835232 0.004496824 0.0005415953 0.0004428454 0.0003528001 0.000266235 0.000268761 0.0002647811 
0.141535 0.1630295 0.09442057 0.08093489 0.1112895 0.1123725 0.06445473 0.05490715 0.08856594 0.08426002 0.102213 0.04789916 0.04184558 0.05946703 0.06430553 0.09812085 0.1423739 0.1469736 0.1523455 0.1200117 0.113201 0.1127827 0.09915791 0.1077206 0.08144373 0.06482276 0.05170365 0.1036252 0.09085594 0.0590743 0.05055209 0.04534995 0.05740878 0.07194219 0.08398853 0.07067188 0.07037155 0.04017807 0.009376409 0.00954031 0.01487006 0.03667753 0.04303795 0.03143611 0.03009024 0.00652671 0.003125683 0.0004839092 0.0003423151 0.0001817439 0.0001964553 0.0002344076 0.0002508041 0.0002650881 0.0002683783 0.0002808768 
0.1958897 0.1531646 0.1045859 0.06690631 0.05931443 0.0835066 0.07210017 0.06740461 0.06418557 0.05103771 0.04459757 0.0372957 0.04079005 0.04411498 0.06401287 0.1018714 0.119811 0.1463449 0.1391359 0.1168329 0.1090945 0.1147285 0.09169306 0.1137925 0.0874088 0.05340158 0.05471833 0.0829282 0.07941407 0.0614635 0.02906795 0.03518861 0.04419734 0.04871038 0.05310434 0.0563848 0.04975925 0.02480768 0.006899552 0.01278711 0.02272522 0.04468611 0.0334584 0.0252501 0.005546761 0.001028115 0.003831409 0.004516444 0.01081541 0.0001739849 0.000189556 0.0002262428 0.000242745 0.0002518414 0.0002560501 0.0002534388 
0.1457269 0.1437171 0.09799652 0.06577314 0.06637475 0.07318877 0.07266038 0.1183764 0.08079187 0.06931521 0.0683358 0.07230922 0.07459914 0.06306615 0.06383354 0.073688 0.07789011 0.09194696 0.1058549 0.1010991 0.1194877 0.1148921 0.09501513 0.07870265 0.06362038 0.04912464 0.05227834 0.05929482 0.03279854 0.02263208 0.03686283 0.0275128 0.04516275 0.05657314 0.02196749 0.02834471 0.03382953 0.01469014 0.007416891 0.0148772 0.02781884 0.03045985 0.02473479 0.01114628 0.00207559 0.001615647 0.002425055 0.004648086 0.003653368 0.000165785 0.0001769479 0.0002072159 0.0002184164 0.0002252037 0.0002292252 0.0002271168 
0.1593595 0.1157613 0.1311926 0.07266678 0.08063128 0.1409624 0.1093668 0.1637849 0.1085659 0.09004842 0.07087709 0.06068187 0.05691636 0.06911688 0.09237958 0.07930245 0.07624479 0.08028986 0.08255755 0.1186685 0.1316161 0.1250399 0.1029615 0.1332411 0.08626466 0.05627577 0.04613426 0.03603065 0.03365854 0.0295163 0.03410695 0.04068682 0.03264319 0.02800287 0.00943213 0.01184068 0.01130963 0.008741437 0.0126273 0.009859181 0.01030425 0.008832561 0.007013158 0.009092596 0.007511825 0.003707955 0.00274125 0.003730199 0.001270516 0.0001555182 0.0001621376 0.0001599177 0.0001650819 0.0001692762 0.0001721769 0.0001788403 
0.09695956 0.1302565 0.102437 0.06366681 0.106825 0.145985 0.1509305 0.1067393 0.1029277 0.1189671 0.07950188 0.03949654 0.04060636 0.07313219 0.09947426 0.1328281 0.1135758 0.07550954 0.07732924 0.1127673 0.1022931 0.0792537 0.07841617 0.1447459 0.04554962 0.03984053 0.06288179 0.07680731 0.02947775 0.0240731 0.03256071 0.03413461 0.02546874 0.01929363 0.00884043 0.01991149 0.01750043 0.005112301 0.004195872 0.002747574 0.002036769 0.003018188 0.00349222 0.004099908 0.005871326 0.0006690288 0.0002796813 0.001324849 0.0001462854 0.0001476784 0.0001495008 0.0001442635 0.0001454143 0.0001471817 0.0001499947 0.0001557584 
0.07884979 0.07997741 0.09586001 0.1070379 0.1292596 0.1804177 0.1845812 0.1701126 0.1861571 0.1713302 0.09635011 0.05226294 0.04854689 0.07021157 0.09671572 0.1316883 0.08850899 0.0615392 0.07090904 0.07414826 0.07866003 0.06035426 0.07593336 0.142559 0.0578088 0.04634686 0.05468469 0.09402822 0.03600053 0.01547511 0.02683492 0.02177569 0.02187456 0.01177075 0.004177213 0.0129211 0.0164303 0.006934744 0.0009828445 0.002027255 0.002960761 0.0002824992 0.00185665 0.002264475 0.0002754341 0.0008333485 0.000278657 0.0001441794 0.0001455412 0.0001447031 0.0001439921 0.0001363459 0.0001548564 0.0001356323 0.0001377889 0.0001426595 
0.061721 0.04987684 0.07823812 0.1190711 0.1608121 0.2294196 0.2033944 0.1325254 0.1355044 0.1114524 0.116759 0.06287853 0.05604647 0.05853279 0.07492282 0.1019493 0.08523934 0.04680238 0.0465902 0.06371132 0.07925294 0.06329583 0.0568497 0.08304718 0.1061355 0.08173487 0.03762126 0.04152972 0.01789664 0.005182999 0.006501928 0.01374271 0.02233104 0.02133621 0.01024281 0.00141977 0.003681581 0.003670727 0.002234618 0.0002455226 0.004177806 0.0008832017 0.0004520646 0.003329441 0.0002808385 0.000297675 0.0002834442 0.0001473555 0.0003471912 0.0008817049 0.0001460153 0.0001373995 0.0001576515 0.0001355495 0.0001358682 0.0001394574 
0.05321021 0.04009585 0.0695463 0.08880961 0.1078648 0.1634138 0.1443665 0.1428105 0.1480789 0.1534109 0.1756416 0.1049356 0.07707974 0.0383823 0.05299659 0.06942308 0.06974979 0.05019591 0.05989432 0.08726356 0.07958779 0.07667547 0.08449042 0.08529394 0.08949426 0.05111821 0.03051101 0.009816428 0.002888344 0.0006589459 0.002426333 0.01985557 0.01033739 0.008293218 0.0007504015 0.001116427 0.002873767 0.002621907 0.0008339812 0.001313456 0.00204899 0.002395547 0.001083553 0.0010061 0.001021599 0.001027022 0.001030105 0.0004274548 0.0004287147 0.0004266572 0.0004221453 0.0002887278 0.0002837586 0.0002818953 0.0002788543 0.0002733851 
0.05609656 0.06509199 0.06048235 0.08360827 0.1224527 0.1704559 0.1938249 0.1635089 0.09666006 0.1249391 0.1485584 0.1173717 0.05074022 0.02672562 0.03709146 0.09112651 0.06590632 0.05404238 0.07194292 0.08128528 0.1070242 0.07256565 0.03984611 0.04774746 0.08263326 0.03165389 0.0242756 0.01064219 0.001280628 0.0002853501 0.003594788 0.02356996 0.02281365 0.002047976 0.001004267 0.0002796586 0.002380852 0.007207064 0.001039751 0.001301818 0.001863211 0.001415864 0.001102924 0.001024292 0.001038973 0.001042477 0.001045813 0.0004355198 0.0004368873 0.0004340453 0.0004261099 0.0002896604 0.0002854037 0.0002810761 0.0002755157 0.0002676043 
0.07784133 0.08124273 0.0685333 0.09130273 0.1460063 0.1622449 0.1901253 0.1617936 0.1228098 0.0780969 0.08782741 0.08289051 0.06468565 0.03169886 0.06418362 0.1089468 0.1374667 0.057965 0.07374939 0.05730158 0.0905769 0.0406411 0.03577494 0.04470402 0.03846982 0.02284789 0.01547356 0.0005952636 4.303187e-005 0.001320369 0.0004835094 8.942273e-005 0.004388199 0.0001196897 0.0001671369 0.001666629 0.002451266 0.001740584 0.000425014 0.0009615385 0.001353381 0.001097114 0.00110786 0.001047361 0.001044238 0.001047835 0.001048582 0.0004346992 0.000436799 0.0004320508 0.000424037 0.0002875917 0.0002820436 0.0002773883 0.0002706493 0.0002616253 
0.08448665 0.07822224 0.06603585 0.1171175 0.1816949 0.1798196 0.1261988 0.1259312 0.1343395 0.1134805 0.101741 0.06949365 0.07108553 0.04698844 0.08059791 0.1363909 0.1069581 0.1218124 0.1297937 0.0612777 0.06069322 0.05559306 0.03257084 0.03760895 0.01593294 0.01265682 0.009846843 0.001578463 6.417844e-005 3.467341e-005 3.308229e-005 0.001760222 0.005560762 0.0001150124 0.0001616092 0.0002867373 0.00128509 0.001333827 0.0004190297 0.0009549778 0.001042604 0.001094063 0.001106659 0.001026039 0.001039003 0.00104156 0.001038431 0.0004276766 0.0004266299 0.0004215418 0.0004132827 0.0002793939 0.0002742808 0.0002690146 0.0002630625 0.0002548507 
0.08508401 0.08868183 0.07051127 0.1265083 0.1378098 0.1704526 0.1540142 0.1864302 0.1605035 0.1700193 0.200228 0.1349207 0.1084777 0.1127425 0.1386486 0.1618069 0.1672637 0.1940003 0.1154689 0.07479868 0.09168985 0.09080491 0.03246068 0.03826579 0.02182273 0.009202429 0.004323715 0.0002307995 0.0001187321 0.0002636292 0.0004615394 0.001999791 0.001026951 6.918252e-005 9.869132e-005 0.0002821546 0.001267729 0.001988197 0.000453362 0.00101792 0.001114102 0.001171208 0.001185058 0.001053464 0.001062193 0.001062131 0.001058107 0.0004152095 0.0004119489 0.000406532 0.0003972967 0.0002693927 0.0002641372 0.000257786 0.0002526409 0.0002491557 
0.1118586 0.1262072 0.1065397 0.1236491 0.1214299 0.1091344 0.1327255 0.1670076 0.1441775 0.152567 0.1657078 0.2545387 0.1397506 0.1249255 0.1661408 0.0909819 0.07159164 0.09035236 0.04975113 0.07238571 0.06347851 0.0741004 0.04701717 0.04083207 0.02330596 0.008995288 0.00273601 0.0002925766 0.0002373444 0.0003820439 0.004513263 0.001036954 5.872716e-005 6.632035e-005 9.523477e-005 0.0002741632 0.0003362783 0.0003957643 0.0004467563 0.001007827 0.001105787 0.001166204 0.00118362 0.001049492 0.001058441 0.001057286 0.001061177 0.0004082553 0.0004027613 0.0003952754 0.0003866321 0.0002612813 0.0002569628 0.0002500775 0.0002456307 0.0002417343 
0.1234189 0.1210691 0.1408572 0.163065 0.1377134 0.1324954 0.1009278 0.1114087 0.1789566 0.1666538 0.1377294 0.1639706 0.1213732 0.1192856 0.1326623 0.08274449 0.08163518 0.1424921 0.09972049 0.06884138 0.09330928 0.1070723 0.05047372 0.03579534 0.01199357 0.006350396 0.007493429 0.0008274876 0.0007255907 0.0005752073 0.0002887001 0.002643179 0.0006912429 0.0003200728 0.0002494355 0.000345526 0.0003541185 0.0003839959 0.0004322841 0.0009752027 0.001071139 0.001125807 0.001141318 0.001015158 0.001024079 0.001020687 0.001006519 0.0003934746 0.0003866684 0.000380879 0.0003721792 0.0002518091 0.0002479357 0.000242535 0.0002372884 0.0002326151 
0.1151065 0.1375437 0.1067602 0.1490677 0.1618977 0.1363842 0.09668119 0.08334783 0.1443966 0.1964579 0.1500402 0.09982912 0.1540993 0.1855813 0.2087162 0.1908043 0.09529421 0.1159865 0.177408 0.111148 0.1143267 0.1571218 0.06372537 0.05373606 0.02949098 0.03311313 0.02042262 0.001538886 0.001188569 0.0009651036 0.0007287257 0.002238399 0.002710289 0.0005382661 0.000502544 0.0004960602 0.0003998007 0.0003695797 0.0004124517 0.0009201868 0.001006751 0.0010531 0.001067944 0.000950281 0.0009603678 0.0009583726 0.0009457635 0.0003715608 0.0003652489 0.0003601147 0.0003539054 0.0002414209 0.0002371049 0.0002325079 0.0002286485 0.0002233648 
0.1012546 0.1254838 0.1238402 0.1350142 0.1806475 0.2132066 0.09415793 0.07952259 0.1382574 0.1744439 0.1923882 0.09695819 0.1347532 0.2103007 0.2838469 0.1535323 0.1314848 0.1243723 0.1934703 0.2195028 0.1746576 0.1237256 0.0901086 0.07550013 0.06641892 0.02894506 0.01349573 0.01443094 0.01173445 0.007338576 0.004982336 0.003564986 0.007643949 0.002213824 0.0009865934 0.0004496175 0.0003068525 0.0002662404 0.0002714307 0.0007606795 0.0008236825 0.0008620157 0.0008734151 0.0009173521 0.0009276562 0.0009284519 0.0009196051 0.001141324 0.0009044362 0.0008952722 0.0008820746 0.0005304996 0.0003985394 0.0003116122 0.0003066957 0.0002914109 
0.08619659 0.112432 0.126988 0.09781168 0.1913737 0.1835651 0.1289636 0.1134505 0.214699 0.1962409 0.1426773 0.0702566 0.1007052 0.1419962 0.1691632 0.1436221 0.1438896 0.105067 0.129167 0.2136415 0.1446429 0.1006504 0.09631682 0.08726008 0.06084527 0.03849852 0.01579444 0.01689672 0.0107231 0.009852669 0.009511092 0.00358437 0.003593541 0.004183283 0.0008208541 0.0005529209 0.0003383182 0.0002386712 0.0002583372 0.0007153042 0.0007652986 0.0007962161 0.0008091886 0.0008493748 0.0008604565 0.0008626342 0.0008535319 0.0016726 0.002285507 0.002194037 0.002257071 0.002415012 0.002073064 0.001602689 0.001125137 0.000821399 
0.09982529 0.1076597 0.1075195 0.1838552 0.1622847 0.1784288 0.1495558 0.1245924 0.1543103 0.1595775 0.1123762 0.05701718 0.07924373 0.09649615 0.1351604 0.1226104 0.1384157 0.1215039 0.1256368 0.1783601 0.1881607 0.1017137 0.08079471 0.06857482 0.06894561 0.1086583 0.02781771 0.02124839 0.0160778 0.01271322 0.01473679 0.008276501 0.005818797 0.002991363 0.002260725 0.001418019 0.0006890945 0.0003166625 0.0003231075 0.0008464983 0.0008639829 0.0008596577 0.0008413614 0.0008478638 0.000827838 0.001173775 0.002155836 0.00304249 0.003508411 0.00338286 0.00335646 0.003835281 0.003383501 0.002844306 0.002238444 0.001698983 
0.08381134 0.1059981 0.08594178 0.1544077 0.1436752 0.1555591 0.09558661 0.06884229 0.06660292 0.08126092 0.03187514 0.06562622 0.08417085 0.1061848 0.1140933 0.09628104 0.104606 0.1460343 0.1471387 0.2479792 0.2287744 0.1248093 0.08331912 0.09675209 0.09681495 0.07571831 0.05418422 0.03757219 0.02644956 0.02463961 0.0269371 0.01825646 0.01005887 0.006516002 0.004768845 0.002973433 0.001345315 0.0004803879 0.0004653943 0.001153799 0.001115878 0.001053513 0.000970672 0.0009150987 0.001447041 0.002149212 0.003048195 0.003870677 0.004268804 0.004143325 0.004069687 0.004805121 0.004283802 0.00364293 0.002950466 0.002311895 
0.1172755 0.1225077 0.07546646 0.1353418 0.1417938 0.137803 0.08716722 0.06195153 0.07176868 0.05056814 0.04562186 0.07109989 0.09256568 0.1275414 0.06439326 0.1046593 0.111603 0.1000625 0.1831299 0.1286304 0.1937898 0.1161985 0.1023488 0.1190153 0.1236993 0.1193252 0.1274166 0.116124 0.08694861 0.06673241 0.06222208 0.02554398 0.02039078 0.01760088 0.01459594 0.004263296 0.001875484 0.0006366154 0.0005586869 0.001246766 0.001502296 0.001067586 0.0009410538 0.002310688 0.005024858 0.0038523 0.003465605 0.004380876 0.00478086 0.004592265 0.004452366 0.005298558 0.004729713 0.004252253 0.003658484 0.00318834 
0.1357571 0.1316976 0.11954 0.1122377 0.1048814 0.09225284 0.1092861 0.1130535 0.1000241 0.1549778 0.07296937 0.04289035 0.1196919 0.1636541 0.1450243 0.100647 0.08722611 0.06842283 0.06918637 0.0831617 0.1511275 0.1283495 0.1143689 0.1264118 0.1224573 0.1276463 0.1350257 0.1250162 0.1347042 0.1143516 0.09163212 0.03866021 0.03895617 0.03628908 0.02279226 0.005497056 0.002414809 0.0007400452 0.0006892047 0.001504263 0.001384518 0.001232795 0.001051111 0.002027464 0.002815249 0.003436748 0.003922638 0.00477696 0.005082258 0.00495555 0.004767864 0.005732149 0.005101462 0.004606028 0.003567426 0.002854599 
0.1109185 0.08795567 0.1078097 0.07521067 0.1291506 0.1433925 0.1317669 0.1751308 0.1418222 0.1196885 0.07207967 0.08559276 0.1722863 0.1711199 0.1493677 0.1080863 0.08079804 0.07590527 0.04714763 0.07488296 0.109737 0.1617825 0.1254548 0.1622451 0.1801603 0.1643588 0.1570417 0.1494303 0.1643099 0.140815 0.1160801 0.06611764 0.07670138 0.07497692 0.03348197 0.009626001 0.007884705 0.004010902 0.001160015 0.002487485 0.002257238 0.001967868 0.001594368 0.002146053 0.003051098 0.003559841 0.005579813 0.005867546 0.005300461 0.005117437 0.004932273 0.005817941 0.005165966 0.01182636 0.03202882 0.003373519 
0.09601296 0.05175724 0.06088298 0.1146354 0.1069551 0.1843728 0.1799849 0.1397837 0.1447243 0.1181848 0.1179825 0.2274605 0.1600616 0.1364683 0.2431361 0.1271564 0.1341099 0.1105993 0.09873758 0.1246082 0.1454879 0.1413508 0.1570087 0.1646605 0.1777019 0.162315 0.1671517 0.2238257 0.217932 0.158747 0.1289375 0.08611786 0.09055129 0.09743548 0.03000373 0.01066337 0.008694265 0.006642447 0.002595267 0.004126472 0.003747633 0.003229971 0.002548838 0.003660623 0.003654864 0.004010888 0.005167073 0.005828233 0.005599347 0.005394937 0.005231878 0.0294213 0.01846394 0.007089636 0.02841371 0.004010934 
0.1017927 0.07478505 0.1031386 0.1391807 0.160296 0.1722371 0.1244717 0.1004446 0.1129823 0.1011146 0.1218695 0.1264033 0.1143796 0.09696802 0.1198641 0.1205986 0.1416293 0.1912248 0.1621709 0.1773418 0.1075145 0.1015373 0.106015 0.1457215 0.1568663 0.1645416 0.1643103 0.2026851 0.2108944 0.1838258 0.1706626 0.1400168 0.109282 0.08585206 0.05828155 0.03005096 0.01467774 0.009288702 0.008484452 0.007132499 0.006470903 0.007640712 0.004359013 0.003502281 0.004749573 0.006329093 0.006165235 0.005564355 0.005685278 0.005471557 0.00606598 0.009644641 0.01063373 0.02831545 0.03560231 0.01126861 
0.1311458 0.1370754 0.1429948 0.1626847 0.1363787 0.1359022 0.1331317 0.1169638 0.1160288 0.1276828 0.1392969 0.1421734 0.1464946 0.1349738 0.1130526 0.116791 0.1119674 0.1555816 0.2100392 0.2414888 0.1306331 0.1170955 0.08073401 0.1328623 0.1427168 0.1500905 0.1684394 0.2088462 0.2053153 0.1995229 0.1993185 0.1666478 0.1315095 0.08978041 0.06362937 0.02667837 0.01959502 0.0120236 0.01082787 0.009041879 0.00840575 0.007031946 0.005483293 0.004083212 0.004826206 0.007312763 0.007911256 0.005757172 0.005837418 0.005642167 0.008239677 0.01908486 0.03109283 0.02777379 0.02149597 0.006977521 
0.1673911 0.1649348 0.1952546 0.151591 0.1376813 0.1422882 0.1086706 0.08681659 0.09787343 0.1051247 0.1264225 0.1069296 0.1130925 0.1252179 0.08594118 0.101258 0.09682904 0.1262967 0.1330463 0.1722233 0.100504 0.07617906 0.05730239 0.1216911 0.1479813 0.1614545 0.1900509 0.2184775 0.2356968 0.2113454 0.1839373 0.1482729 0.1334606 0.100031 0.07352357 0.04821466 0.02415265 0.01708954 0.02061687 0.01286996 0.01191479 0.01086373 0.007681128 0.005019099 0.004801643 0.005911331 0.006524659 0.005930046 0.006040215 0.006477599 0.007659434 0.009408019 0.01576372 0.03813303 0.0297334 0.01068723 
0.1514667 0.1585107 0.218013 0.124354 0.09913731 0.07245129 0.06555444 0.08063547 0.115272 0.1177545 0.1085246 0.1104723 0.1269682 0.1459827 0.07662906 0.07969598 0.0864526 0.1118782 0.08000327 0.06178603 0.05876986 0.05673486 0.04887427 0.09458162 0.1194729 0.1542998 0.1865457 0.2207911 0.2678714 0.2240397 0.1620197 0.1707027 0.1507385 0.1084494 0.1004237 0.06867915 0.0437951 0.02747284 0.02285749 0.01847249 0.01667983 0.0141202 0.01091469 0.006633878 0.006239954 0.005118343 0.005669484 0.006454746 0.00652181 0.006307191 0.008270849 0.008796571 0.009102334 0.01251049 0.01199631 0.01075102 
0.1875567 0.2047967 0.1801793 0.1120395 0.07609132 0.07866212 0.05277319 0.1038822 0.1306845 0.109361 0.1066953 0.1166091 0.1377947 0.09401541 0.07041829 0.07721576 0.07138193 0.07328621 0.06448605 0.04694842 0.0911863 0.07460573 0.06246368 0.0767011 0.07922375 0.1093259 0.1175217 0.1783427 0.2185909 0.2377454 0.1754851 0.1380857 0.1139851 0.1082757 0.07468563 0.105875 0.09628853 0.07879928 0.06928016 0.03378744 0.03041031 0.02558957 0.01997494 0.006709785 0.005996978 0.005172729 0.005650403 0.00702861 0.007094784 0.006907483 0.007730391 0.01077888 0.01131095 0.01338549 0.008986771 0.01472412 
0.2183717 0.2567072 0.1707587 0.1143183 0.09773911 0.06817663 0.07178829 0.1228303 0.1210788 0.09654661 0.08831757 0.08716425 0.111602 0.05759807 0.04307116 0.06001975 0.06541789 0.05953315 0.08240875 0.04748769 0.04591856 0.0375055 0.06266716 0.06637125 0.08009449 0.0922813 0.1314485 0.2097082 0.2485179 0.239262 0.1974783 0.09777437 0.08220931 0.08316582 0.05713686 0.08926176 0.09816261 0.09413205 0.08586321 0.04136816 0.03727555 0.03125056 0.02456653 0.007959888 0.006724968 0.005603939 0.00606877 0.007559895 0.007680229 0.007458431 0.008322742 0.01031398 0.01083606 0.01227031 0.006810998 0.008399916 
0.3160222 0.2905471 0.1715308 0.136005 0.117841 0.05799295 0.07883813 0.08272863 0.07249915 0.06108782 0.05761722 0.06305102 0.08179066 0.07941896 0.04862605 0.05175504 0.05606894 0.0746774 0.07901308 0.04532818 0.0398014 0.04340381 0.06814209 0.06428505 0.08302012 0.1210504 0.1639941 0.2026845 0.210868 0.202573 0.1762932 0.08400357 0.06264365 0.05334738 0.05084473 0.08299293 0.09470082 0.09515284 0.08694801 0.04226339 0.03778756 0.03191331 0.02542371 0.008439424 0.006941562 0.006100494 0.006682666 0.008294503 0.008506499 0.008489105 0.009038729 0.01080533 0.01127681 0.009275509 0.007483029 0.01153718 
0.3082797 0.2189746 0.153099 0.1546971 0.1383483 0.1014742 0.08247974 0.06919715 0.06273935 0.05105925 0.04913453 0.05211572 0.04659404 0.05544788 0.03868897 0.0544227 0.06707194 0.06203469 0.05473777 0.05085638 0.05354051 0.05986365 0.04108598 0.06110124 0.09516621 0.1632242 0.163651 0.1771093 0.1221682 0.1052279 0.08366448 0.05746389 0.05582986 0.03361219 0.03782045 0.06757106 0.07742719 0.0787985 0.07242383 0.0359348 0.03223268 0.02746176 0.02270943 0.008260316 0.007178333 0.006721329 0.007386333 0.009166457 0.009753904 0.009488675 0.009966719 0.011433 0.01182799 0.01049155 0.009036824 0.01031736 
0.2261588 0.1702976 0.136453 0.1566424 0.1579672 0.103957 0.08869973 0.07915075 0.07397956 0.0703937 0.06217513 0.04892533 0.04755631 0.04049907 0.03902793 0.1001523 0.08737037 0.1184613 0.05569939 0.04739858 0.05774346 0.04924594 0.04155274 0.04480472 0.07369668 0.1467358 0.1877856 0.1486462 0.07726835 0.03247258 0.01565258 0.01201263 0.008238688 0.008740209 0.009982732 0.03384791 0.03954197 0.0410918 0.03824503 0.02398085 0.02203191 0.01902393 0.01671318 0.009087671 0.009003545 0.009108707 0.01054087 0.01081334 0.01114614 0.01158437 0.01155424 0.01332242 0.0126677 0.01040824 0.01151431 0.0126186 
0.2561317 0.1388061 0.08576031 0.1035649 0.1052676 0.08620433 0.0796859 0.07311928 0.07406007 0.04915125 0.04776497 0.04579831 0.04332309 0.03850264 0.05039049 0.06579768 0.08557128 0.106666 0.07445438 0.04164482 0.04343569 0.04493883 0.03547398 0.04942567 0.0881805 0.1734655 0.1629066 0.134371 0.05426964 0.040382 0.0157854 0.00688517 0.006106125 0.007005593 0.006685575 0.02313759 0.02866639 0.03026268 0.02871774 0.01857344 0.01746805 0.01542639 0.01450307 0.008919556 0.00947977 0.009613557 0.0107817 0.01314576 0.01309096 0.01290083 0.01201454 0.01265015 0.01714579 0.01202044 0.009773341 0.01066095 
0.2574945 0.1477216 0.08051825 0.07135816 0.08079831 0.08300351 0.08646127 0.07912959 0.06419444 0.04361664 0.04428653 0.04783086 0.04348094 0.02135991 0.05420786 0.0406319 0.04195265 0.06566105 0.03897483 0.01605912 0.02572612 0.03198692 0.02785371 0.04154009 0.0825087 0.1196962 0.1344211 0.1060291 0.07789748 0.06466483 0.04511065 0.005455256 0.002515902 0.002953256 0.00430032 0.01717955 0.02123208 0.02275259 0.02181186 0.01433288 0.01362145 0.01232631 0.01280352 0.009585491 0.01043259 0.01089972 0.01164271 0.01456506 0.0138063 0.01555034 0.01312432 0.02069788 0.02336704 0.01704101 0.01254438 0.004318485 
0.3521022 0.1823363 0.04347076 0.05916339 0.06561165 0.08540624 0.08450595 0.06440139 0.04907626 0.04314639 0.05547192 0.03341826 0.02444847 0.01850121 0.02502005 0.0455994 0.03987275 0.04313481 0.02299381 0.0209743 0.03391522 0.01815426 0.02923474 0.07211225 0.1334049 0.10581 0.06799406 0.06598049 0.06276164 0.03696855 0.01833978 0.003922758 0.003514715 0.003806443 0.004625121 0.01588556 0.01819 0.01858708 0.01748412 0.01138456 0.010568 0.009781094 0.01115382 0.008866282 0.0107212 0.01217216 0.01721047 0.01710903 0.01776067 0.01506914 0.01807283 0.01814758 0.01944257 0.01434804 0.009486669 0.004860508 
0.2400331 0.1087482 0.05779447 0.05375649 0.0695605 0.0751173 0.07565375 0.05852465 0.05094912 0.05437128 0.06228735 0.03840268 0.02485499 0.0334293 0.04599131 0.05938404 0.03892411 0.02457413 0.05245669 0.03977218 0.03858728 0.04507438 0.0478228 0.04827115 0.1353193 0.1357695 0.09289399 0.05803631 0.02546006 0.03150042 0.003979008 0.01175807 0.0094285 0.009631203 0.009583303 0.008079566 0.008225797 0.007938558 0.007361384 0.003275948 0.003069221 0.002906903 0.004310496 0.01317387 0.014936 0.01627587 0.01595195 0.0196887 0.02293592 0.03370763 0.01955557 0.0181869 0.01910772 0.0124078 0.008819353 0.02055257 
0.1455639 0.112092 0.0346974 0.05745191 0.06088272 0.05262388 0.05047021 0.06064631 0.05821601 0.05150506 0.04544497 0.03028152 0.03260544 0.03936933 0.03960495 0.04375232 0.04030505 0.07244532 0.0802208 0.02845812 0.02439351 0.01998673 0.01968703 0.01872966 0.0366068 0.06788825 0.05980898 0.03876629 0.03617043 0.02278015 0.0126261 0.01794032 0.01234087 0.01196154 0.01002689 0.00739957 0.00645158 0.00556724 0.004768305 0.002017655 0.002388915 0.001542407 0.003643919 0.01335692 0.01453906 0.01634455 0.01724839 0.02252094 0.02666749 0.02249573 0.0169848 0.01838571 0.01177391 0.009171277 0.008641283 0.008403149 
0.1332849 0.05353077 0.02126833 0.04111739 0.04783954 0.05338894 0.05272579 0.05251842 0.06150006 0.05253807 0.04781187 0.03203161 0.04572386 0.03459719 0.04083974 0.04116018 0.08542372 0.09799156 0.03965715 0.06668939 0.01992049 0.02562913 0.02218744 0.01135331 0.03415559 0.03267467 0.0303917 0.0197394 0.0138091 0.0138747 0.01246084 0.01644273 0.01788503 0.01290221 0.01149152 0.007979343 0.006518925 0.005240607 0.004172123 0.002094673 0.001426751 0.001405416 0.004647299 0.0111908 0.01468809 0.01691814 0.0174691 0.03023133 0.01853901 0.01830038 0.02873207 0.009228845 0.01302122 0.01060069 0.0141673 0.01084178 
0.1288462 0.07927191 0.03776098 0.03623086 0.04217857 0.0522016 0.05612414 0.04838361 0.04315371 0.03705521 0.03411125 0.01461071 0.01814836 0.03312803 0.03614425 0.04241377 0.04662188 0.02461725 0.03369254 0.0315087 0.01519264 0.02639055 0.02357087 0.01107398 0.01552168 0.01155279 0.0178472 0.01310044 0.01149728 0.02171072 0.0142646 0.01600576 0.01545208 0.01482188 0.01462821 0.01495667 0.05601478 0.007034013 0.005532976 0.003673597 0.001565044 0.001751204 0.005035093 0.0137921 0.01506997 0.01766033 0.02619633 0.01916769 0.01883424 0.02438601 0.03262446 0.0144854 0.008914343 0.01118979 0.01659337 0.009865316 
0.1864161 0.1202991 0.05474557 0.01844939 0.01545998 0.02441495 0.03584284 0.03740063 0.01907922 0.01554337 0.01415825 0.04642686 0.03845752 0.01042666 0.01424223 0.01571823 0.03260209 0.01406835 0.007726932 0.01440839 0.006414811 0.01154966 0.022745 0.01242529 0.006447869 0.00838174 0.01183682 0.01379403 0.0149086 0.02661064 0.01836037 0.01994837 0.02208292 0.02012344 0.0181818 0.02183138 0.1501678 0.01440325 0.009320698 0.004638226 0.006041807 0.005542721 0.006120481 0.01269898 0.01534366 0.01770628 0.01868448 0.02193975 0.02312262 0.03471528 0.01388418 0.01773653 0.00935879 0.01337584 0.01225415 0.01387097 
0.1562912 0.1126984 0.04678672 0.01632698 0.0128962 0.01609867 0.01609854 0.01354218 0.01927051 0.01283738 0.01138138 0.03131997 0.0401457 0.02038629 0.008426891 0.007949185 0.01814588 0.01970524 0.007734778 0.005406575 0.00530729 0.005277472 0.005358474 0.006398048 0.006459282 0.007038773 0.01360107 0.01101943 0.01234887 0.01348023 0.01741345 0.02351414 0.02362486 0.02440846 0.01967014 0.01970383 0.01761914 0.01555675 0.01104899 0.004619403 0.002710465 0.003307632 0.006103555 0.01375494 0.01582248 0.01900365 0.01906933 0.02148516 0.02095765 0.01263696 0.01204163 0.01140955 0.008356327 0.01726116 0.01143625 0.005967742 
0.1548307 0.1052683 0.03455081 0.007346472 0.007339365 0.01455293 0.00881566 0.008345988 0.01271574 0.01004294 0.008769884 0.01696752 0.01702131 0.01030745 0.01018689 0.006502044 0.00576647 0.005354941 0.007619433 0.005583239 0.004698354 0.004740732 0.004878358 0.005898457 0.006050273 0.0065819 0.007490979 0.01096817 0.01188216 0.01514605 0.03821299 0.02221952 0.02284107 0.02084327 0.01944636 0.01894166 0.01716975 0.01585871 0.01210606 0.004593345 0.003665183 0.004987701 0.007611711 0.01424254 0.01687161 0.02145726 0.02219531 0.02524263 0.03061802 0.01261041 0.01439121 0.01343952 0.007984499 0.008578829 0.005481369 0.004435483 
0.0635352 0.04952342 0.017783 0.005617982 0.01438056 0.02097724 0.005881148 0.007107062 0.007488161 0.008367719 0.007572658 0.01865418 0.01978758 0.01095884 0.005087244 0.005055663 0.004883299 0.004629097 0.004188478 0.009908084 0.003765357 0.00380772 0.003927402 0.004735956 0.004859177 0.005701647 0.006282995 0.01017398 0.01406473 0.01483748 0.0126433 0.01900095 0.0199738 0.01965307 0.01870277 0.01818557 0.01719288 0.01637319 0.01281384 0.004927688 0.005197554 0.006699931 0.008989993 0.01624431 0.01833069 0.02067081 0.02462945 0.03746103 0.02254968 0.01321143 0.01584418 0.01144462 0.01680319 0.01083529 0.005327888 0.002782258 
0.02505489 0.01197575 0.006953562 0.004770247 0.00492786 0.006895937 0.005250886 0.004908308 0.005603513 0.00647496 0.005297373 0.005002032 0.009237163 0.001891152 0.002845147 0.01002485 0.003917703 0.003379686 0.003374528 0.003767306 0.00397058 0.00373171 0.003839195 0.001807174 0.005170339 0.002899725 0.003486286 0.006498461 0.006415438 0.007031283 0.007540355 0.009156913 0.009767816 0.009918977 0.009657061 0.01049693 0.01016345 0.009316379 0.008006611 0.00567073 0.007109649 0.009164846 0.01165702 0.02144432 0.01809598 0.01736388 0.04854994 0.01656229 0.01828112 0.01991687 0.01984182 0.006129032 0.008145161 0.007137096 0.005604838 0.007782257 
0.006098698 0.003969345 0.001344773 0.003362748 0.002661735 0.002615926 0.002681246 0.003950598 0.003382913 0.004120098 0.003433702 0.001305106 0.009004464 0.001293984 0.0007525001 0.006297722 0.003503195 0.002643472 0.002004219 0.0022238 0.002285275 0.002309408 0.002375917 0.001281986 0.00116307 0.001436959 0.001928293 0.004421184 0.005242961 0.005808836 0.006563179 0.0082104 0.009002309 0.009344358 0.0092244 0.01026755 0.01024844 0.009944023 0.009260969 0.007123704 0.01289116 0.01075289 0.01390284 0.02366807 0.01660629 0.018928 0.02904211 0.02327976 0.02325262 0.01586622 0.01462675 0.001774193 0.00483871 0.002056452 0.0002822581 0.009999999 
0.01620207 0.006110988 0.001951548 0.001862807 0.001583705 0.002544079 0.002315255 0.002057389 0.001504107 0.002075227 0.002010829 0.0002365421 0.002775416 0.0009427262 0.00139956 0.001601332 0.000996749 0.00104624 0.001104211 0.001386881 0.001695399 0.001442199 0.001427466 0.00136753 0.0007031581 0.0009455543 0.001394452 0.003250579 0.003957586 0.004747314 0.005450386 0.00702305 0.00781757 0.008247295 0.008687623 0.01000645 0.01033252 0.01032907 0.01007426 0.01880169 0.0353136 0.01262604 0.01382019 0.01655094 0.01742384 0.02733799 0.0393902 0.02392245 0.02101064 0.01720074 0.02043 0.003548387 0.006774193 0.007620967 0.006491935 0.02177419 
0.01854614 0.005763679 0.008637682 0.002733795 0.0009876397 0.001267674 0.001468297 0.0007269838 0.0005220816 0.0005534909 0.001511158 0.001584264 0.005967233 0.001105515 0.002141147 0.004748893 0.0007072767 0.0009199466 0.001747247 0.00158138 0.001214949 0.001837966 0.001036852 0.000579931 0.0007201158 0.0006936156 0.00159679 0.002524655 0.002986563 0.003589999 0.004207083 0.005460074 0.00663729 0.007660253 0.008153749 0.009245304 0.009598005 0.01001187 0.01044568 0.008951763 0.01260912 0.01445858 0.02117928 0.01850816 0.01898579 0.03553449 0.01826375 0.02371748 0.02010719 0.01792996 0.01912342 0.009032258 0.005040322 0.00391129 0.007258064 0.01862903 
0.01225518 0.00966331 0.008044939 0.008472162 0.005697297 0.0005255698 0.001877081 0.0006625397 0.0002754841 0.00044242 0.0004502336 0.006171379 7.330679e-005 0.0007422227 8.506228e-005 0.004125681 0.0001979004 0.0001500651 0.0006341129 0.0001261297 9.659949e-005 0.0001369282 0.0001031654 3.809956e-005 8.572685e-005 0.0001482519 0.0003279471 0.0008687143 0.000993126 0.001234106 0.001880268 0.00471622 0.005835605 0.006555649 0.007058415 0.007214718 0.007513523 0.008242332 0.009115822 0.01792692 0.02029377 0.02565937 0.03089373 0.03162725 0.02421714 0.03668677 0.01748176 0.01007349 0.01269706 0.025292 0.01141686 0.008709677 0.002177419 0.006693548 0.009475806 0.0128629 
0.009613881 0.01095471 0.006050117 0.008487923 0.00731937 0.001165653 0.0009135635 0.0001879492 0.0001186979 0.0003635624 9.451916e-005 0.003819907 0.0006608608 1.989994e-005 2.16633e-005 5.514863e-005 3.011181e-005 0.0001371111 3.379642e-005 0.003190875 3.497049e-005 3.608094e-005 3.706659e-005 1.358776e-005 1.399473e-005 2.054292e-005 3.319089e-005 0.0005303205 0.0009578391 0.001508288 0.002306676 0.004099775 0.004913118 0.005553881 0.006214713 0.006950981 0.007295805 0.008381593 0.009798662 0.01945793 0.02601924 0.03850959 0.03388635 0.03128078 0.04563371 0.04136866 0.02054098 0.0197582 0.01363787 0.02454976 0.02519769 0.01818548 0.01270161 0.005120967 0.008790323 0.01254032 
0.001985859 0.0004646246 0.0004656702 0.0001834117 0.00167347 0.00113916 0.002421572 4.027478e-005 3.507766e-005 3.019271e-005 2.532504e-005 6.408518e-006 4.864135e-006 3.917355e-006 3.544342e-006 3.806343e-006 3.892817e-005 0.0007171675 3.358905e-006 3.305619e-006 0.0001177829 0.000487759 0.0004041867 0.0005227227 0.0005676291 0.0006816107 0.001123556 0.001275553 0.001663668 0.002127288 0.002794751 0.003929561 0.004545184 0.005109322 0.005762648 0.007169416 0.007089311 0.008263048 0.009871894 0.02275531 0.0252242 0.06118954 0.03614284 0.02536112 0.06654803 0.05631442 0.04391115 0.04954179 0.03111127 0.03464627 0.04277948 0.02342742 0.02979839 0.01024194 0.01330645 0.007943548 
