ncols         56
nrows         54
xllcorner     28.264
yllcorner     -5.7719999999999
cellsize      0.25
NODATA_value  -9999
2.34807e-007 8.118645e-007 1.905565e-006 0.0002049433 6.200737e-006 1.085567e-005 1.860221e-005 5.890617e-005 6.658847e-005 8.718421e-005 9.111952e-005 0.0008606038 0.002152011 0.0005597131 0.0001317939 0.0001341025 0.0009382177 0.0002034223 0.0006595264 0.00121407 0.001206364 0.003238659 0.002941189 0.003743779 0.01550551 0.01096391 0.01174518 0.02597337 0.0323549 0.05933081 0.04236403 0.02701483 0.03832211 0.03839739 0.04453981 0.03166811 0.02746632 0.04424172 0.04060606 0.03025231 0.02720552 0.03325338 0.04920439 0.03676288 0.04792948 0.04660171 0.05244368 0.04558814 0.05141164 0.04891447 0.0518337 0.04160758 0.03376747 0.07670766 0.02957607 0.02217738 
1.48201e-006 2.793186e-006 1.566653e-005 0.0004566808 1.444705e-005 2.853095e-005 0.0002834701 0.0004223414 0.0001077366 0.0001913099 0.0001305388 0.002448608 0.001465206 0.0005272977 0.0001820012 0.00132949 0.002899481 0.001263569 0.0008662046 0.003244154 0.00345625 0.004159547 0.005862043 0.004179896 0.007565773 0.01445818 0.01994659 0.03731037 0.05371075 0.06885354 0.05840226 0.0441491 0.05994584 0.05606096 0.05786832 0.05358272 0.03663589 0.05529746 0.04295962 0.02550129 0.02593414 0.0284271 0.03845768 0.03305583 0.03082391 0.03303638 0.04338773 0.05205018 0.06333336 0.03827997 0.03459963 0.01619791 0.01757738 0.02598061 0.0124329 0.01313156 
5.179643e-005 6.530377e-006 3.732518e-005 2.27331e-005 2.919814e-005 3.856024e-005 0.0006528142 0.000480909 0.000148514 0.0001691497 0.000339401 0.001255923 0.001735749 0.001670812 0.0008465405 0.001098718 0.004738044 0.001354063 0.004242911 0.003431408 0.003703453 0.00518319 0.004522038 0.008739125 0.008818156 0.00925066 0.02888367 0.04323437 0.0342701 0.04169184 0.0277763 0.04059266 0.0835412 0.06435937 0.1105551 0.06895475 0.04571128 0.06263021 0.05718346 0.04906735 0.04361654 0.04598415 0.05661616 0.03249462 0.03186122 0.04842389 0.05308599 0.04709488 0.03968082 0.0314854 0.03082372 0.01959879 0.01854393 0.01852594 0.01337578 0.02374864 
0.0006317996 9.707866e-005 0.0001332467 0.0002150589 9.403836e-005 0.0001204214 0.0001606177 0.0007475251 0.0002408854 0.0002685426 0.0002880751 0.00106657 0.0006178914 0.002012042 0.002377408 0.002817347 0.0026866 0.005544463 0.002831208 0.005303094 0.003654111 0.004055142 0.003758159 0.005624471 0.009888314 0.0117412 0.02825446 0.04308609 0.04247598 0.05907062 0.03614619 0.04216135 0.0784823 0.09948202 0.1202136 0.07157107 0.07363598 0.0691831 0.05062164 0.04605525 0.04344148 0.09020887 0.06748365 0.04537602 0.04013475 0.05347027 0.07607795 0.03745526 0.04075458 0.03345848 0.02577873 0.02487313 0.02652902 0.03133267 0.01902153 0.03966534 
0.000101192 0.000261303 4.961288e-005 0.0002252412 0.0001399908 0.0001724063 0.0001953953 0.0004206261 0.001235309 0.0004387374 0.0005132394 0.0009084643 0.0009309511 0.0005352265 0.001473628 0.001050366 0.002499464 0.002594276 0.001938104 0.003623088 0.002515734 0.00299622 0.004462488 0.00905799 0.01023345 0.01918669 0.03195152 0.04895819 0.0557059 0.05395548 0.04869713 0.04230423 0.05678684 0.1111588 0.1039202 0.05364582 0.06746345 0.04671169 0.03918432 0.02628586 0.0563147 0.08739678 0.07872484 0.05179351 0.03940548 0.03877393 0.04691685 0.03750842 0.02671451 0.02398844 0.02188644 0.01747862 0.01921416 0.04835119 0.02617682 0.02128216 
3.114919e-005 0.0002532661 0.0005420838 0.0001287567 0.0001580105 0.0001934708 0.0002329564 0.0004127142 0.0003445413 0.0003743019 0.000396119 0.0008272634 0.0004417823 0.0004555839 0.0005692427 0.0004511935 0.0005670884 0.0005321074 0.001734333 0.001209155 0.002707104 0.002758182 0.006906907 0.007609431 0.00641279 0.01050141 0.03049207 0.04661899 0.03902595 0.02710916 0.04949011 0.05057303 0.0567554 0.07572961 0.07383831 0.04057437 0.04784352 0.04812184 0.04645475 0.03951645 0.05629952 0.07300276 0.06344657 0.05856486 0.03842515 0.03551599 0.03449884 0.02866209 0.02754806 0.02371651 0.02082987 0.01848809 0.04700892 0.07546607 0.06964442 0.0313045 
0.0001828638 0.0004668073 0.0005562421 0.0001622445 0.0001930871 0.0002288723 0.0002657787 0.0003379064 0.0003788984 0.0004057692 0.0004255801 0.0004476373 0.0004674074 0.0005338288 0.001693741 0.000880623 0.001257782 0.002042935 0.001237916 0.00186324 0.0043567 0.007471671 0.003260988 0.00628635 0.01655289 0.009989472 0.03041324 0.02456572 0.02590169 0.01564227 0.0291433 0.04473696 0.06217181 0.07671528 0.05150683 0.04453133 0.0384801 0.04288262 0.04221301 0.05587642 0.07059097 0.05400533 0.04669179 0.0505972 0.0277317 0.03640489 0.046872 0.03744982 0.02619663 0.02535717 0.02051586 0.03595066 0.07884374 0.07551814 0.07253786 0.06120355 
6.833293e-005 0.0005592023 0.0005755118 0.0001458255 0.0001694572 0.0001958292 0.0002229499 0.0002574593 0.0002839036 0.0003007773 0.0003123263 0.00103384 0.001074871 0.001393651 0.002569939 0.002910682 0.004488806 0.003643174 0.003888502 0.002548161 0.006228013 0.007440818 0.004000571 0.008051133 0.01628887 0.02671083 0.01917296 0.02967606 0.03073609 0.03082878 0.03883767 0.08569854 0.0679678 0.06692553 0.07515317 0.06570302 0.06263158 0.09376335 0.08210552 0.05504233 0.05249365 0.06764951 0.0567663 0.03595523 0.03392124 0.03880685 0.03623186 0.03597709 0.0234065 0.01902515 0.01834675 0.0688329 0.06862438 0.1072169 0.140963 0.1200199 
8.621375e-005 0.0005714544 0.000132333 0.0008148375 0.0001959933 0.0002216422 0.0002488624 0.0007531314 0.0008489279 0.001917948 0.00106597 0.002511262 0.001132951 0.001615159 0.003711786 0.005621858 0.006814957 0.00551114 0.005179574 0.003816093 0.01015295 0.01592899 0.01098358 0.01291188 0.01928971 0.03100899 0.01932497 0.0266675 0.03719689 0.03857089 0.08084203 0.09782992 0.06737121 0.0588112 0.07810015 0.088569 0.08909754 0.116718 0.06477479 0.03515714 0.04850356 0.04949742 0.02039902 0.02979936 0.0402627 0.05185625 0.03852431 0.02756046 0.02695622 0.01982517 0.02402465 0.04559688 0.04373593 0.06210127 0.06027491 0.1032631 
0.0001057379 0.0007108575 0.0009890079 0.0001918826 0.0002199497 0.001823204 0.0004730103 0.0003000103 0.001869741 0.00206717 0.001445782 0.003164439 0.002457126 0.003601475 0.005780427 0.002719136 0.002986767 0.002363448 0.005102593 0.005465357 0.01298425 0.01267447 0.01461641 0.02624669 0.02275648 0.0209651 0.02104243 0.02901452 0.03745568 0.04803658 0.06901049 0.095257 0.07965302 0.06890254 0.04616518 0.06465292 0.07911743 0.06275396 0.05387233 0.03782004 0.04128954 0.04061792 0.02690273 0.03841167 0.04256276 0.04196179 0.03158872 0.04774555 0.02471988 0.01822169 0.01743187 0.01806695 0.01597855 0.02533809 0.0319432 0.04409474 
0.001073497 0.00139299 0.00112268 0.0002131127 0.0002406392 0.004119418 0.002644188 0.004474787 0.002892715 0.00391264 0.004002581 0.00378668 0.003644356 0.005528406 0.003265302 0.001506405 0.002654483 0.002058925 0.00193525 0.007851072 0.01161163 0.008957862 0.007157135 0.02661108 0.02647607 0.02259884 0.02252023 0.02447498 0.02637321 0.03508185 0.06008727 0.0690966 0.05285038 0.05093051 0.06323769 0.05870068 0.06690705 0.06116124 0.07376461 0.04520127 0.03977274 0.04985609 0.02518515 0.04573319 0.05370717 0.04254765 0.02716097 0.03306642 0.02617153 0.01840736 0.01709895 0.01028589 0.02387129 0.02161504 0.01922408 0.02425187 
0.0004141427 0.0006042694 0.0054566 0.002600756 0.002350946 0.004087796 0.002615224 0.006940948 0.007593437 0.005260437 0.006817658 0.007845481 0.005232308 0.003972736 0.003372796 0.006070883 0.002357493 0.003584003 0.00272885 0.009317795 0.01023419 0.01164789 0.00886418 0.01573576 0.01539248 0.01532649 0.01390963 0.01022002 0.01775183 0.01683573 0.02441648 0.02931251 0.02354153 0.04667711 0.06094613 0.1011772 0.09989336 0.05784024 0.06730122 0.04269377 0.04854833 0.03221415 0.02641826 0.03732348 0.04417142 0.03259975 0.02093667 0.02613608 0.02381413 0.02434263 0.02450758 0.03165507 0.02589005 0.009869861 0.01475336 0.004362443 
0.0001729972 0.005843749 0.02908109 0.009423165 0.006145473 0.006013679 0.0006173078 0.003638947 0.0117446 0.01094712 0.006480838 0.006639844 0.008306649 0.01093111 0.02832079 0.02979323 0.01427661 0.008140666 0.007573091 0.008153148 0.009281654 0.02015043 0.0170853 0.01258693 0.00755581 0.01052625 0.01136266 0.007047931 0.01267621 0.02510956 0.02395847 0.02185085 0.02727965 0.03436973 0.05464539 0.08946139 0.1254694 0.06584666 0.05307702 0.06526062 0.04185266 0.02340369 0.02092319 0.03347116 0.02954566 0.02379728 0.02384276 0.02404028 0.02022392 0.02525671 0.0269152 0.07185902 0.02774912 0.0126501 0.004980498 0.004364727 
0.001265965 0.002233169 0.01338548 0.01176024 0.005816597 0.005164046 0.003746073 0.006892962 0.009787124 0.007532683 0.01242898 0.0106102 0.008761454 0.02210421 0.01736093 0.01550666 0.01857076 0.015859 0.009775045 0.009090206 0.01422513 0.01917375 0.01520094 0.008169238 0.007275376 0.01168228 0.008246695 0.00650175 0.007513682 0.01251962 0.01054403 0.01100818 0.01558368 0.01829982 0.04756857 0.05128576 0.0654088 0.04477105 0.04261364 0.03703842 0.0262752 0.02130879 0.01701857 0.02211295 0.01963493 0.02404238 0.0224311 0.02276707 0.01896484 0.01981714 0.02505257 0.06963705 0.04110374 0.005133138 0.004890489 0.004241236 
0.004093557 0.0009401032 0.009493631 0.009027421 0.01280973 0.01112433 0.01254018 0.01098459 0.007941835 0.009352157 0.007598197 0.01255648 0.01603447 0.0225961 0.01464636 0.008132892 0.02192732 0.02293619 0.02598694 0.01478933 0.01121523 0.01968348 0.01365433 0.009857438 0.008408557 0.004672199 0.003956667 0.003341423 0.007516677 0.0046489 0.003429409 0.01277823 0.01398829 0.026326 0.02898621 0.01620656 0.007904088 0.01730356 0.02890729 0.03109981 0.02577027 0.02016774 0.03249932 0.02012113 0.01753533 0.02063548 0.01957517 0.0158111 0.01903366 0.01594633 0.02338195 0.07178338 0.00656837 0.00472707 0.004459093 0.003990014 
0.005427625 0.002657591 0.001939132 0.005317753 0.01330584 0.01934498 0.02192722 0.01840195 0.01763022 0.01502278 0.01288018 0.01879772 0.01919331 0.01652294 0.01185202 0.01147484 0.0162114 0.02838156 0.04932449 0.017926 0.007824212 0.008018864 0.01136791 0.009191662 0.007555782 0.006311659 0.006056717 0.007946748 0.003875285 0.002558995 0.002957304 0.007704221 0.0121391 0.01663992 0.01621583 0.009109231 0.01711036 0.01839082 0.02381803 0.02445695 0.03324649 0.0231583 0.03669089 0.01612452 0.01476073 0.02993863 0.03505015 0.02864126 0.01706486 0.004861063 0.01204581 0.01837858 0.00330009 0.003160421 0.003010785 0.002918776 
0.005840302 0.001888505 0.002689562 0.004757966 0.04022196 0.0473615 0.07820871 0.03317304 0.03836502 0.02306365 0.02008039 0.01999898 0.01915902 0.01556717 0.02028128 0.01550214 0.03624391 0.03836533 0.03012322 0.01603826 0.01305214 0.01326545 0.01472848 0.00465393 0.006010418 0.00878037 0.007147564 0.005252883 0.005052987 0.002999054 0.003199096 0.005862365 0.007261132 0.009093502 0.008501169 0.01717776 0.03300134 0.03686009 0.04124409 0.03688156 0.03904932 0.03512911 0.03276606 0.02058347 0.0284858 0.02327916 0.009657251 0.00569329 0.007082903 0.00693232 0.004185949 0.003097927 0.00295442 0.0028484 0.002766288 0.002712847 
0.01341977 0.008858827 0.01046152 0.009411923 0.02384904 0.03411886 0.04563624 0.04364153 0.04035988 0.03498118 0.03174068 0.02683879 0.02277019 0.01471142 0.01484844 0.03653161 0.03617917 0.01771013 0.01923086 0.01898043 0.008249698 0.009139918 0.0176879 0.005154445 0.008103398 0.009691167 0.008613391 0.005619599 0.003074036 0.003554365 0.006084302 0.01386455 0.009580925 0.01044489 0.01445125 0.005969453 0.02996757 0.04523606 0.03541122 0.03284966 0.02938633 0.02893921 0.03129027 0.03910169 0.0331199 0.02882756 0.01555704 0.005202812 0.005035471 0.007487158 0.003765225 0.002786583 0.002674579 0.002589487 0.002544181 0.002543706 
0.02059641 0.02153559 0.02232001 0.03055696 0.0305921 0.0485393 0.03552384 0.05916611 0.04630482 0.04632486 0.09109167 0.0423428 0.02832585 0.02213366 0.02908454 0.04472096 0.04591478 0.02985518 0.03548219 0.02961687 0.01834125 0.01151925 0.03747679 0.02025705 0.008568047 0.009692327 0.01552746 0.01113625 0.004113124 0.003982068 0.008775339 0.01483577 0.01645336 0.008426776 0.01635639 0.005459439 0.01427913 0.01784384 0.02221751 0.01547608 0.009888477 0.0140757 0.03027705 0.04746127 0.03159365 0.01812829 0.008845651 0.003891188 0.006908068 0.004745911 0.003414179 0.002539149 0.00244265 0.004914585 0.002358015 0.002357894 
0.05568216 0.06760181 0.05220982 0.05740463 0.06043021 0.0531686 0.0367674 0.0257162 0.03591333 0.05473389 0.07678233 0.01818885 0.01061151 0.02117127 0.04599357 0.05091789 0.03161116 0.0191755 0.0330401 0.04462687 0.03901459 0.0287377 0.03597853 0.02852441 0.013327 0.009209786 0.009204437 0.008283969 0.005730132 0.007540123 0.00618335 0.008203938 0.007518957 0.01072988 0.0109856 0.02164851 0.01971423 0.02036822 0.02150507 0.02005501 0.01598016 0.02036 0.03195233 0.02943279 0.04428628 0.02096025 0.007520987 0.007443214 0.00709135 0.006676021 0.006465422 0.002793866 0.002702534 0.005942478 0.002642374 0.009652302 
0.08720237 0.04600853 0.07085135 0.08592883 0.1423841 0.09428398 0.06813356 0.05310147 0.07600588 0.06649279 0.03657281 0.01221626 0.01571588 0.02943764 0.08249785 0.05950188 0.05498987 0.03386242 0.02956047 0.03089501 0.03686252 0.03403052 0.02653578 0.02149779 0.01875777 0.006107724 0.006980046 0.009047232 0.01206448 0.01689406 0.009088751 0.007521534 0.008717275 0.01420496 0.01611383 0.0268124 0.01926851 0.01925976 0.02141036 0.02090732 0.02052331 0.01584554 0.02214029 0.01466238 0.009164714 0.01061607 0.006700734 0.006542012 0.006096855 0.01523757 0.005638974 0.0024669 0.002399339 0.009463527 0.002615285 0.01339389 
0.1750935 0.08180705 0.06659834 0.07327323 0.1691675 0.1727639 0.1172863 0.1337713 0.0779587 0.02422319 0.009496019 0.01555788 0.02436152 0.03891539 0.09225682 0.1090671 0.1001586 0.1010926 0.04004687 0.03131646 0.03023422 0.03317817 0.02140779 0.01804029 0.02397068 0.008781557 0.01214907 0.01263213 0.008911615 0.01009551 0.01600801 0.0172426 0.01215383 0.02261016 0.01985951 0.01882833 0.0200452 0.02982538 0.0302901 0.03079732 0.03882241 0.02919527 0.01762094 0.01477362 0.0135441 0.006718655 0.006141959 0.005971001 0.005538204 0.005262302 0.005164876 0.007961951 0.008452691 0.002608181 0.006004542 0.007626117 
0.2168923 0.123114 0.08493137 0.0749258 0.1037429 0.1232639 0.1107776 0.1626107 0.09421001 0.03299036 0.02442174 0.01852254 0.02064348 0.05956355 0.06320363 0.08954405 0.1214017 0.1625492 0.08430354 0.1082967 0.04634659 0.03707275 0.04587071 0.02376551 0.0289684 0.01723196 0.0228468 0.03521297 0.01732011 0.01808084 0.01537561 0.01589851 0.01996676 0.02431528 0.03036974 0.02361149 0.01827059 0.02294483 0.04881153 0.03891881 0.04534838 0.05260146 0.03441165 0.03286364 0.01441212 0.00631934 0.00588917 0.005751101 0.005363054 0.01412255 0.015486 0.00838605 0.02387617 0.00383761 0.004753912 0.006427691 
0.1997859 0.1921448 0.1198406 0.123313 0.120971 0.1123473 0.1007643 0.1165473 0.1029427 0.02911648 0.02047905 0.01615903 0.01780454 0.02386023 0.04014755 0.02454804 0.02040326 0.02126388 0.04588737 0.06380074 0.06657352 0.06014848 0.06586779 0.0539468 0.04059033 0.03981946 0.03807551 0.03550943 0.03845409 0.03852201 0.03544045 0.02023512 0.02158516 0.04337863 0.03942885 0.03314501 0.02426917 0.02707195 0.02342495 0.02934561 0.02125948 0.03661514 0.03772277 0.05577194 0.03799974 0.01500632 0.00626024 0.005814838 0.00559077 0.004867078 0.0133322 0.008174278 0.009088112 0.004922247 0.01213458 0.00573334 
0.2451161 0.1762388 0.1129562 0.1541795 0.1200783 0.09993625 0.1017167 0.1215087 0.05018907 0.0234644 0.08121276 0.02247262 0.0315315 0.01901389 0.02785743 0.03584141 0.01576423 0.02350458 0.03647049 0.04633879 0.04170201 0.0492342 0.0576446 0.05318277 0.04660883 0.05539518 0.04286175 0.03633991 0.05207384 0.05606389 0.05797541 0.03718109 0.0299156 0.05167167 0.05168816 0.05065594 0.03697395 0.04116666 0.02845485 0.02153492 0.02271607 0.02492021 0.01935899 0.03689215 0.05785554 0.03401542 0.01212226 0.00726156 0.006383504 0.004774063 0.005073766 0.001594191 0.002764522 0.004605231 0.005415287 0.006014282 
0.1632497 0.1375201 0.1743094 0.1560039 0.1362244 0.07294173 0.09111059 0.08520468 0.03378398 0.01492241 0.02518231 0.03901267 0.03373288 0.02851023 0.02935302 0.06676153 0.04178049 0.03227132 0.02418431 0.05112495 0.04067269 0.06000313 0.06461541 0.06822983 0.07288108 0.1151182 0.05095435 0.05881323 0.1060942 0.1128169 0.06127815 0.05635576 0.05472468 0.05950877 0.05309867 0.04910354 0.05518331 0.05416966 0.02181813 0.02056063 0.0226029 0.01874076 0.02060453 0.01506183 0.01349817 0.01216702 0.005978498 0.009317152 0.004727502 0.004586281 0.004557157 0.002666179 0.003638651 0.005167275 0.005814373 0.006296722 
0.1187004 0.1222135 0.1449106 0.2033675 0.1405182 0.08603776 0.06979864 0.04406548 0.02660163 0.04398885 0.09336565 0.09395911 0.08999245 0.07764216 0.07001497 0.09391448 0.0730295 0.1089343 0.07432066 0.09822237 0.09741331 0.144 0.1595903 0.1043003 0.1083715 0.1183545 0.0801093 0.08635382 0.1066054 0.1079075 0.06401304 0.0397902 0.05222156 0.06499164 0.04449221 0.03816457 0.05008136 0.05345693 0.02531722 0.02524778 0.03401311 0.03278716 0.02257246 0.01506202 0.00696249 0.004800878 0.005675385 0.006580017 0.004581296 0.004413643 0.004443708 0.01034292 0.004089588 0.005849388 0.005913778 0.006220575 
0.1688593 0.1795278 0.1944755 0.2714691 0.2056816 0.2291412 0.144776 0.05863113 0.06627655 0.1193811 0.1941275 0.1394947 0.1040207 0.1939103 0.2378548 0.2172456 0.1222776 0.1072536 0.0821111 0.1328215 0.1815697 0.224874 0.3403628 0.175645 0.1144398 0.1357179 0.1827321 0.08235496 0.05762711 0.05693464 0.05311099 0.04973071 0.04214617 0.04788095 0.04432898 0.05141215 0.06335805 0.06489519 0.05072626 0.04320458 0.08846342 0.07263566 0.03168158 0.01149178 0.0168954 0.02087666 0.009440653 0.00507289 0.004738089 0.005011147 0.005381916 0.005385982 0.009378802 0.01065977 0.006167779 0.006268553 
0.2897882 0.1682041 0.1894741 0.2762696 0.2081142 0.2215783 0.144587 0.1122337 0.1708978 0.1807043 0.2405763 0.1221615 0.116842 0.1670623 0.1799154 0.1862855 0.1353494 0.1409159 0.1750533 0.2502125 0.2021363 0.1707414 0.2095625 0.1674841 0.1866603 0.2118987 0.1409476 0.07981672 0.05616143 0.06030929 0.04129936 0.05124858 0.07148541 0.03949333 0.04576389 0.05668953 0.06101902 0.07281452 0.07797901 0.06214445 0.06049684 0.03842278 0.02270056 0.0101252 0.01098412 0.01433112 0.01555445 0.004924377 0.00478965 0.005153465 0.00542048 0.006084817 0.01482998 0.005847592 0.009681175 0.005967769 
0.2593392 0.1985441 0.2927513 0.2933207 0.1673886 0.08406088 0.08148447 0.07198604 0.0775552 0.1451644 0.1488838 0.1182734 0.08823159 0.07696585 0.1033188 0.08983283 0.1278906 0.09013673 0.08397578 0.08967531 0.07382705 0.05998809 0.06132761 0.0820303 0.1436035 0.1519269 0.158898 0.0656607 0.04604658 0.05241691 0.03476971 0.04224159 0.04296061 0.0603494 0.08141673 0.05741097 0.08415148 0.09184507 0.1037482 0.04535519 0.03798947 0.02861507 0.02273477 0.01007763 0.006395737 0.007699241 0.01034852 0.0046854 0.004329695 0.004521389 0.005060693 0.004137302 0.004587287 0.01304222 0.01158906 0.005581937 
0.2357985 0.2046462 0.2985397 0.1918157 0.1437049 0.09011187 0.08361396 0.0642319 0.08322054 0.153269 0.1951392 0.1066191 0.08361893 0.07484155 0.06812932 0.07388143 0.06669009 0.05884256 0.05915355 0.0786933 0.0932871 0.1104307 0.08508801 0.07237908 0.09509589 0.1175516 0.1445645 0.1393638 0.0676804 0.04561661 0.03820188 0.04237656 0.06155142 0.07378503 0.05904433 0.06068609 0.1073023 0.0865346 0.1030108 0.05581108 0.03545398 0.0262923 0.02098704 0.009263975 0.006334751 0.00403084 0.003971596 0.004875917 0.003978378 0.004068363 0.004255509 0.003820046 0.004350319 0.005356411 0.01126262 0.005316153 
0.2141638 0.2357005 0.2978631 0.2245087 0.09256221 0.1107354 0.0842343 0.123328 0.1020836 0.1745634 0.1784796 0.1256359 0.0866958 0.08360617 0.06532788 0.07653334 0.08545502 0.0739263 0.05534251 0.07237718 0.1133863 0.085187 0.108174 0.1035122 0.09169972 0.1315029 0.1295286 0.157131 0.1073489 0.05225936 0.02979955 0.04663888 0.05530092 0.07204919 0.1029291 0.07204243 0.1075858 0.06458642 0.09323632 0.05472945 0.03314643 0.02265108 0.01761249 0.008690373 0.005528167 0.003802019 0.003447874 0.004191565 0.003792099 0.003743079 0.003873414 0.003677441 0.003815838 0.004817771 0.004945436 0.00470938 
0.2832443 0.2295429 0.2013743 0.1018677 0.08899565 0.06756134 0.1126916 0.1746953 0.1601416 0.19462 0.294363 0.1141983 0.09329382 0.09142689 0.06860053 0.1075917 0.08529851 0.06340449 0.07977691 0.07787099 0.0778113 0.09760344 0.09059514 0.1287126 0.1135785 0.2072773 0.1153914 0.1407153 0.1086519 0.0593273 0.05062211 0.04991185 0.0537444 0.09291826 0.07190204 0.1061703 0.08815559 0.05055048 0.04687746 0.03006702 0.02598646 0.01982938 0.01593569 0.00790721 0.00504482 0.003414466 0.003196048 0.003771089 0.003418658 0.003434138 0.003455276 0.004908901 0.01865453 0.008777244 0.0237881 0.005268929 
0.3537355 0.2499249 0.1396851 0.07101978 0.04720504 0.05985881 0.1243265 0.1363776 0.1174742 0.138865 0.1528124 0.1013357 0.1111969 0.1039672 0.1015615 0.1059093 0.1105721 0.09204183 0.1203912 0.1173527 0.08430963 0.08364437 0.1435329 0.1179221 0.1206153 0.1516116 0.1550353 0.1713012 0.1339393 0.1146335 0.07096013 0.05642362 0.0490833 0.07561622 0.0651543 0.05324496 0.05304859 0.04469905 0.0411093 0.02359159 0.02076897 0.01791052 0.01444859 0.007123195 0.004570349 0.003099884 0.002912183 0.003373503 0.003024712 0.003788145 0.003045161 0.005182361 0.004394533 0.00547004 0.02097296 0.004425574 
0.3024105 0.1887919 0.1072884 0.12458 0.05280047 0.08988679 0.08963642 0.09061527 0.1173856 0.07753721 0.05533574 0.0950022 0.1279975 0.1270172 0.1390916 0.1957671 0.2136112 0.1949812 0.2078493 0.1628641 0.1103117 0.1331811 0.1288832 0.1081217 0.1507209 0.1873361 0.1699496 0.17647 0.1308821 0.08433795 0.09755486 0.08086532 0.07135791 0.05293099 0.04980897 0.06399637 0.04786756 0.04082691 0.0383647 0.02545765 0.02427157 0.02178207 0.01791827 0.007778252 0.004605161 0.002835689 0.002500536 0.003021627 0.006032167 0.006110038 0.002300204 0.006590813 0.01429421 0.00427242 0.003870545 0.004059005 
0.2793053 0.2529628 0.1235684 0.1040429 0.07141595 0.1081301 0.1228099 0.097442 0.1027282 0.08378936 0.09789873 0.09957048 0.1356028 0.136612 0.1983541 0.298701 0.3163433 0.2535141 0.1924178 0.1982781 0.1478387 0.1208422 0.1265429 0.1557688 0.2298087 0.1837476 0.220268 0.171223 0.1127343 0.09906327 0.115696 0.1198164 0.05468756 0.05647164 0.0431947 0.05706036 0.09659981 0.02844003 0.0524932 0.03124278 0.01703894 0.01688219 0.007693104 0.00330929 0.002120633 0.001424449 0.001460255 0.002402594 0.01727349 0.01706898 0.01104091 0.05226262 0.03973764 0.001801886 0.002282563 0.002949174 
0.318761 0.2313059 0.1677715 0.1029973 0.1064478 0.1085881 0.1145791 0.1009766 0.08753275 0.09663752 0.09077457 0.1375643 0.1921318 0.1409921 0.2288705 0.2985064 0.3636457 0.3064712 0.2080792 0.1610341 0.1371093 0.1379585 0.1668236 0.2390389 0.3210062 0.1519307 0.1507665 0.1405596 0.113901 0.1361877 0.1488948 0.0816744 0.03707673 0.04235889 0.03807849 0.03304488 0.0636941 0.03999909 0.1019038 0.02854299 0.01001645 0.009903407 0.006408209 0.002964846 0.001850128 0.001267579 0.001163467 0.003509192 0.01567267 0.002561522 0.008999756 0.02548506 0.0116619 0.0009774435 0.001430334 0.002003942 
0.3154006 0.1938099 0.1058965 0.09333333 0.1275883 0.1103171 0.09470581 0.09685502 0.09256621 0.1016131 0.1321405 0.1483721 0.1540157 0.123719 0.1761322 0.335127 0.3379319 0.3410487 0.292072 0.2090232 0.1753124 0.1805143 0.1896534 0.2204984 0.3383579 0.1758463 0.1194613 0.1126091 0.1183115 0.1330661 0.1058267 0.07755081 0.05472173 0.03370353 0.03861736 0.07371283 0.05751614 0.02351115 0.06728458 0.02819392 0.01417861 0.006891393 0.005523705 0.002509061 0.001587708 0.001125788 0.000900828 0.001497118 0.001234506 0.02466786 0.0009424643 0.01400389 0.0004481431 0.0005884283 0.001058783 0.0001594928 
0.3377502 0.2128673 0.08572792 0.1338859 0.09495635 0.1305398 0.09873017 0.08083197 0.08169871 0.1002387 0.1642465 0.1547616 0.1588079 0.1243944 0.1584255 0.2831102 0.3364668 0.3402756 0.3469474 0.2809632 0.2213404 0.2111669 0.2816622 0.2594399 0.2045204 0.1761343 0.1566241 0.1231446 0.1120384 0.1118726 0.05022903 0.04304469 0.02723373 0.02416746 0.02650996 0.03301251 0.09869005 0.05561251 0.01815987 0.01319062 0.008145586 0.005665389 0.004563692 0.002067491 0.001315509 0.0008689282 0.0007568353 0.001304292 0.001169379 0.01564614 0.001171916 0.0007134952 0.0003951676 0.0005301968 0.0002963614 0.0001381063 
0.3409069 0.1675147 0.05828445 0.1352276 0.1375394 0.1380783 0.1292609 0.09510438 0.08627948 0.08576348 0.1181619 0.1547171 0.1536606 0.1240496 0.1330349 0.198451 0.2791699 0.2848429 0.2646547 0.2979438 0.2253843 0.1947189 0.2338986 0.1654611 0.1611829 0.192618 0.09497066 0.07832282 0.1244273 0.06554502 0.04513615 0.03649559 0.04281489 0.03252267 0.02325422 0.06568141 0.1019081 0.04052311 0.01521904 0.00792078 0.005566462 0.003997057 0.003183356 0.002099829 0.001337557 0.0008891578 0.0008429759 0.002274745 0.008681055 0.005209982 0.0005272918 0.0003735273 0.0003013157 0.0002870714 0.0002569816 0.0001185644 
0.3114671 0.1205234 0.06661619 0.1086966 0.1804789 0.138739 0.1182993 0.1139776 0.1248734 0.1104721 0.1505087 0.141072 0.186225 0.1489748 0.12436 0.2291155 0.2233358 0.3342153 0.4319554 0.2825444 0.2588315 0.2658326 0.203538 0.1282957 0.1597087 0.174066 0.1129582 0.1036255 0.08928468 0.05885079 0.04356178 0.07223064 0.07726046 0.06156147 0.03281498 0.05569896 0.06895231 0.04209507 0.0300691 0.02381064 0.005708932 0.002822939 0.00223864 0.001483273 0.0009642608 0.0006923804 0.0006484919 0.0007064657 0.001027596 0.0004519144 0.0003966753 0.0003028195 0.0002475858 0.0002668545 0.0002361839 9.642237e-005 
0.2077972 0.1433124 0.1122911 0.1449905 0.2011919 0.1538789 0.1187373 0.1254984 0.1334868 0.1381627 0.186335 0.1816792 0.2081334 0.1273042 0.1278875 0.249953 0.2737111 0.2685093 0.2995752 0.3145914 0.3531785 0.4294584 0.271479 0.1489346 0.2246049 0.1368778 0.1040492 0.08662996 0.1487163 0.06215811 0.04345774 0.05478976 0.07631668 0.04884471 0.0355382 0.03658079 0.042448 0.03397898 0.0292782 0.006366386 0.003493849 0.002138549 0.001761961 0.001227415 0.0008758152 0.0006706661 0.0006117827 0.0006241764 0.0005583239 0.001706013 0.00168587 0.0003396843 0.0002684576 0.000251033 0.00021429 9.555644e-005 
0.2565752 0.1522427 0.121025 0.1484992 0.1924029 0.1680803 0.1706493 0.154165 0.1970604 0.1902715 0.2224332 0.2572007 0.211683 0.1933868 0.1914999 0.3328765 0.3462634 0.3502394 0.3139063 0.2891936 0.2374572 0.2506578 0.3232616 0.1430054 0.1425978 0.2113782 0.162487 0.08159444 0.04887986 0.07173406 0.07780091 0.05044458 0.04076704 0.05437944 0.06064775 0.07029863 0.07445532 0.0495999 0.05172554 0.00544318 0.003313558 0.002086598 0.001777621 0.001362327 0.006102788 0.006036419 0.00553051 0.0008973926 0.0008298633 0.0007387619 0.000614815 0.0004838927 0.00036182 0.0002901918 0.0002680963 0.0001161217 
0.2704864 0.2135339 0.1317229 0.1411452 0.1739402 0.1752987 0.23721 0.1857939 0.2462362 0.2247168 0.2721501 0.310404 0.2137908 0.2272491 0.2686009 0.3007381 0.2248295 0.2994175 0.2415944 0.2295852 0.230009 0.2628945 0.203311 0.1879793 0.2019455 0.1348556 0.11972 0.07742699 0.06798757 0.08733804 0.05401028 0.04095406 0.04552284 0.05343167 0.0657064 0.05380368 0.140543 0.06627725 0.03851072 0.033336 0.004705078 0.001954931 0.001770965 0.00310476 0.002727884 0.002828423 0.002629194 0.001717845 0.001620632 0.001446731 0.001191751 0.0003422802 0.0002489529 0.0001941172 0.000176373 0 
0.314549 0.2757912 0.1997774 0.1851215 0.1995875 0.2625612 0.2329893 0.231688 0.2264654 0.2676795 0.2388205 0.321745 0.3153939 0.3504509 0.3513786 0.3207763 0.1844906 0.2077888 0.1759732 0.3164224 0.256769 0.218348 0.2090713 0.2343234 0.2103231 0.1609652 0.1059421 0.05366905 0.07829406 0.07148614 0.03991812 0.04259162 0.04482216 0.05981002 0.04665677 0.03093372 0.04060102 0.06706228 0.0517562 0.02451419 0.004981788 0.001979622 0.00179132 0.003306544 0.003140265 0.004096748 0.002861719 0.002111991 0.002008087 0.00179974 0.00146997 0.0004184061 0.0002997139 0.000263646 0.0002051195 0 
0.347245 0.259728 0.2145019 0.2609963 0.1834162 0.3055128 0.3377138 0.268125 0.207335 0.1901637 0.3105116 0.308379 0.3638838 0.3764068 0.4050309 0.3784087 0.2359867 0.1743172 0.1894509 0.2617445 0.1991017 0.2729638 0.2237729 0.2463184 0.1944055 0.2252171 0.09432418 0.0656114 0.09368369 0.06202184 0.03135452 0.06143173 0.02836214 0.0256027 0.02557859 0.02511981 0.0320086 0.04630369 0.07421502 0.05444879 0.02753705 0.03209356 0.01065448 0.003836963 0.003994899 0.00464581 0.003554126 0.002646179 0.002560847 0.002320604 0.001935253 0.0005623286 0.0004891245 0.0002592844 0.0002598295 0 
0.217049 0.2091457 0.2125327 0.1857039 0.2127951 0.2983876 0.293272 0.2747008 0.2813373 0.2347697 0.2214788 0.306618 0.3991253 0.4870928 0.4083085 0.3766941 0.2755267 0.2364195 0.2260722 0.2372635 0.2123762 0.1839528 0.1877304 0.1584758 0.1546962 0.09268975 0.09160674 0.06115254 0.06600852 0.08864839 0.06868742 0.05737887 0.06794339 0.04598575 0.08184928 0.04784687 0.04669576 0.03746288 0.04399212 0.04812529 0.02379155 0.03316095 0.01500363 0.004670645 0.006046656 0.004993427 0.004436653 0.003319629 0.003381006 0.003130005 0.002561321 0.0008713465 0.0006066135 0.0002587416 0.0002592844 0 
0.1246065 0.2003504 0.1951531 0.1943326 0.2025848 0.2404826 0.2389886 0.3407974 0.362148 0.3749408 0.2333831 0.1793213 0.2616494 0.363873 0.3179265 0.364915 0.295276 0.2789292 0.2621088 0.2658029 0.2243968 0.2417036 0.2424108 0.1036792 0.1096361 0.09045836 0.143873 0.13228 0.1204588 0.1159343 0.1148884 0.1252887 0.07577361 0.05580138 0.06220791 0.07533612 0.05731979 0.02730184 0.05017176 0.0526991 0.01538456 0.009035131 0.007196493 0.008006836 0.003884736 0.003750939 0.003698478 0.003438927 0.003405776 0.003178639 0.002736734 8.928571e-005 0.0001339286 0.0001339286 4.464286e-005 8.928571e-005 
0.1173113 0.142323 0.1434716 0.1916734 0.2202962 0.1954884 0.2319764 0.2810549 0.3023654 0.2650761 0.2529 0.1592933 0.173983 0.29231 0.3429022 0.3798536 0.2507488 0.2726692 0.2060578 0.2106824 0.2528047 0.1989359 0.1546596 0.1437865 0.1250172 0.1439761 0.2327444 0.1493254 0.1322251 0.1678056 0.1316717 0.1226136 0.09700076 0.08914831 0.106263 0.1212048 0.06627811 0.03968601 0.08506102 0.07505117 0.07161771 0.05338643 0.02763538 0.009515238 0.005898365 0.005603037 0.004371794 0.003995194 0.003980994 0.003743415 0.003975891 0 0.0008035714 0 0 8.928571e-005 
0.131004 0.1471749 0.1374003 0.1851824 0.1663569 0.1607277 0.2250558 0.2653199 0.3164369 0.2976044 0.2508938 0.1609241 0.1856967 0.2725316 0.3933168 0.3777972 0.2889128 0.2472442 0.2155883 0.2402217 0.2838992 0.2299211 0.1395398 0.1243386 0.1705586 0.1328581 0.129141 0.1578897 0.1900168 0.1539822 0.1359106 0.1167097 0.1428938 0.1996079 0.1693066 0.1033757 0.06960384 0.0498904 0.05185952 0.05610961 0.08137326 0.0793421 0.07193993 0.009396626 0.007047152 0.00675969 0.008245128 0.01461726 0.005078287 0.005320494 0.005890804 0.001205357 0.001294643 0 0 0.0001339286 
0.157221 0.1336492 0.168633 0.1458523 0.1942567 0.1483654 0.1801625 0.2161123 0.3053654 0.2738982 0.2590554 0.2099954 0.1737827 0.259703 0.485431 0.4468423 0.4193068 0.3456208 0.2942532 0.2715667 0.2712231 0.2097264 0.1946961 0.2256869 0.1783642 0.117488 0.122576 0.2175911 0.1812832 0.1179172 0.1216101 0.0911285 0.1094749 0.1370502 0.1275766 0.1148893 0.06692012 0.05460843 0.05101602 0.04074579 0.04658298 0.05492982 0.04861656 0.02660971 0.01573822 0.01491715 0.008455866 0.006807884 0.00665198 0.006710594 0.006816498 0.007276786 0.001294643 4.464286e-005 0 4.464286e-005 
0.1959415 0.1776569 0.1964832 0.159016 0.1617199 0.1647953 0.1461564 0.1518118 0.215992 0.2261564 0.2226038 0.2415254 0.2134927 0.2663644 0.3420215 0.3669313 0.4396441 0.3808085 0.333135 0.2645738 0.2344648 0.2255961 0.2042515 0.2191635 0.245914 0.1268713 0.1116888 0.1215076 0.1613842 0.1243765 0.1157205 0.08804668 0.08748376 0.1036711 0.0975677 0.07877696 0.05594668 0.04361443 0.0480404 0.03235371 0.02971017 0.04386897 0.04011887 0.02801832 0.02686781 0.02006982 0.01558292 0.01545788 0.004326001 0.004316475 0.004708612 0.002678571 0.0009821429 0 0 0 
0.2543163 0.2471449 0.2670428 0.1912007 0.1395337 0.1160442 0.1338306 0.1545727 0.2093714 0.203585 0.1513206 0.1616035 0.2811783 0.3555732 0.332689 0.2972281 0.289415 0.2658601 0.2744426 0.2597459 0.2016596 0.2038668 0.1764283 0.1711952 0.1470004 0.1351087 0.1288826 0.1097158 0.146774 0.1398156 0.165638 0.1018533 0.07518647 0.08526177 0.0773073 0.08717782 0.07491381 0.06008827 0.06058449 0.04827538 0.04274376 0.03843696 0.02757098 0.01967277 0.02584886 0.01454018 0.02124743 0.005589238 0.00507021 0.01137371 0.004783446 0 0 0 4.464286e-005 0 
0.2297008 0.2450898 0.2392259 0.1905611 0.1335222 0.1067446 0.1150185 0.158054 0.2292592 0.1864859 0.1525419 0.1272317 0.2048836 0.3019508 0.294514 0.2480857 0.2566925 0.2235452 0.2285429 0.3097448 0.3104017 0.2093736 0.1660734 0.1914542 0.1394815 0.1431954 0.1582077 0.1236999 0.1410646 0.1978099 0.1473327 0.1038319 0.08856717 0.109246 0.07741682 0.08412451 0.1089483 0.09866898 0.05685046 0.05030923 0.04856359 0.04584318 0.03119602 0.03068367 0.03187244 0.02753173 0.03326946 0.01564508 0.005761976 0.01218281 0.0112361 0 0 0 0 0 
