16
18
0.002109704641350211
0.0
0.002109704641350211
0.008438818565400843
0.14135021097046413
0.03164556962025317
0.11392405063291139
0.0
0.006329113924050633
0.004219409282700422
0.0759493670886076
0.012658227848101266
0.06751054852320675
0.45358649789029537
0.02531645569620253
0.035864978902953586
0.0	0.0	1.0	0.0	0.0	0.0	0.0	0.0	0.0	0.0	0.0	0.0	0.0	0.0	0.0	0.0	0.0	0.0	
0.0	0.0	0.0	0.0	0.0	0.0	0.0	0.0	0.0	0.0	0.0	0.0	0.0	0.0	0.0	0.0	0.0	0.0	
1.0	0.0	0.0	0.0	0.0	0.0	0.0	0.0	0.0	0.0	0.0	0.0	0.0	0.0	0.0	0.0	0.0	0.0	
0.25	0.0	0.0	0.0	0.0	0.0	0.0	0.0	0.0	0.0	0.0	0.5	0.0	0.0	0.0	0.25	0.0	0.0	
0.0	0.0	0.0	0.0	0.0	0.0	0.0	0.07462686567164178	0.029850746268656716	0.0	0.0	0.19402985074626866	0.0	0.208955223880597	0.014925373134328358	0.44776119402985076	0.014925373134328358	0.014925373134328358	
0.0	0.0	0.0	0.06666666666666667	0.0	0.4	0.0	0.0	0.13333333333333333	0.0	0.0	0.0	0.0	0.06666666666666667	0.0	0.2	0.0	0.13333333333333333	
0.018518518518518517	0.0	0.0	0.0	0.0	0.09259259259259259	0.037037037037037035	0.037037037037037035	0.037037037037037035	0.037037037037037035	0.037037037037037035	0.2037037037037037	0.0	0.037037037037037035	0.0	0.14814814814814814	0.16666666666666666	0.14814814814814814	
0.0	0.0	0.0	0.0	0.0	0.0	0.0	0.0	0.0	0.0	0.0	0.0	0.0	0.0	0.0	0.0	0.0	0.0	
0.0	0.0	0.0	0.0	0.0	0.0	0.0	0.0	1.0	0.0	0.0	0.0	0.0	0.0	0.0	0.0	0.0	0.0	
0.0	0.0	0.0	0.0	0.0	0.0	0.0	0.0	1.0	0.0	0.0	0.0	0.0	0.0	0.0	0.0	0.0	0.0	
0.0	0.0	0.0	0.0	0.0	0.3611111111111111	0.0	0.027777777777777776	0.16666666666666666	0.0	0.0	0.027777777777777776	0.0	0.027777777777777776	0.027777777777777776	0.3333333333333333	0.027777777777777776	0.0	
0.0	0.0	0.0	0.0	0.0	0.16666666666666666	0.0	0.16666666666666666	0.0	0.0	0.0	0.0	0.0	0.0	0.0	0.5	0.16666666666666666	0.0	
0.0	0.0	0.0	0.0	0.03125	0.46875	0.0	0.0625	0.0	0.0	0.0	0.375	0.0	0.0	0.0	0.0	0.0625	0.0	
0.0	0.0	0.0	0.0	0.013953488372093023	0.4604651162790698	0.0	0.004651162790697674	0.09767441860465116	0.0	0.0	0.16279069767441862	0.06976744186046512	0.1813953488372093	0.0	0.009302325581395349	0.0	0.0	
0.08333333333333333	0.0	0.0	0.0	0.0	0.08333333333333333	0.0	0.0	0.25	0.08333333333333333	0.0	0.25	0.0	0.25	0.0	0.0	0.0	0.0	
0.0	0.0	0.0	0.0	0.0	0.5882352941176471	0.0	0.11764705882352941	0.11764705882352941	0.0	0.0	0.0	0.0	0.058823529411764705	0.0	0.11764705882352941	0.0	0.0	
