16
18
0.010542168674698794
0.03463855421686747
0.06626506024096386
0.024096385542168676
0.10993975903614457
0.08433734939759036
0.06626506024096386
0.004518072289156626
0.02108433734939759
0.004518072289156626
0.11144578313253012
0.007530120481927711
0.07981927710843373
0.23343373493975902
0.05120481927710843
0.07530120481927711
0.14285714285714285	0.0	0.0	0.0	0.0	0.0	0.0	0.0	0.42857142857142855	0.0	0.0	0.42857142857142855	0.0	0.0	0.0	0.0	0.0	0.0	
0.34782608695652173	0.13043478260869565	0.13043478260869565	0.08695652173913043	0.043478260869565216	0.043478260869565216	0.0	0.08695652173913043	0.0	0.0	0.0	0.0	0.0	0.0	0.0	0.0	0.0	0.13043478260869565	
0.06818181818181818	0.09090909090909091	0.045454545454545456	0.022727272727272728	0.06818181818181818	0.2727272727272727	0.022727272727272728	0.09090909090909091	0.18181818181818182	0.0	0.0	0.022727272727272728	0.0	0.0	0.0	0.0	0.022727272727272728	0.09090909090909091	
0.0	0.0	0.0625	0.0625	0.0625	0.375	0.0	0.0625	0.0	0.0	0.0	0.1875	0.0	0.0625	0.0	0.0625	0.0	0.0625	
0.0136986301369863	0.0	0.0547945205479452	0.0547945205479452	0.0136986301369863	0.0273972602739726	0.0	0.1506849315068493	0.0547945205479452	0.0	0.0	0.0684931506849315	0.0273972602739726	0.1506849315068493	0.0136986301369863	0.273972602739726	0.0410958904109589	0.0547945205479452	
0.0	0.05357142857142857	0.03571428571428571	0.08928571428571429	0.03571428571428571	0.3392857142857143	0.0	0.05357142857142857	0.08928571428571429	0.017857142857142856	0.017857142857142856	0.14285714285714285	0.03571428571428571	0.03571428571428571	0.0	0.0	0.05357142857142857	0.0	
0.022727272727272728	0.045454545454545456	0.0	0.045454545454545456	0.06818181818181818	0.18181818181818182	0.022727272727272728	0.13636363636363635	0.0	0.022727272727272728	0.0	0.022727272727272728	0.0	0.0	0.0	0.18181818181818182	0.13636363636363635	0.11363636363636363	
0.0	0.0	0.0	0.0	0.0	0.0	0.0	0.0	0.0	0.0	0.3333333333333333	0.3333333333333333	0.0	0.3333333333333333	0.0	0.0	0.0	0.0	
0.0	0.0	0.0	0.0	0.0	0.14285714285714285	0.0	0.07142857142857142	0.2857142857142857	0.07142857142857142	0.0	0.2857142857142857	0.0	0.0	0.0	0.0	0.14285714285714285	0.0	
0.0	0.0	0.0	0.0	0.0	0.0	0.0	0.0	0.0	0.3333333333333333	0.3333333333333333	0.3333333333333333	0.0	0.0	0.0	0.0	0.0	0.0	
0.0	0.013513513513513514	0.0	0.0	0.04054054054054054	0.17567567567567569	0.0	0.06756756756756757	0.0	0.02702702702702703	0.0	0.22972972972972974	0.04054054054054054	0.16216216216216217	0.013513513513513514	0.17567567567567569	0.04054054054054054	0.013513513513513514	
0.0	0.0	0.0	0.0	0.0	0.4	0.0	0.0	0.0	0.0	0.0	0.0	0.0	0.2	0.0	0.2	0.0	0.2	
0.0	0.0	0.0	0.0	0.03773584905660377	0.18867924528301888	0.0	0.09433962264150944	0.0	0.0	0.0	0.5849056603773585	0.0	0.03773584905660377	0.0	0.0	0.0	0.05660377358490566	
0.0	0.0	0.0	0.0064516129032258064	0.04516129032258064	0.3032258064516129	0.0064516129032258064	0.01935483870967742	0.03870967741935484	0.0	0.0	0.5096774193548387	0.0064516129032258064	0.0	0.0	0.012903225806451613	0.03870967741935484	0.012903225806451613	
0.0	0.0	0.23529411764705882	0.058823529411764705	0.058823529411764705	0.08823529411764706	0.0	0.029411764705882353	0.058823529411764705	0.058823529411764705	0.0	0.20588235294117646	0.029411764705882353	0.058823529411764705	0.0	0.058823529411764705	0.058823529411764705	0.0	
0.12	0.02	0.38	0.0	0.12	0.22	0.0	0.02	0.04	0.0	0.0	0.0	0.0	0.0	0.0	0.0	0.02	0.06	
