ncols         56
nrows         54
xllcorner     28.264
yllcorner     -5.7719999999999
cellsize      0.25
NODATA_value  -9999
0.09432143 0.08855159 0.06851668 0.07967024 0.0785282 0.06808594 0.09150352 0.07140163 0.1026313 0.08773783 0.09794559 0.09421838 0.1059547 0.07531355 0.07045997 0.07994507 0.09901601 0.1175319 0.1254722 0.14129 0.08371418 0.06469851 0.08751765 0.1111523 0.1096396 0.1031416 0.1332222 0.0962201 0.09966993 0.1089142 0.1278868 0.1672934 0.1457267 0.1423493 0.1064062 0.1008121 0.1112245 0.1338691 0.1063069 0.1066801 0.1071419 0.06519142 0.09344745 0.1076065 0.1561477 0.1499341 0.2194065 0.128257 0.09558625 0.06149852 0.06147803 0.02938019 0.003550002 0.00338934 0.00470898 0.01587452 
0.1224155 0.0892506 0.09022269 0.1082651 0.05811498 0.08251706 0.129604 0.1030733 0.0869301 0.1062339 0.1272696 0.1042832 0.1058063 0.1173421 0.08644801 0.1070463 0.1298572 0.1191993 0.1112155 0.1006992 0.09299765 0.08782705 0.110189 0.1358027 0.1413088 0.1535336 0.154036 0.1442612 0.1319819 0.1193104 0.1058764 0.1546459 0.1363614 0.1161665 0.1244488 0.1120259 0.1517784 0.1584426 0.1179201 0.112235 0.09647229 0.07902577 0.1333956 0.1368783 0.1612012 0.1507141 0.1494495 0.1255272 0.09429293 0.03840167 0.02074333 0.01759901 0.008927519 0.003746015 0.003006863 0.003426088 
0.08770403 0.1029507 0.1243429 0.1089286 0.06156656 0.07272991 0.08738039 0.08099536 0.08450755 0.08350982 0.08875879 0.07611946 0.08944395 0.1179417 0.1260728 0.1219327 0.1461475 0.1353853 0.1326777 0.129226 0.146212 0.1457552 0.1480096 0.1265036 0.1439153 0.1541456 0.1417136 0.1573986 0.1382205 0.1202924 0.0970815 0.1818256 0.2003367 0.2194166 0.1703228 0.1746649 0.169342 0.164779 0.1155148 0.07707946 0.1065116 0.1081709 0.1298162 0.1437536 0.1370114 0.162597 0.1749937 0.1175253 0.08290149 0.02063846 0.02199469 0.01317994 0.00541194 0.003429621 0.003857494 0.0006060223 
0.05558969 0.078041 0.07911433 0.06784688 0.0580514 0.05475536 0.06094953 0.08681947 0.1042043 0.09567429 0.09794194 0.1047131 0.1014916 0.1611454 0.158499 0.1799089 0.1575433 0.1935213 0.1754805 0.1474183 0.1766898 0.1589136 0.1233943 0.1875618 0.2762069 0.1775555 0.1766735 0.1871929 0.1629731 0.1603621 0.1144869 0.18973 0.2264145 0.2360853 0.2065578 0.149903 0.1517652 0.1557572 0.1173181 0.09212022 0.137943 0.1570432 0.1548439 0.1658049 0.1345575 0.1102719 0.101167 0.05169543 0.03759216 0.03498334 0.02240932 0.00825608 0.003611658 0.003672295 0 0.000831157 
0.04565497 0.0595536 0.06627891 0.07280844 0.07106412 0.08942197 0.06910957 0.09627572 0.1326342 0.1583779 0.1681694 0.1493393 0.1282111 0.1428302 0.173414 0.2004727 0.2264331 0.2039968 0.1851266 0.1995611 0.2046104 0.2115094 0.1489356 0.1624203 0.1376801 0.142685 0.1309785 0.1788787 0.1879918 0.1062395 0.1222604 0.1820356 0.1894067 0.2138723 0.1865309 0.1464305 0.1566313 0.1325395 0.09288703 0.08106738 0.1417382 0.1990663 0.1895431 0.1702952 0.09657072 0.05644991 0.04887011 0.03041581 0.03466554 0.0256437 0.02106302 0.003015433 0.001321609 0 0 0 
0.07445964 0.06558511 0.05986509 0.09998853 0.1019775 0.08941673 0.06884427 0.08107439 0.07447766 0.1243464 0.1460955 0.1112289 0.1158769 0.1442475 0.2012905 0.2492778 0.2421652 0.179294 0.2089425 0.2094851 0.1756463 0.163599 0.1995058 0.1711018 0.1709078 0.1351669 0.1376371 0.146344 0.1365849 0.09591517 0.1041828 0.1878445 0.1883385 0.1686155 0.1562077 0.1397405 0.1427339 0.1124408 0.04013059 0.08793828 0.1482127 0.1996774 0.1863989 0.1487698 0.1682785 0.09599382 0.06958855 0.04201682 0.02824469 0.02615827 0.008487713 0 0 0 0 0 
0.05355157 0.06337295 0.07335259 0.09191415 0.07019242 0.07543682 0.06256546 0.08453592 0.07202683 0.08682271 0.127114 0.1089915 0.193356 0.1365349 0.1292348 0.2190675 0.2216911 0.1757144 0.1819544 0.1386624 0.1534917 0.1548493 0.1848722 0.1664841 0.1468592 0.1425056 0.1109796 0.1190557 0.1022583 0.1155148 0.1311782 0.1385207 0.1748913 0.2271218 0.1467689 0.1334384 0.1216688 0.0620272 0.06439431 0.09900376 0.1265849 0.1312194 0.1336672 0.1170848 0.107565 0.100999 0.1065352 0.05839479 0.05099445 0.02146952 0.01705096 0 0 0 0 0 
0.06294781 0.06259394 0.06179374 0.049486 0.05515032 0.1052412 0.07998437 0.09259702 0.08621128 0.1305581 0.1732845 0.2051007 0.270937 0.2216709 0.1483575 0.1857263 0.2118701 0.1883487 0.1343281 0.08623504 0.1285319 0.1287817 0.1421088 0.1598812 0.1463733 0.1350537 0.1057005 0.0910115 0.1040744 0.1251625 0.1123477 0.1228045 0.1322311 0.1397357 0.07912999 0.1311187 0.1575412 0.09459981 0.1127869 0.08713879 0.1180516 0.07475907 0.1219306 0.1232679 0.08959127 0.05368342 0.05427199 0.06399813 0.05796702 0.03037192 0.02495917 0.008821397 0 0 0 0 
0.06636179 0.06130301 0.05591188 0.06308568 0.05770495 0.08095222 0.1170685 0.1287896 0.1429745 0.1470755 0.1720928 0.2342966 0.2230366 0.1548031 0.1767834 0.2066153 0.2504177 0.1764235 0.1113114 0.1035443 0.1085718 0.09019403 0.1073771 0.1246123 0.1285928 0.1174955 0.1075549 0.1135671 0.1176727 0.1465627 0.1238269 0.1542294 0.1601955 0.1346008 0.1339965 0.09728236 0.08949403 0.07584094 0.08132955 0.07033529 0.08989771 0.09263794 0.1379821 0.1328009 0.1071916 0.07105321 0.05601303 0.04319036 0.03706204 0.02560605 0.01659779 0.008950663 6.487712e-005 7.307855e-005 0 0 
0.06331252 0.07348944 0.06632207 0.05617856 0.05346875 0.0701627 0.08819778 0.1430062 0.1850239 0.1503525 0.1496556 0.1990722 0.1923728 0.1570053 0.1780912 0.2165198 0.2197282 0.1574789 0.1096917 0.1581073 0.1127487 0.05653634 0.1185265 0.1333103 0.1244137 0.1337078 0.1229722 0.09842997 0.08821815 0.1168211 0.1405544 0.180301 0.1587093 0.1868604 0.201816 0.1174995 0.102946 0.08777684 0.07060934 0.0472418 0.08451129 0.102454 0.0920046 0.08494119 0.06066824 0.03922111 0.03325851 0.03436908 0.02037566 0.01055234 0.007311182 0 0 0.007341745 0.0003893599 0.003167443 
0.07142638 0.0551654 0.07114834 0.06954374 0.07494683 0.0886601 0.107087 0.156782 0.1409995 0.1297813 0.1583469 0.2374421 0.2811538 0.2072129 0.1890473 0.2046885 0.1529164 0.1523433 0.1847894 0.1601976 0.09757276 0.08130244 0.0838879 0.08097764 0.07911465 0.106596 0.1044154 0.06538068 0.07536983 0.08984621 0.1108208 0.1310856 0.1380598 0.146729 0.1329144 0.07085192 0.07692602 0.05060361 0.05192792 0.05465848 0.09225403 0.146888 0.08410959 0.06536587 0.04830702 0.02657116 0.02910306 0.01241131 0.00309485 0.005839087 0.005648053 0.0004221269 0 0.004036757 0.00174135 0.004194226 
0.0671839 0.0556923 0.05901396 0.09013333 0.1017533 0.1218526 0.1216699 0.09449029 0.08505481 0.09656245 0.1430137 0.2241781 0.2577153 0.2510449 0.1637879 0.1830284 0.2291518 0.2605121 0.2696996 0.2287966 0.1744926 0.1416634 0.1388994 0.05778586 0.08233378 0.09266448 0.09845356 0.08622723 0.1005778 0.09426225 0.0937781 0.134365 0.144245 0.1635174 0.09145898 0.07614525 0.05316307 0.05347455 0.05206574 0.06686267 0.06192944 0.08438585 0.07715043 0.05170348 0.04421179 0.04095375 0.03036039 0.01251039 0.005149741 0.002099692 0.004826765 0.002980119 0.01030753 0.00105146 0.001242425 0.003047573 
0.06682416 0.07407581 0.06796277 0.0991653 0.07679778 0.1314206 0.1423482 0.1060932 0.09037162 0.1448598 0.1825731 0.3015265 0.349443 0.3411981 0.2487227 0.2330125 0.3299446 0.2955719 0.2269927 0.1975456 0.1690619 0.1075232 0.08643108 0.07214317 0.080446 0.1095207 0.1256716 0.09353275 0.06578456 0.0751954 0.08978355 0.136776 0.1106631 0.09312356 0.03495507 0.05791555 0.06939042 0.05987223 0.05193349 0.05569818 0.06667887 0.06320616 0.04427831 0.0431414 0.04386213 0.04576189 0.03598831 0.009919755 0.003909435 0.003745361 0.0048307 0.0007603411 0.0006069039 0.004684091 0.009198624 0.0005368954 
0.07133576 0.09661128 0.0962955 0.09327479 0.07210097 0.1110088 0.12313 0.1117321 0.1105481 0.1371312 0.1516684 0.2423028 0.3455038 0.2968739 0.2646828 0.3565392 0.3750682 0.3681787 0.2072976 0.2097638 0.2990959 0.2115624 0.1251677 0.0952014 0.08432756 0.08182645 0.08830678 0.0732584 0.07844902 0.08863898 0.05755064 0.1190492 0.07648723 0.09221536 0.02996469 0.1042076 0.05959358 0.0480843 0.07566598 0.09081606 0.04900374 0.0359038 0.02534091 0.02026812 0.02510744 0.03696846 0.03194614 0.004220825 0.00541838 0.003088349 0.0071487 0.0007764783 0.0005477049 0.0004921298 0.0004530425 0.0004418314 
0.07271102 0.09063373 0.08043506 0.1066812 0.07891597 0.08988924 0.1042992 0.1217622 0.1111374 0.19964 0.1288323 0.1959621 0.3157832 0.2632984 0.2306825 0.2822542 0.3528173 0.3867101 0.3132754 0.2736433 0.3175855 0.2619157 0.2235009 0.1204894 0.07830469 0.04951993 0.0533313 0.04199916 0.07003991 0.05116121 0.04135123 0.03384284 0.03015104 0.03352623 0.04627179 0.06825954 0.04166922 0.03992164 0.07151292 0.06484196 0.03793184 0.03375166 0.02394799 0.01575341 0.01861484 0.03961237 0.02337103 0.01131315 0.004483057 0.001518356 0.005233899 0.0005918878 0.000513406 0.0005205266 0.0005986615 0.005658084 
0.05568882 0.1024043 0.1159794 0.1209378 0.138754 0.1187254 0.136282 0.1541777 0.1450239 0.2001615 0.1630934 0.2277611 0.2146893 0.1595602 0.1784324 0.2866225 0.2959766 0.2897996 0.2366545 0.2704046 0.2127486 0.2105165 0.1387602 0.1028681 0.08189905 0.06129718 0.06096179 0.1065637 0.108223 0.09960014 0.07544938 0.09586666 0.05889745 0.05984859 0.06770309 0.03630284 0.03550435 0.04929174 0.09432901 0.0884879 0.05667464 0.05015051 0.03843329 0.03293181 0.03149202 0.03079903 0.02536031 0.007843483 0.01190384 0.001417959 0.00114962 0.0007002109 0.0004830819 0.0004243113 0.0003859499 0.0003211707 
0.07133487 0.1167503 0.117306 0.1463863 0.1890385 0.1991932 0.1941553 0.1918477 0.1859205 0.1679786 0.1418261 0.1508135 0.1899936 0.1272829 0.1548976 0.2181187 0.2921528 0.2528196 0.1816872 0.2641267 0.2298245 0.2141934 0.1345115 0.1129782 0.07741562 0.0849153 0.07535253 0.1120983 0.1071801 0.1035885 0.07741018 0.08191767 0.06650004 0.0557835 0.05180971 0.0290049 0.07042006 0.07736138 0.0763314 0.03952247 0.03215528 0.02169695 0.03646629 0.03338572 0.02189306 0.009793426 0.01005711 0.0217703 0.007535046 0.001174442 0.001122291 0.0005125291 0.01132923 0.01083862 0.0003463848 0.002346598 
0.08984488 0.1216741 0.1414101 0.1529345 0.1408892 0.1440456 0.1543016 0.1790797 0.1798009 0.1600249 0.133703 0.1601576 0.2045943 0.2445251 0.2422207 0.1927549 0.2058811 0.1726871 0.1778466 0.2290898 0.2069403 0.2369327 0.1642659 0.1016909 0.07327329 0.08094119 0.07876403 0.11071 0.09754112 0.08520032 0.09801328 0.110842 0.08615393 0.06041459 0.05685829 0.05636973 0.1056733 0.1032953 0.09714995 0.04198106 0.03078099 0.01036358 0.02655623 0.007941738 0.004899572 0.003268453 0.004787079 0.001550464 0.001262581 0.001057543 0.0009465862 0.00045871 0.0004689538 0.0003454526 0.002025252 0.0006287401 
0.1639697 0.1508739 0.1880371 0.1399782 0.1589692 0.1161548 0.1380166 0.1180389 0.1477336 0.1502271 0.1261054 0.1964043 0.2459643 0.2467836 0.291454 0.2469722 0.2230721 0.1688638 0.1988557 0.19809 0.1960544 0.1736974 0.1660577 0.1134837 0.09011862 0.08542265 0.06462211 0.08645343 0.09020545 0.07673642 0.07852545 0.07813703 0.08058792 0.08988513 0.08902951 0.05485918 0.07738889 0.07777564 0.09872214 0.03765881 0.03582049 0.01026836 0.01116626 0.01956388 0.007681179 0.001948719 0.001674902 0.001399228 0.01505392 0.01241722 0.001036318 0.0008524571 0.004409612 0.006734427 0.002098833 0.0002225968 
0.1899176 0.22882 0.1906287 0.1682984 0.1400001 0.1045302 0.09244955 0.126014 0.15074 0.1469971 0.1429405 0.1315141 0.1357126 0.2216363 0.310708 0.2700352 0.1914548 0.1458809 0.1621339 0.1547201 0.1814488 0.1875292 0.1600455 0.1961201 0.1155322 0.1017881 0.07441844 0.09653919 0.09306957 0.08455651 0.0877931 0.08069718 0.07211258 0.09447116 0.1593698 0.1511773 0.08334401 0.0564521 0.04628162 0.04994712 0.02117101 0.01856726 0.02177404 0.0156125 0.008348731 0.006713348 0.005749816 0.004130093 0.004310752 0.004287452 0.003931109 0.003757079 0.007624483 0.005540042 0.003009011 0.008679381 
0.1213599 0.1474347 0.1458167 0.1407771 0.1036933 0.0937139 0.1129148 0.1731237 0.1671817 0.1274451 0.1403208 0.1380968 0.1420775 0.1788596 0.2245093 0.1923739 0.1419917 0.200318 0.1629182 0.2005794 0.2178594 0.224617 0.2050471 0.2694762 0.1325045 0.08145004 0.09602606 0.1204349 0.1271675 0.1236513 0.09866701 0.08680005 0.0939552 0.167052 0.2274198 0.09722903 0.05856172 0.03183495 0.02161378 0.02229887 0.03940604 0.02758423 0.01507846 0.01031021 0.008512257 0.00683938 0.00612786 0.005328522 0.007121504 0.005617671 0.004999121 0.005070316 0.01208984 0.0223066 0.004629788 0.007395382 
0.1162296 0.1263172 0.106702 0.1413692 0.1055498 0.1123848 0.1391748 0.182086 0.1389443 0.09663719 0.08780055 0.08729847 0.08723993 0.1015634 0.148898 0.1140771 0.09938068 0.1445373 0.1230523 0.2102347 0.2042754 0.2056632 0.169185 0.2105317 0.1338823 0.1068175 0.1178618 0.1551413 0.172723 0.1649703 0.1063711 0.07578438 0.1191793 0.1483867 0.1198668 0.06104607 0.0304992 0.02245802 0.02232114 0.03294458 0.04002703 0.03067108 0.0153444 0.01140318 0.009473491 0.007724338 0.00700529 0.006536879 0.009497669 0.006926781 0.005644847 0.006682106 0.009174979 0.01247344 0.008270722 0.004602056 
0.1408816 0.1165457 0.1436183 0.1241845 0.1163099 0.0956012 0.1054222 0.1321301 0.1065627 0.07186972 0.04150407 0.05583533 0.06741163 0.08254615 0.1232132 0.08186705 0.09776033 0.1053483 0.09773088 0.1400109 0.1831853 0.2358029 0.2177277 0.2017122 0.130124 0.1781585 0.1645146 0.1496633 0.1612873 0.1760333 0.1221203 0.06887654 0.09548068 0.1369838 0.135781 0.04279814 0.03257502 0.02436477 0.0220419 0.02069114 0.02819587 0.03244888 0.01642178 0.01251928 0.01041662 0.008589821 0.008250791 0.01029353 0.007987157 0.007249978 0.007967758 0.008462418 0.007635418 0.007166102 0.01123903 0.01091975 
0.1243039 0.09721193 0.1000497 0.09065402 0.0558149 0.06558213 0.09331382 0.1040411 0.0733432 0.04491381 0.05011111 0.06527996 0.05572571 0.06566016 0.08501194 0.1134657 0.1249897 0.1012405 0.09112075 0.1358829 0.1771035 0.1879904 0.1593065 0.1925155 0.2055486 0.2123497 0.178297 0.1587557 0.1623184 0.1303291 0.09050719 0.07761661 0.09656912 0.1938557 0.179371 0.07607798 0.0335625 0.02864324 0.02474464 0.02830516 0.02148238 0.02077491 0.01872811 0.01136956 0.009754244 0.008297369 0.007866163 0.007476165 0.007647459 0.007918303 0.007755568 0.0101961 0.009998715 0.008880176 0.00778681 0.006913058 
0.1403992 0.0801379 0.06748058 0.0510851 0.03862195 0.0508776 0.09559968 0.06360908 0.04006061 0.04644877 0.05890115 0.07449083 0.07022347 0.07074977 0.1055975 0.08646685 0.06441512 0.06765144 0.08454479 0.09932835 0.09250526 0.1259975 0.1482714 0.1395449 0.1696914 0.177442 0.1998199 0.1865572 0.1710151 0.1384367 0.1214001 0.08231121 0.1161817 0.1907485 0.1472122 0.07728738 0.03280681 0.02830868 0.02103483 0.02169392 0.02195857 0.02135856 0.01931758 0.01231363 0.01054834 0.009011978 0.008552609 0.008232991 0.008368396 0.008650789 0.008504651 0.01138799 0.01072277 0.01019501 0.01043385 0.009164168 
0.1349647 0.08478875 0.0483053 0.05009967 0.06412079 0.06131265 0.06662294 0.03549128 0.03871998 0.04824848 0.05918938 0.08785451 0.0695012 0.08408821 0.1019455 0.07330192 0.09368333 0.08787038 0.08091593 0.07335451 0.07658646 0.0812648 0.1072688 0.1415443 0.2264471 0.2560555 0.2132875 0.230569 0.2193668 0.1886165 0.131838 0.08958438 0.1992106 0.2326536 0.2027804 0.0902178 0.04402088 0.02115424 0.01859893 0.02114028 0.02170824 0.02118172 0.01918337 0.01254761 0.01077062 0.009232848 0.01880692 0.02814725 0.008741176 0.01041371 0.01422513 0.01263857 0.01165767 0.01405573 0.02839323 0.009672541 
0.1435528 0.1111226 0.0903255 0.05498773 0.07445069 0.1198932 0.09974112 0.05871188 0.03512562 0.06168021 0.0838983 0.08122472 0.05510951 0.04139937 0.07965057 0.06434789 0.06337678 0.08596779 0.08330222 0.08461671 0.08693354 0.07278934 0.0966185 0.1279575 0.1858484 0.2186808 0.1587287 0.2306168 0.2099122 0.1374248 0.1702193 0.132277 0.1837884 0.1813839 0.1194009 0.05504324 0.05856615 0.02174484 0.02027606 0.02300547 0.021343 0.02076122 0.01892509 0.01366924 0.01187673 0.009481281 0.01098144 0.0236096 0.009138926 0.009533135 0.00964303 0.02466135 0.02715701 0.01227113 0.01739782 0.010989 
0.1088409 0.1033815 0.0986844 0.08637008 0.07872758 0.1235413 0.08471 0.04448953 0.05202573 0.07615394 0.06271397 0.09676703 0.09591628 0.09039616 0.100862 0.09100954 0.09517723 0.1346207 0.1232153 0.1187977 0.1505478 0.1043833 0.07641432 0.1094661 0.1312877 0.1690249 0.1763528 0.1897611 0.1889601 0.1578982 0.170872 0.1620311 0.1775062 0.1113443 0.07397789 0.04484074 0.06643477 0.03942993 0.02770155 0.02141275 0.02525587 0.02218801 0.01989106 0.01143858 0.01008274 0.009404492 0.008551653 0.008807117 0.009075308 0.009639148 0.009948676 0.01625744 0.02037066 0.03398465 0.01959496 0.01295308 
0.1224221 0.1358168 0.1358712 0.0987724 0.098189 0.1124817 0.08697955 0.04840356 0.04414579 0.06029605 0.06320066 0.09456131 0.1153417 0.1425327 0.129838 0.1257016 0.1100517 0.1051295 0.108689 0.09986769 0.1309604 0.1066367 0.1059278 0.1273001 0.1365212 0.1576383 0.2023403 0.2511382 0.2202659 0.1626733 0.1615976 0.1595347 0.1526186 0.1237027 0.06343765 0.05123303 0.0572586 0.05095392 0.03422917 0.02346735 0.02016725 0.01976928 0.0179499 0.01089786 0.00989978 0.0103323 0.0101929 0.008803708 0.009893216 0.009969364 0.01041324 0.02646613 0.02602073 0.01876621 0.03835302 0.01406938 
0.1358913 0.1683291 0.1461342 0.08069286 0.08431574 0.06902438 0.05352524 0.0288994 0.04476423 0.07989154 0.09984225 0.1156938 0.1197733 0.133865 0.1011517 0.1120649 0.08908822 0.0964542 0.09146269 0.0823466 0.075376 0.07989988 0.09875303 0.1598769 0.179243 0.1729806 0.2271295 0.2269414 0.1764916 0.1559402 0.1512192 0.1539569 0.171971 0.1464515 0.1097023 0.07698748 0.06593528 0.0720788 0.05282351 0.03174515 0.01893369 0.0181155 0.01658692 0.01002694 0.008883454 0.007997341 0.008365474 0.009822828 0.01108204 0.01078682 0.01125172 0.01532312 0.04792543 0.05435375 0.04782854 0.03166279 
0.1924475 0.1528784 0.1076786 0.07358573 0.05045616 0.03293096 0.02485956 0.02154554 0.06061038 0.09659784 0.09308597 0.08801378 0.07856149 0.07012853 0.0841324 0.09440232 0.09785598 0.1109422 0.07411531 0.07875711 0.1084143 0.08305007 0.08239058 0.1258585 0.1447037 0.1517339 0.1991827 0.178104 0.2080856 0.1876757 0.1519295 0.1725681 0.1755527 0.1233809 0.1494482 0.0928908 0.08657183 0.05103986 0.04098605 0.01867581 0.01747464 0.01636276 0.01525904 0.009329038 0.008449685 0.007872273 0.008271964 0.009603976 0.01041735 0.01173719 0.0127116 0.03960145 0.104942 0.1005342 0.07717875 0.06109125 
0.1259379 0.1066671 0.07731918 0.04901961 0.03224375 0.03262444 0.03244529 0.04363214 0.06002496 0.06524437 0.07286493 0.09771466 0.1044333 0.07965966 0.06798481 0.09016752 0.09079162 0.09037762 0.09607594 0.1084049 0.1073873 0.09148587 0.06729878 0.07252261 0.1039262 0.09561834 0.1114822 0.1377345 0.1718609 0.1725239 0.1457904 0.1592599 0.1509458 0.125237 0.08999203 0.07705302 0.08401983 0.03733571 0.0303826 0.01712272 0.01590633 0.0142269 0.0134826 0.007920546 0.007495017 0.007326063 0.007928121 0.01052832 0.01200185 0.02383925 0.01545759 0.07717425 0.1430715 0.122049 0.06271151 0.03612182 
0.1363934 0.1088611 0.07416827 0.04076611 0.04533541 0.03362367 0.03364465 0.04957321 0.05516129 0.0478884 0.03565789 0.07843223 0.07417687 0.05751493 0.0632162 0.1283251 0.1300173 0.1241988 0.100095 0.1163098 0.1179715 0.1057309 0.07996242 0.06184814 0.07244311 0.09059361 0.0940673 0.1056753 0.1475703 0.1622379 0.1408758 0.1177401 0.1055863 0.1068802 0.05519907 0.04023591 0.037659 0.02787873 0.02283415 0.01593105 0.01469852 0.01278532 0.01224244 0.007352838 0.007142016 0.00722451 0.008107443 0.01122414 0.01704875 0.0467026 0.03868668 0.09200748 0.1515186 0.1002581 0.05733797 0.04401706 
0.121009 0.1035192 0.07454871 0.06407076 0.04987132 0.03338674 0.04189569 0.04773333 0.05837971 0.03619128 0.0156157 0.04846264 0.0647929 0.05433507 0.06920592 0.1205909 0.1239759 0.1194721 0.09925225 0.1066337 0.1356745 0.107451 0.06458055 0.04649278 0.05196586 0.09441164 0.09966132 0.1100233 0.09955689 0.1287359 0.1180571 0.09560625 0.08600363 0.06577928 0.06324266 0.04717575 0.04103261 0.02394231 0.02166462 0.01498674 0.01368729 0.01195258 0.01159483 0.007262872 0.00742283 0.007915154 0.009065134 0.01304422 0.01877132 0.03163891 0.03093703 0.06010115 0.07049501 0.05009173 0.05579057 0.04386595 
0.1254008 0.1052826 0.08255465 0.06021443 0.05835073 0.05023141 0.03923344 0.04624772 0.05104669 0.03251273 0.02413889 0.06371851 0.07261463 0.05088215 0.06837685 0.08511323 0.1125072 0.124786 0.1077898 0.1279974 0.1418427 0.09450398 0.05796086 0.0460192 0.06269331 0.1036529 0.1162119 0.1021951 0.0908994 0.07829957 0.06799216 0.0775246 0.08988532 0.05010591 0.05515407 0.05471828 0.03452898 0.0262734 0.02100994 0.01437064 0.01385155 0.01165191 0.011606 0.007559648 0.008169802 0.009012079 0.01057147 0.01571531 0.01842268 0.02460879 0.03218687 0.04152626 0.04699919 0.06225198 0.04117838 0.03862892 
0.1451281 0.1284578 0.1035405 0.1147672 0.09106663 0.08784026 0.06901638 0.07039572 0.08460449 0.07011931 0.05876021 0.05023497 0.04531592 0.04895525 0.05038634 0.07874485 0.1004862 0.1137985 0.1054933 0.1151025 0.1276629 0.07315001 0.059071 0.04146331 0.07170475 0.08657528 0.09401914 0.08523995 0.08047077 0.05787685 0.06351999 0.06277958 0.04848222 0.04849013 0.04910926 0.04559318 0.02667667 0.01870204 0.01624639 0.00990763 0.008230679 0.006509064 0.008205422 0.009286953 0.01080268 0.01228072 0.01458147 0.02061636 0.0240432 0.02689548 0.02935456 0.03091421 0.05372513 0.07819295 0.08134628 0.0420067 
0.1791201 0.1054424 0.07096315 0.1036131 0.08778714 0.08424609 0.0837313 0.06494309 0.07138122 0.05209176 0.05597637 0.05522246 0.04176912 0.05263922 0.05390748 0.08457117 0.09088422 0.08834398 0.09236102 0.1000488 0.09872141 0.05855799 0.04047152 0.06316536 0.08158159 0.0959241 0.08917504 0.1203641 0.0571918 0.05101833 0.04668015 0.03734646 0.03103932 0.05089698 0.03922764 0.0362746 0.03576213 0.02035594 0.0179293 0.01509034 0.007853689 0.006568611 0.008507898 0.009672206 0.01136224 0.0132018 0.01637216 0.02336197 0.02719387 0.03024946 0.03210206 0.0327507 0.04096989 0.06706895 0.08455098 0.06745637 
0.157242 0.09940115 0.05756933 0.06868038 0.06385396 0.06699295 0.06615182 0.08037689 0.06812422 0.04400392 0.04476381 0.04597785 0.04607654 0.05245483 0.06802201 0.08574019 0.07990193 0.08671702 0.09878176 0.0833086 0.0715218 0.04802255 0.04135042 0.0737254 0.09234045 0.1127975 0.08969002 0.1129808 0.05710488 0.07065127 0.04021696 0.02851077 0.023408 0.02617287 0.02913771 0.03002756 0.02501361 0.02294941 0.01927164 0.01910571 0.01527759 0.01579035 0.01137223 0.00988563 0.0119873 0.01418787 0.01891681 0.02630625 0.03015953 0.03309367 0.03484382 0.05755039 0.03654964 0.05167514 0.05592674 0.01839568 
0.1478773 0.1052025 0.047721 0.08159106 0.06306992 0.06148443 0.0501263 0.05712203 0.04486224 0.03948349 0.0535724 0.0401383 0.03950329 0.04816089 0.0706355 0.08651787 0.09424899 0.08535922 0.08698432 0.05560786 0.04898394 0.04265297 0.02879228 0.04661196 0.06062137 0.041084 0.04621496 0.07177287 0.05054228 0.03735314 0.02536334 0.02070926 0.021007 0.02281529 0.02207406 0.01629975 0.01906843 0.01446611 0.01387467 0.01706343 0.01444955 0.008616278 0.01191585 0.01170504 0.01319539 0.01574407 0.01811237 0.02857154 0.03258961 0.03489927 0.03725507 0.04143301 0.05644811 0.040752 0.03018726 0.01585305 
0.1632489 0.09492532 0.05261973 0.08521824 0.0759818 0.05841055 0.0464448 0.04732104 0.04248124 0.05939817 0.04759975 0.04787345 0.04815015 0.03297293 0.0705487 0.09770704 0.1115317 0.1170693 0.06616876 0.06185066 0.04228121 0.03143 0.02478043 0.02715384 0.02699508 0.02709326 0.03735859 0.0413547 0.04693237 0.01800603 0.00784405 0.0138237 0.01184075 0.01257718 0.01221653 0.009560858 0.009441743 0.009049561 0.008510057 0.007309619 0.007095015 0.004886509 0.006242577 0.01484952 0.01857808 0.02258727 0.02781106 0.03469002 0.0390212 0.05457263 0.03984842 0.0380821 0.05226643 0.04897448 0.03460432 0.01390706 
0.1754534 0.07142449 0.04322367 0.07484453 0.0726593 0.05408446 0.04838239 0.05142013 0.07428207 0.04939676 0.05653521 0.05515877 0.06903942 0.08387049 0.1043824 0.09933851 0.0947348 0.1021902 0.06453007 0.03560049 0.04888019 0.02839139 0.03344708 0.02316316 0.03468057 0.04383893 0.03969963 0.03095112 0.02908017 0.01141836 0.005947294 0.00895958 0.00934709 0.008621105 0.008672407 0.007516559 0.006828044 0.00628417 0.006043043 0.007866869 0.006892675 0.005171563 0.006758315 0.01615883 0.02094059 0.02494193 0.03036571 0.03534734 0.05545129 0.04007927 0.06734419 0.0402197 0.03294284 0.03683333 0.03229345 0.02186334 
0.1727699 0.07009372 0.03559285 0.05299507 0.05597975 0.06595685 0.05003808 0.05352577 0.05319686 0.05644419 0.04623888 0.03806743 0.04447699 0.04497865 0.05585934 0.07706517 0.09801428 0.08770229 0.06886739 0.03053281 0.02404976 0.02692568 0.03289605 0.02215013 0.06075988 0.05913563 0.03257426 0.02713847 0.02380359 0.01057685 0.005078193 0.008194208 0.007268691 0.007634426 0.007704525 0.005893258 0.005149171 0.004919233 0.005619724 0.005186323 0.003537027 0.003078299 0.007857473 0.01813183 0.02372903 0.02862353 0.03326795 0.05070459 0.0633228 0.05542171 0.08120677 0.04275121 0.0287347 0.04466671 0.0473127 0.02411219 
0.122688 0.05369426 0.02542351 0.04357919 0.05987549 0.05802672 0.05822098 0.05903468 0.05931255 0.0620516 0.0550988 0.04573803 0.04003978 0.03937441 0.03563157 0.0345096 0.04889451 0.0604015 0.07063328 0.02379358 0.02554803 0.02039246 0.02422779 0.01999214 0.03740298 0.0284324 0.01613947 0.01702244 0.02086075 0.01392878 0.01415505 0.006084822 0.006877406 0.006909402 0.007158739 0.006130532 0.01601591 0.004193678 0.004653723 0.006076991 0.003947904 0.005131805 0.009759595 0.02174323 0.02642679 0.03891194 0.04225251 0.04844534 0.04115518 0.05460405 0.0627666 0.03488455 0.02860525 0.04155786 0.05283957 0.02529242 
0.1287687 0.07152001 0.02053118 0.02930779 0.05253533 0.04536612 0.031288 0.04314832 0.02741908 0.04677665 0.0305792 0.02749195 0.02524745 0.01740303 0.01489138 0.01964669 0.02162738 0.0242188 0.01636371 0.02755002 0.03610676 0.02987476 0.02258902 0.05005413 0.06703646 0.05437209 0.0273566 0.01877833 0.004687634 0.002679866 0.001809622 0.001423468 0.001848617 0.002861698 0.002264654 0.007448993 0.05515531 0.001972188 0.002079623 0.005233811 0.003906962 0.008113975 0.01559334 0.03719834 0.04615916 0.04996531 0.04835036 0.04274104 0.04478094 0.04401101 0.03228308 0.02697179 0.03307076 0.02706498 0.03570792 0.01229839 
0.1305316 0.0956223 0.02943124 0.02188129 0.0454523 0.02242394 0.02893467 0.05671793 0.02712098 0.03415852 0.02874005 0.02175375 0.03065646 0.02586599 0.02545583 0.02332431 0.02874152 0.0253616 0.01542963 0.01808553 0.02419004 0.01537245 0.02291596 0.05548047 0.08346108 0.05417568 0.03956169 0.01401898 0.001260033 0.0008830085 0.003500672 0.0006932684 0.001711089 0.001357985 0.001171877 0.003238982 0.00509966 0.002189959 0.001824984 0.003909606 0.005456233 0.009979143 0.01786734 0.0438599 0.06147447 0.04882242 0.05091399 0.05568543 0.0690987 0.03965631 0.03822378 0.03187446 0.03917606 0.04419555 0.03099526 0.01495968 
0.07655589 0.03357424 0.0166905 0.01275817 0.01305834 0.01915428 0.02935093 0.05414169 0.06712347 0.02423973 0.02263221 0.02648681 0.03262657 0.03020513 0.03167325 0.02335628 0.0152477 0.01539821 0.01595063 0.02042166 0.0142485 0.01423132 0.0113033 0.01570428 0.02285393 0.0308502 0.02685544 0.01745736 0.001948457 0.0003875922 0.01105274 0.0003056493 0.001014626 0.000349461 0.0006223604 0.0009216111 0.001169133 0.001868365 0.002388021 0.007021237 0.009816743 0.01426945 0.02010882 0.04740899 0.05741693 0.06333665 0.0662457 0.06948469 0.09726552 0.06432097 0.05868541 0.03387062 0.04492432 0.03031104 0.02437207 0.007056451 
0.03378484 0.01722504 0.01197819 0.01224456 0.008585045 0.01255615 0.02507582 0.05667793 0.03940472 0.01380283 0.05000305 0.0578001 0.03098821 0.01214309 0.0101787 0.008165518 0.01304348 0.01335179 0.0214154 0.02279691 0.02151677 0.01199749 0.005983207 0.005590052 0.005311951 0.01733673 0.04747124 0.03727347 0.002532539 0.001093045 0.0002887421 0.0003460063 0.0006831833 0.0001137542 0.0003283946 0.001022049 0.002239906 0.002183138 0.003797182 0.008811532 0.01250711 0.01773784 0.02283435 0.06163733 0.05398823 0.05772072 0.05766853 0.07707972 0.05316598 0.05688219 0.06654336 0.05228731 0.0483123 0.04963222 0.02707265 0.007217742 
0.03409357 0.04565655 0.003996077 0.006247542 0.005146402 0.01541423 0.02503548 0.02879535 0.01730693 0.01259118 0.03662682 0.03670822 0.01873826 0.01214517 0.01961864 0.01487176 0.01687669 0.01343045 0.01523748 0.01302768 0.009410247 0.00711856 0.006399632 0.005745382 0.01181849 0.00883013 0.03180107 0.03503601 0.004079883 6.378467e-005 5.040335e-005 8.035152e-006 4.986994e-006 0.0003114044 1.553859e-005 0.003166508 0.004987395 0.003467425 0.006201966 0.0166596 0.02305489 0.02080338 0.02680033 0.04745287 0.05326828 0.04946592 0.05098978 0.04776733 0.05508345 0.04384496 0.05248122 0.03185484 0.03435484 0.02762097 0.01891129 0.01451613 
0.03518659 0.022901 0.004053042 0.007534247 0.005116378 0.007694914 0.009626799 0.01176061 0.01279184 0.01475496 0.01789057 0.01773256 0.01225146 0.007078861 0.02128912 0.02081213 0.01100369 0.01030045 0.008808644 0.01412554 0.01233292 0.01039231 0.007778052 0.006526664 0.003925629 0.002004709 0.003413252 0.0006155386 0.0002616475 3.082179e-005 5.838508e-005 0.0008137761 0.001310029 6.291754e-006 1.621879e-005 0.001475624 0.003061823 0.004733459 0.007137782 0.01361917 0.02810758 0.02707414 0.03269191 0.06044642 0.0715849 0.07096146 0.07559387 0.04752177 0.05381572 0.05028647 0.05412035 0.01556451 0.04725807 0.02625 0.01737903 0.0178629 
0.030699 0.007669623 0.005620458 0.003343649 0.001396107 0.004405269 0.00608155 0.008517956 0.009155571 0.0114608 0.006325264 0.006745028 0.00905839 0.009109901 0.02042246 0.01340456 0.004877213 0.005148487 0.0039294 0.004912075 0.007874725 0.007884855 0.005387395 0.002157845 0.002233576 0.001127663 0.0009791326 0.0006289955 5.041617e-005 1.386763e-005 1.038617e-005 1.536173e-006 7.694672e-007 6.637904e-006 0.000108605 0.00275982 0.004167303 0.005781831 0.008089174 0.01471014 0.04621926 0.03235482 0.03820734 0.04640992 0.06671447 0.0838452 0.08620206 0.04891017 0.04500526 0.04999207 0.05591467 0.01540323 0.02927419 0.01826613 0.01379032 0.02766129 
0.02677044 0.01320087 0.006293482 0.001862317 0.007173485 0.01031781 0.00973819 0.02865581 0.01457345 0.004618721 0.00834024 0.008990146 0.01146132 0.006577827 0.006820623 0.008132876 0.004045016 0.00435606 0.004294372 0.007323289 0.006932609 0.006393664 0.00396381 0.004252949 0.002876827 0.001703298 0.002084982 0.0003777525 0.002311721 1.293279e-005 1.004553e-005 1.577959e-006 9.343099e-007 8.512281e-006 0.001213574 0.004270746 0.004853859 0.006258841 0.008435709 0.0145274 0.01950384 0.02368799 0.02728273 0.0498565 0.06472162 0.1188388 0.04139384 0.04155551 0.03641436 0.04177531 0.05064844 0.0203629 0.02818548 0.02278226 0.0108871 0.02153226 
0.01335796 0.01544589 0.0070353 0.001852756 0.004983692 0.01326347 0.02604676 0.007799391 0.009994199 0.01128833 0.01244319 0.02143264 0.01140878 0.002397644 0.006902112 0.01169542 0.007935367 0.008001506 0.007985163 0.009113362 0.006889238 0.006752277 0.005525442 0.003892501 0.004495922 0.003173167 0.002220854 0.0008212549 0.0001519243 5.073716e-005 4.077712e-005 6.584674e-006 4.45885e-006 0.000355361 0.001771481 0.004928157 0.006150374 0.007741522 0.01006074 0.01636669 0.02043091 0.0349069 0.03146804 0.03854512 0.05016847 0.07344256 0.03337045 0.01469172 0.01061028 0.01404732 0.0349378 0.03262097 0.02548387 0.02318548 0.01532258 0.0125 
0.01470858 0.009635108 0.01179306 0.004510273 0.0007203533 0.003610113 0.01341224 0.00357183 0.01849494 0.01117958 0.01176321 0.007376506 0.006279963 0.001630682 0.01362428 0.01061304 0.009745962 0.01470368 0.01775091 0.009601442 0.007215093 0.002424533 0.006367629 0.004893936 0.002504005 0.003696169 0.0004601362 0.000676987 0.0005621064 4.70978e-005 3.940103e-005 6.747232e-006 4.277933e-005 0.001646994 0.002635207 0.007966017 0.007250158 0.008627499 0.01052047 0.0159487 0.01906202 0.02890756 0.04612582 0.04919282 0.04812779 0.0793262 0.01878973 0.02409425 0.02116781 0.02163484 0.02914686 0.04318548 0.03306451 0.02725807 0.01540322 0.01810484 
0.02954768 0.02021089 0.01522509 0.005404905 0.003782114 0.00129774 0.01054802 0.009763523 0.01415754 0.003886582 0.002418138 0.001186513 0.0009822121 0.002871773 0.009343534 0.007916618 0.01288883 0.01596082 0.01338146 0.01079511 0.01792974 0.004628795 0.002683706 0.003611909 0.00293706 0.002271211 0.0003656778 0.0004382924 0.0008145407 4.515633e-005 4.626775e-005 1.008867e-005 0.00161817 0.001788211 0.003410374 0.01115175 0.01179234 0.009018149 0.01511972 0.01567703 0.01761164 0.0284717 0.02204614 0.02310781 0.04970701 0.05338385 0.02355537 0.02570507 0.009356061 0.01207245 0.01363726 0.04233871 0.03971775 0.05645161 0.02520161 0.02669355 
