ncols         56
nrows         54
xllcorner     28.264
yllcorner     -5.7719999999999
cellsize      0.25
NODATA_value  -9999
0.0001462747 0.0001678469 0.0001115961 4.747343e-005 0.0001069868 9.453656e-005 0.0001927796 0.0001947411 0.000148147 4.398102e-005 8.047283e-005 0.0007522728 6.448915e-005 0.0003817975 0.00109044 0.001846971 0.003597491 0.002376506 0.003675741 0.002193966 0.003513664 0.001423895 0.003572372 0.008685175 0.01156948 0.01260738 0.01969276 0.02997206 0.0377133 0.02558881 0.02646609 0.02811357 0.04823104 0.03999393 0.04745866 0.06354721 0.05102018 0.03381468 0.03514373 0.05193266 0.06459056 0.02703013 0.01706045 0.0109131 0.01210716 0.004725381 0.007025567 0.004366548 0.003326959 0.001454433 0 0 0 0 0 0 
9.692105e-005 0.0001036865 0.000162783 0.00149319 0.0003249376 0.000335537 0.000193628 0.003073638 0.002306311 0.0007586477 0.001305989 0.001907682 0.003000004 0.002297707 0.002766997 0.004614748 0.005503312 0.005849058 0.005103711 0.004245607 0.002503391 0.004022716 0.00659605 0.02097602 0.01170594 0.01984424 0.0163328 0.03154077 0.03387963 0.03068414 0.03671784 0.03966855 0.04355156 0.04041971 0.04781226 0.08207659 0.05400079 0.03384867 0.02921821 0.04409543 0.04417298 0.02271591 0.02480209 0.01957748 0.01173678 0.005392172 0.00871586 0.007452023 0.004487675 0.003406673 0.0004960363 0.0006175588 0 0 0 0 
0.0005758781 0.0003072441 0.001545513 0.005586219 0.0006725219 0.001993771 0.0004267214 0.002269505 0.004156655 0.002674134 0.003877176 0.004682971 0.005863694 0.00654162 0.009500924 0.01242484 0.009210793 0.01217269 0.01495407 0.008527634 0.005343108 0.006189874 0.007190427 0.009489379 0.01573602 0.0150661 0.02245912 0.03366528 0.02758265 0.02376635 0.03124021 0.03778338 0.04415076 0.062385 0.07286207 0.08271834 0.06559625 0.03730655 0.02636665 0.03169904 0.03725118 0.02615582 0.0235707 0.01495797 0.01460312 0.008652772 0.00668681 0.00171593 0.0003253469 0.002192078 0.0009471045 0.0001200973 0 0 0 0 
0.001691759 0.002229092 0.002259016 0.001118101 0.001217721 0.0006623522 0.0005455322 0.001485127 0.005809452 0.00207948 0.001996622 0.002710606 0.003541578 0.003013013 0.005717036 0.01034098 0.0100598 0.01368438 0.01960019 0.009128449 0.006075822 0.00548391 0.006520384 0.009317208 0.01210276 0.01506395 0.02053494 0.05063439 0.03002699 0.03321115 0.04459067 0.05679777 0.07624894 0.07018007 0.08801211 0.07061917 0.06160447 0.03545726 0.02639332 0.02587375 0.03421091 0.03318365 0.02395839 0.0232334 0.0135601 0.009766284 0.01452645 0.004170391 0.002306378 0.0007234323 0 0 0 0 0 0 
0.001134122 0.001634542 0.003411893 0.001466117 0.001132327 0.0005587564 0.0006583636 0.001686613 0.001670227 0.0007417704 0.001892618 0.00271138 0.002522921 0.003795783 0.005016061 0.007956265 0.01077879 0.01720324 0.01890665 0.00770981 0.006927097 0.005936707 0.007997906 0.01320583 0.01435711 0.01499644 0.01779023 0.0390048 0.03507289 0.03555852 0.05429698 0.07515407 0.09060868 0.08823404 0.07036619 0.05004814 0.03635128 0.0211067 0.02641368 0.03000319 0.03310078 0.02484904 0.01545382 0.0137901 0.00935479 0.0006709785 0.003057282 0.001749658 0.002827391 0.00192103 0 0 0 0 0 0 
0.0005959221 0.003683908 0.002579093 0.001697712 0.001217019 0.0007991498 0.0004594855 0.0007366652 0.0006634956 0.0004671612 0.0003605978 0.001860829 0.002740048 0.003833924 0.00435315 0.006306348 0.01207395 0.02575964 0.01963927 0.006050953 0.006408168 0.00719454 0.00814396 0.009614436 0.01508349 0.01546912 0.01872133 0.03509952 0.03768056 0.0463024 0.06297436 0.1007781 0.08812225 0.09050524 0.05293118 0.02794029 0.03268534 0.02240846 0.03269542 0.02966709 0.02641412 0.01678421 0.00684044 0.005161839 0.01116822 0.003214418 0.0009281505 0.001634499 0.003787535 0.001361317 0.0004486457 0 0 0 0 0 
0.003544483 0.003891963 0.002481455 0.001116077 0.001095017 0.0006410683 0.0004403533 0.0002934803 0.0005353568 0.001179216 0.001321109 0.002182665 0.002867579 0.003463993 0.002578792 0.005786707 0.01320307 0.008224308 0.006017196 0.003839608 0.004130954 0.002896091 0.005699111 0.009817302 0.01746086 0.01864076 0.02041727 0.03284568 0.03868179 0.05164579 0.05537392 0.08736377 0.06343313 0.08130313 0.0346001 0.03394827 0.0240997 0.02281464 0.02185155 0.01890974 0.02692649 0.01045987 0.0113327 0.01352402 0.01313515 0.006653792 0.00148044 0.004424128 0.001514879 7.750463e-005 0 0 0 0 0 0 
0.002034612 0.003502093 0.006450207 0.001080465 0.001838852 0.0007765326 0.002929828 0.0008346425 0.0003571195 0.001127603 0.001967689 0.001015091 0.001079634 0.001996533 0.003016237 0.006499185 0.002819499 0.002859555 0.003232767 0.002813582 0.003737037 0.003376946 0.005720899 0.01095381 0.02673561 0.04146961 0.04110167 0.0491353 0.03109516 0.05959116 0.06721707 0.06665941 0.05070296 0.09206699 0.05318503 0.04703611 0.03141742 0.03262363 0.02465143 0.01630156 0.0125915 0.009765835 0.007756599 0.008033361 0.007164319 0.006265248 0.00233444 0.003928576 0.00157261 0.0003469676 0.001071548 0.0004876468 0 0 0 0 
0.009782494 0.003902848 0.00791848 0.003376735 0.003358845 0.005621419 0.007055402 0.003705655 0.003345386 0.0008967568 0.0008304912 0.001719458 0.005078751 0.001119743 0.001736555 0.002290804 0.001199908 0.001259521 0.002483074 0.001771098 0.003014561 0.00533448 0.005249852 0.0123204 0.02923341 0.04012366 0.03968854 0.05744651 0.03908977 0.04396662 0.05589099 0.04628293 0.04178023 0.09941336 0.07748776 0.04154151 0.0335443 0.03666974 0.03208049 0.01239926 0.006502874 0.005296416 0.002602498 0.006594979 0.008312765 0.007319366 0.004492186 0.002993441 0.0003945121 0.0003469676 0.0009355344 0 0 0 0 0 
0.01398077 0.001514817 0.005711558 0.00432783 0.001387832 0.01246858 0.005764537 0.01132162 0.01538287 0.003210102 0.002238649 0.0009302593 0.002085188 0.0006982469 0.001053958 0.001445803 0.002608917 0.004920482 0.002063935 0.00224151 0.004350864 0.005413623 0.007114289 0.01198578 0.02863773 0.04898915 0.05446597 0.05764596 0.06471339 0.0519525 0.05152588 0.05945042 0.04613155 0.07071452 0.05821001 0.02670387 0.03439788 0.03171257 0.03428067 0.01863832 0.005495952 0.003145665 0.003455308 0.007075059 0.007125675 0.001389414 0.00361233 0.002173401 0.0003739162 0.0003309988 0.0003110245 0 0 0 0 0 
0.008948384 0.004983384 0.01485744 0.01596734 0.003137977 0.003420489 0.00388588 0.01520695 0.03837282 0.005272486 0.004195815 0.0009552925 0.002186749 0.0009379115 0.0008399849 0.001467385 0.005389037 0.01337314 0.003344684 0.002363805 0.003551637 0.006314169 0.009132057 0.0156952 0.02676151 0.05081783 0.06816293 0.08430573 0.05931656 0.06126053 0.04411258 0.04780177 0.06372588 0.04987092 0.02855236 0.03768014 0.0384363 0.03078972 0.03616763 0.01298895 0.01006272 0.004782107 0.002499664 0.002911042 0.003948447 0.002532016 0.003144632 0.002457762 0.003203994 0.0003133115 0.0002937232 0 0 0 0 0 
0.01510799 0.02197957 0.002570936 0.02902257 0.01514991 0.004975063 0.003595788 0.006475826 0.01731061 0.008903002 0.005112492 0.001705907 0.001562115 0.00530589 0.00204194 0.002122276 0.002789766 0.00640598 0.006163198 0.001143155 0.002624544 0.007766473 0.01527151 0.03737123 0.06205008 0.08078204 0.1192671 0.1286541 0.09773746 0.03315049 0.05526349 0.05650004 0.04281996 0.02570892 0.01531366 0.01602647 0.03671901 0.03526174 0.04941893 0.01889052 0.01147359 0.00327077 0.003520867 0.001283393 0.001101805 0.001687786 0.0009887945 0.001425845 0.001670191 0.001630981 0.0005193299 0.0002660938 0.0002432205 0.0001941843 0.0001883988 0.0001933655 
0.01155776 0.0128095 0.01532124 0.04517657 0.02506823 0.02198236 0.01519492 0.01591261 0.008236099 0.02052918 0.01358053 0.004542995 0.001212105 0.003660944 0.002609923 0.001480756 0.003188209 0.002018823 0.006268501 0.001261031 0.003249601 0.01848128 0.02766117 0.03930469 0.05872248 0.05800616 0.08311426 0.1121196 0.08866206 0.04088375 0.01593888 0.02353678 0.0301893 0.02062765 0.009160438 0.03226224 0.05064637 0.03218906 0.03731091 0.02032447 0.01057719 0.006856522 0.01390828 0.007686699 0.002646639 0.003867124 0.001778008 0.001225614 0.002076504 0.01075146 0.0004844603 0.0002464592 0.0002238259 0.0001983828 0.0001899468 0.000192247 
0.00650062 0.002816942 0.01257276 0.04260465 0.04503808 0.04703614 0.08072624 0.03270956 0.01445286 0.04093815 0.04030912 0.006490632 0.001961465 0.001139868 0.02270975 0.003833437 0.001893992 0.001948052 0.005049907 0.003865703 0.01018953 0.02577173 0.02558655 0.03350755 0.04451173 0.02825302 0.01805226 0.02215411 0.06408629 0.0611663 0.01939634 0.01802499 0.04119729 0.03290973 0.00742012 0.03811601 0.0678656 0.03607507 0.03655019 0.02026686 0.01453416 0.01441648 0.01898575 0.01069695 0.01293153 0.02445107 0.004084568 0.007452494 0.0005632016 0.0006693618 0.0004569019 0.0002311163 0.0002457621 0.0001960117 0.000186937 0.0001868905 
0.0187841 0.009562406 0.03683931 0.06313735 0.05632528 0.04948366 0.1124825 0.0771658 0.03181683 0.02864974 0.0582469 0.008658258 0.006560077 0.006089447 0.01177439 0.005106369 0.00411518 0.007776133 0.01798323 0.01114708 0.01502113 0.02749721 0.03622037 0.03928214 0.02769061 0.01361376 0.008363248 0.02496294 0.03714601 0.03148397 0.01946934 0.01298741 0.04727399 0.04977069 0.01005879 0.046583 0.0583471 0.03209556 0.02709095 0.03035642 0.03242934 0.02783232 0.02868348 0.02057328 0.0253138 0.02445178 0.0007145904 0.0006552698 0.0005334525 0.001451412 0.0004344793 0.0002195876 0.0002374831 0.0001870116 0.0001778452 0.0001777206 
0.05254532 0.04546412 0.05443898 0.07669546 0.08037004 0.08076274 0.05580914 0.02568259 0.08181253 0.05205036 0.02514807 0.03379229 0.03373768 0.02245669 0.01995807 0.007164592 0.005070981 0.02420173 0.02728422 0.01711399 0.01865 0.02789257 0.03904239 0.04159378 0.04113383 0.0173345 0.01882453 0.04032579 0.02963238 0.02956914 0.03201674 0.07309389 0.02638657 0.02389721 0.01688347 0.04527126 0.05315889 0.02439131 0.0273403 0.0450833 0.03134025 0.01549124 0.03169334 0.02264877 0.01195855 0.003500529 0.0006867353 0.0005976477 0.0005114679 0.0005118343 0.0004183675 0.0002117601 0.0001942407 0.0001806828 0.0001712854 0.0001595268 
0.05143321 0.03242896 0.09648357 0.1114219 0.2317701 0.1448316 0.05675756 0.04803566 0.1359032 0.09350127 0.02928225 0.05692189 0.06234451 0.0522365 0.02298485 0.004698376 0.01604875 0.02033276 0.02999696 0.02136619 0.046017 0.06058396 0.0459657 0.05549784 0.05867359 0.0503332 0.06564433 0.06524736 0.03807384 0.03189137 0.03618114 0.04576885 0.01815557 0.01678636 0.0202956 0.05913942 0.03985945 0.02274255 0.03109825 0.04164416 0.04024288 0.0202366 0.01554141 0.004400091 0.0008334586 0.000721442 0.0006451657 0.0005653754 0.0004823824 0.0004264094 0.0003943842 0.0002005523 0.0001848675 0.0001719149 0.000163248 0.0001506405 
0.03738925 0.03662864 0.06854158 0.06061829 0.08214956 0.09245925 0.1542127 0.1707 0.05995599 0.08467319 0.04492401 0.08114146 0.05833049 0.04455321 0.04106091 0.02298418 0.01638206 0.03454931 0.06347005 0.03484925 0.06543716 0.09096798 0.0805967 0.05004613 0.05693327 0.08348127 0.09487218 0.05350613 0.02502549 0.03945811 0.03593339 0.0405962 0.03262823 0.02354787 0.02145785 0.009652726 0.01031494 0.009951651 0.01915365 0.01819171 0.02112604 0.01407957 0.01146111 0.0009430384 0.000790121 0.0006779977 0.0006064808 0.0005313008 0.0004516067 0.0003977006 0.0003687654 0.0001881493 0.0001740598 0.0001618142 0.0001537287 0.0001426746 
0.02449979 0.03051793 0.04275084 0.08257923 0.2624016 0.06900418 0.2087021 0.1573297 0.09325423 0.0600131 0.09223516 0.1556631 0.06965797 0.06456331 0.057151 0.03017941 0.03734695 0.02815852 0.05065868 0.05999873 0.1349803 0.1270547 0.1342581 0.1253325 0.07767331 0.07991946 0.08471583 0.0539297 0.02683777 0.04450918 0.06681145 0.04571581 0.03286222 0.02218192 0.03174742 0.01076889 0.01041468 0.005667713 0.006737425 0.007652569 0.00923884 0.007040715 0.003026635 0.0009040869 0.0007510262 0.0006384644 0.00056867 0.0004941398 0.0004167571 0.0003657508 0.000340429 0.000174984 0.0001627371 0.0001517212 0.0001445326 0.0001352951 
0.05528073 0.05717838 0.01758865 0.05024057 0.08763373 0.05012895 0.08618689 0.149058 0.2441759 0.1190422 0.1094771 0.1365754 0.1273155 0.07835471 0.05861972 0.06323911 0.09302765 0.05610895 0.07385576 0.09815678 0.08109781 0.1243176 0.128687 0.1027605 0.09605719 0.07033762 0.06173931 0.03396672 0.03095774 0.03574682 0.08692586 0.03870355 0.02350533 0.02600874 0.03280202 0.02010831 0.01200792 0.0105108 0.009159544 0.009718455 0.01170153 0.01018816 0.008601163 0.003060537 0.002503605 0.002095308 0.001843152 0.001546227 0.001283151 0.001116993 0.001046871 0.0002972893 0.0002773756 0.000261578 0.0002500733 0.003461919 
0.1185018 0.1176767 0.1256068 0.03171661 0.03420503 0.02157265 0.09497067 0.1429084 0.2203594 0.1726339 0.1459229 0.2129893 0.1336696 0.07272825 0.09510957 0.1985258 0.1354746 0.05927349 0.1227024 0.1229091 0.1512835 0.1413444 0.1189304 0.0834871 0.1234155 0.06653584 0.06880888 0.0418001 0.04432901 0.03395382 0.08268993 0.03831765 0.02667245 0.02761796 0.02763833 0.01412488 0.009584557 0.008564302 0.006386579 0.008696241 0.008420356 0.00615129 0.009591218 0.008771263 0.002355776 0.001944251 0.001700499 0.0014397 0.001163675 0.001006557 0.0009474357 0.0002723382 0.0002553904 0.000242678 0.0002336702 0.000427368 
0.3146534 0.3075403 0.2687794 0.09243052 0.08801612 0.09500132 0.09946146 0.1599077 0.1831803 0.1590766 0.1073343 0.09551036 0.1177228 0.07492992 0.13643 0.1784546 0.1236613 0.1264092 0.166868 0.1019193 0.106836 0.1263945 0.130813 0.126513 0.07347912 0.1021494 0.05782718 0.07955898 0.04172133 0.03950784 0.04634367 0.06027956 0.06671223 0.02497663 0.01383464 0.01078548 0.01127213 0.005504026 0.0050914 0.005710333 0.005248755 0.006847075 0.004769975 0.006328735 0.002229648 0.001780088 0.001694809 0.001290479 0.00105747 0.000915701 0.0008694484 0.006062191 0.0002382532 0.0002286487 0.0002213487 0.0002182942 
0.3590814 0.464235 0.3316039 0.1062692 0.101997 0.1630132 0.1794225 0.2268018 0.2167302 0.2206757 0.173883 0.09607569 0.1024949 0.1067934 0.1517391 0.1110821 0.1155845 0.1624844 0.127921 0.1075333 0.181072 0.1563772 0.1172374 0.1371087 0.1266903 0.096148 0.05674967 0.09706461 0.05566232 0.05213232 0.04283637 0.1125313 0.03624989 0.03032601 0.02987133 0.01525691 0.007654313 0.00540929 0.00504045 0.005698747 0.005278121 0.006177019 0.004224265 0.002699495 0.002658304 0.001602534 0.001756765 0.001169458 0.0009668002 0.0008449908 0.0008086337 0.009527002 0.0002265856 0.0002183929 0.0002120392 0.002381279 
0.3324739 0.4353618 0.3676234 0.1207374 0.1016324 0.1599875 0.1654057 0.2095701 0.1594167 0.1482381 0.1049888 0.06204087 0.02887727 0.08864889 0.1630286 0.07635946 0.08054975 0.06151488 0.07775933 0.07925425 0.1224003 0.1142096 0.07733202 0.1071147 0.1069258 0.1010413 0.07775351 0.08248691 0.08370077 0.07558838 0.06436123 0.05651119 0.03027518 0.03290974 0.03116893 0.01500348 0.006192164 0.004550634 0.004922197 0.00620824 0.005784603 0.00516592 0.004358879 0.002171422 0.001566064 0.001182702 0.00103839 0.001075277 0.0008956586 0.000791902 0.002363631 0.01827107 0.0002270819 0.0002199973 0.0002148206 0.0002108771 
0.3574924 0.2766954 0.2416601 0.1383855 0.05737502 0.08346836 0.1719472 0.0869452 0.09811716 0.1141291 0.1323739 0.03889126 0.06728467 0.06277446 0.08038546 0.05358208 0.04691047 0.04445074 0.06505013 0.1094736 0.06231972 0.07073102 0.09112562 0.1199238 0.1264861 0.1100353 0.1017018 0.09385154 0.09458766 0.08465758 0.08502507 0.05771576 0.05302012 0.04769694 0.02949944 0.01567896 0.006533242 0.003986863 0.003755454 0.006732984 0.005816593 0.00516788 0.00420998 0.002090917 0.001432632 0.001033852 0.0009116869 0.001388709 0.0008033701 0.0007179447 0.01001729 0.02740069 0.0002141406 0.0002091118 0.0002054242 0.0002019116 
0.2516399 0.1947833 0.2575811 0.2530215 0.1350961 0.124651 0.1174447 0.1187666 0.03775063 0.04122111 0.07047904 0.1062261 0.205904 0.104523 0.1301313 0.09469137 0.05305772 0.08067891 0.05611717 0.0678286 0.06245835 0.08220281 0.1671739 0.1166063 0.1339189 0.106047 0.1030466 0.1081644 0.1252889 0.1127808 0.0895835 0.05764638 0.06233205 0.06468263 0.02954535 0.01276942 0.008270763 0.004202004 0.00393057 0.006472209 0.005941605 0.00522674 0.004195015 0.002024397 0.00131936 0.001116751 0.008790331 0.004066369 0.0007084301 0.0006412998 0.004259659 0.02520839 0.0001974876 0.0001946541 0.0001914956 0.0001881406 
0.2146862 0.2488866 0.2669815 0.2849832 0.2284266 0.1630804 0.08926358 0.05898171 0.04260527 0.03078575 0.09321475 0.2396368 0.2154975 0.1794477 0.1329227 0.134734 0.09767222 0.06260778 0.06871917 0.09310085 0.08333044 0.1198803 0.1898677 0.1423637 0.1137812 0.1003105 0.1110693 0.1410079 0.1333405 0.1064495 0.08916622 0.06157296 0.08362201 0.04520718 0.03787975 0.02363304 0.009498783 0.004682461 0.004320846 0.006814378 0.006158961 0.005301225 0.004205652 0.00263548 0.002843428 0.0007898147 0.003007255 0.001670859 0.0006443056 0.000583845 0.001590634 0.01621494 0.001555335 0.0001757031 0.002338011 0.0001695821 
0.3253814 0.3271475 0.1748138 0.1762017 0.1240227 0.100619 0.1054069 0.158198 0.1399613 0.08578174 0.2047762 0.2281891 0.1550251 0.1220255 0.127365 0.1555828 0.07613006 0.05885092 0.08170415 0.1552621 0.1249006 0.1193932 0.1528512 0.1565254 0.1712593 0.1636173 0.149012 0.1663707 0.1591509 0.1574708 0.1357854 0.1257722 0.1101147 0.09471069 0.06440733 0.03064649 0.01828373 0.01033148 0.008905287 0.007731276 0.006829184 0.005798215 0.004674118 0.001587838 0.001486299 0.003171143 0.0009881489 0.0006346584 0.0005901165 0.0004915252 0.00049684 0.001102188 0.002874397 0.002268647 0.001949822 0.0002138264 
0.2733336 0.2297089 0.2554522 0.2722037 0.1810837 0.1286774 0.1755517 0.1417892 0.09828681 0.1161904 0.2675195 0.2104815 0.137339 0.1719913 0.1667063 0.1429588 0.06573869 0.05630344 0.08896596 0.1138581 0.1058602 0.1136319 0.1323756 0.1595163 0.1592801 0.1920145 0.1643521 0.183625 0.2133163 0.193835 0.1532095 0.1533784 0.1173824 0.09657329 0.0723192 0.03750042 0.02425952 0.01573634 0.01121864 0.008811069 0.007220888 0.005877691 0.004677904 0.001555028 0.001815227 0.001748427 0.001868007 0.0005231689 0.0004438852 0.0004100002 0.000419299 0.001886749 0.002485346 0.003929281 0.002191523 0.000186246 
0.2275187 0.2749914 0.2423289 0.1633503 0.1560221 0.1788594 0.2098566 0.1299227 0.1177637 0.1133944 0.1138119 0.1684292 0.196754 0.1763944 0.1327022 0.06713239 0.06708028 0.06110914 0.09384986 0.1148696 0.09051295 0.08218254 0.1162536 0.1566027 0.1669259 0.1883599 0.1748521 0.1814814 0.2027857 0.1923434 0.156543 0.1482044 0.1243584 0.09491522 0.07294169 0.03673922 0.02925196 0.0209441 0.01304548 0.008994156 0.007321454 0.005737081 0.007792817 0.001436733 0.0007395878 0.0005783171 0.00150298 0.0004181493 0.000351874 0.0003265165 0.0003377708 0.0001580582 0.0005393489 0.003294711 0.0009748054 0.0001547111 
0.3495325 0.3599432 0.2175257 0.1168411 0.1545378 0.1378855 0.163377 0.186404 0.1129049 0.08042891 0.0834575 0.1534899 0.1642676 0.1447741 0.1395653 0.0893655 0.08966364 0.1381744 0.1315773 0.1607507 0.1272868 0.09854803 0.07871329 0.1457062 0.1759224 0.1912351 0.2012541 0.2171323 0.1766404 0.1813574 0.1422193 0.1377789 0.1201612 0.09573708 0.06932507 0.02961393 0.03561686 0.02233993 0.008771862 0.009865553 0.007448313 0.006339523 0.009540715 0.01320026 0.0006159136 0.0002838716 0.0002469911 0.0003194515 0.0002640527 0.0002643455 0.0002522076 0.000119061 0.0001234268 0.0001240024 0.0001213886 0.0001552905 
0.3355208 0.4270895 0.3121879 0.1553737 0.122054 0.1563955 0.1572145 0.1440099 0.1309942 0.1117099 0.133182 0.1601694 0.1484221 0.1476407 0.1388333 0.1694751 0.2010742 0.2246213 0.1699702 0.1745581 0.1830212 0.1367862 0.1245196 0.137352 0.1882886 0.200793 0.2133628 0.2403339 0.2074108 0.1968363 0.1484938 0.1350418 0.1107827 0.09283747 0.07024117 0.03557503 0.05408854 0.01094791 0.00973893 0.009244174 0.004657232 0.007834869 0.006767231 0.01203203 0.01531064 9.499423e-005 0.0001054815 7.813578e-005 0.001770727 7.69179e-005 5.891787e-005 5.568803e-005 5.813274e-005 5.898597e-005 5.787542e-005 4.325682e-005 
0.4061466 0.424033 0.2835504 0.1812663 0.09861089 0.1190488 0.1660305 0.154783 0.1484932 0.1540568 0.1715682 0.1789498 0.1608379 0.175949 0.2014939 0.1901854 0.2331886 0.2244166 0.2311191 0.1945482 0.1346973 0.1116559 0.1144392 0.139382 0.1577526 0.1715965 0.1936491 0.2401722 0.2139937 0.1925095 0.1418366 0.1359689 0.1289912 0.09981985 0.07537269 0.04852496 0.03794247 0.01113378 0.01068395 0.01416795 0.003760161 0.006822336 0.006765848 0.01109779 0.01905612 5.826784e-005 4.771005e-005 4.305459e-005 3.085297e-005 2.599934e-005 2.827637e-005 2.749744e-005 2.967216e-005 3.037164e-005 3.018024e-005 2.265146e-005 
0.3833746 0.3596759 0.2228576 0.1814792 0.1883643 0.1279513 0.196579 0.1839631 0.2069763 0.1809925 0.2329063 0.2138446 0.2024637 0.2349143 0.261755 0.2784939 0.2401166 0.1998876 0.2477342 0.1889373 0.1414414 0.08209553 0.1089518 0.1533795 0.1784692 0.1847186 0.1896946 0.2200974 0.225961 0.1901822 0.1456081 0.1375762 0.1205522 0.09543534 0.07046649 0.04372596 0.0220561 0.01423834 0.02573703 0.02818396 0.003439503 0.002982032 0.003958946 0.005683047 0.01563582 0.007505926 0.0001796773 2.996902e-005 1.627374e-005 2.796244e-005 1.184301e-005 1.207476e-005 1.353304e-005 1.41625e-005 1.420131e-005 1.073043e-005 
0.5239704 0.4551393 0.3381506 0.2845351 0.2570054 0.2809924 0.2778786 0.1892307 0.2243047 0.232605 0.2589901 0.2459745 0.241078 0.2389673 0.2825937 0.4158036 0.263276 0.2407229 0.2640317 0.2074239 0.1363643 0.109148 0.107637 0.1675716 0.2183955 0.2341722 0.2165676 0.2120107 0.1959459 0.1768211 0.1625705 0.1401963 0.1195105 0.09031425 0.06391773 0.04100401 0.01760401 0.01508112 0.01744354 0.00949687 0.005305912 0.002948288 0.002256223 0.0009472377 0.01573378 0.01497835 0.01885913 3.866201e-005 1.856457e-005 8.818531e-006 9.515211e-006 9.244072e-006 9.862275e-006 1.011905e-005 0.0001486947 7.649375e-006 
0.5999026 0.5824166 0.3516737 0.4114043 0.4103099 0.4117598 0.3807068 0.2810973 0.3176214 0.3359441 0.2784972 0.2413953 0.2908512 0.3495574 0.3530039 0.3802326 0.3556236 0.3304731 0.2590374 0.1831174 0.1504855 0.1162813 0.1920207 0.1173404 0.1980211 0.3803144 0.2766005 0.2461754 0.2302964 0.1716528 0.1515716 0.115542 0.08712194 0.06327711 0.05373587 0.04652024 0.02070509 0.009679307 0.01242164 0.006283343 0.004502797 0.002978267 0.004113004 0.00286715 0.0006789024 0.0007039714 0.01751677 0.01243474 0.001604766 0.001002803 3.19385e-006 0 0 0 0 0 
0.6355247 0.4258481 0.2623834 0.4282195 0.3676675 0.4608819 0.4723682 0.3239911 0.3092828 0.3460942 0.3177802 0.2507957 0.3057719 0.3462298 0.3404194 0.3369696 0.3189499 0.3280716 0.2732115 0.2440242 0.1981742 0.1560547 0.1252505 0.1191064 0.1257032 0.2189779 0.2232272 0.2440459 0.1787973 0.1538302 0.1172031 0.09829722 0.08905961 0.06029261 0.04470327 0.04142599 0.0224846 0.01288262 0.01575538 0.008008572 0.007370644 0.004663565 0.001676043 0.0007097934 0.0003126567 0.0002667278 0.005640971 0.01794076 0.009902959 0.0006599833 2.16133e-006 1.503454e-005 0 0 0.000394477 0 
0.6145827 0.5824158 0.2786275 0.3214479 0.440763 0.5295844 0.5814063 0.3637107 0.3055437 0.3535151 0.3112299 0.2561956 0.270521 0.2768388 0.2984399 0.3234254 0.3119274 0.3101673 0.2565618 0.2245927 0.1749337 0.1172187 0.124445 0.1380998 0.1423201 0.1783276 0.1774893 0.1897981 0.1643888 0.1428666 0.09866523 0.07906752 0.07760148 0.05723701 0.07637398 0.04657423 0.03507309 0.02364183 0.0218379 0.005317442 0.003174432 0.003611139 0.002185353 0.0007169466 0.0004669992 0.0001973272 0.000256254 4.620589e-005 0.004253688 0.005823808 4.509666e-006 0.001296876 4.681319e-005 0.0002007733 0 0 
0.6530958 0.5814472 0.3757018 0.3905483 0.3913571 0.477865 0.4904006 0.353072 0.2783304 0.2790294 0.2832418 0.2369122 0.2346152 0.2351838 0.2847294 0.3179053 0.3002179 0.2776171 0.2402089 0.2196586 0.151329 0.1470203 0.1121665 0.130424 0.1375745 0.1715139 0.244512 0.2042412 0.19795 0.1629896 0.1101583 0.08516795 0.08326185 0.05063552 0.08075517 0.0844172 0.04886179 0.01864137 0.01800783 0.00647499 0.006307289 0.005787788 0.002343965 0.0008136941 0.0005383739 0.000349727 0.0002607331 8.455282e-005 0.0007893266 0.002259833 0.02063912 0.005173805 0.0001838322 0 0 0 
0.6422575 0.6274983 0.4185804 0.4325568 0.3671914 0.4183278 0.4318075 0.3855804 0.3174346 0.2571753 0.2387319 0.2198977 0.2132308 0.2282941 0.2563932 0.288201 0.2634018 0.2429351 0.2206698 0.1979515 0.1332906 0.1018363 0.1679731 0.1827697 0.1573052 0.1918077 0.1911029 0.2318724 0.1990621 0.1551827 0.1183233 0.08683928 0.06633043 0.05620044 0.04523766 0.07315169 0.06508767 0.02853958 0.01501946 0.01340426 0.01016155 0.008472002 0.005491537 0.004038813 0.002655476 0.001848432 0.00138424 0.0004682644 0.0002221932 0.00245298 0.00829821 0.007749256 0 0 0 0 
0.6455539 0.5064448 0.443543 0.3712979 0.3798936 0.3977263 0.4220345 0.3908614 0.4238418 0.3309213 0.259134 0.2581929 0.1925106 0.1641475 0.2595577 0.2779202 0.2476104 0.2176816 0.2141268 0.2157024 0.1581592 0.1559086 0.231252 0.2413667 0.1628234 0.2716993 0.1568232 0.1796115 0.1425148 0.1856571 0.1318557 0.06897148 0.04336281 0.04848973 0.03168376 0.03869447 0.03503236 0.03140092 0.02110366 0.01741044 0.01375002 0.008481845 0.006508109 0.00449879 0.00404651 0.002573953 0.001793201 0.0006287976 0.0002940966 0.0001163759 8.34407e-005 0 0.00719905 0 0 0 
0.6094509 0.4468894 0.2719505 0.3419055 0.4044284 0.4405573 0.4923266 0.4740528 0.3649236 0.3123341 0.3059302 0.2435884 0.2158237 0.1626298 0.2421748 0.2644919 0.2521787 0.2373257 0.2259883 0.2407216 0.2276395 0.2523945 0.2492399 0.2777349 0.2145953 0.1869366 0.1684764 0.1268801 0.1270431 0.1213143 0.1637243 0.05853269 0.04229259 0.04315068 0.0313919 0.03459028 0.0346921 0.03449708 0.04160289 0.02494941 0.02211994 0.0101296 0.009093888 0.005751335 0.003531355 0.003048335 0.001952548 0.0006733544 0.0003508332 0.0001408185 0.0001009827 0 0.005557494 0.002551288 0.005557494 0.001991138 
0.4908476 0.396731 0.2512642 0.29747 0.3520017 0.399615 0.4990427 0.5091335 0.3815864 0.3064088 0.3594893 0.293528 0.1804559 0.1653088 0.205262 0.2163003 0.2289533 0.2303476 0.2181051 0.2267713 0.1818398 0.3478937 0.2218059 0.2398631 0.2567228 0.2252506 0.1456128 0.1466864 0.1620817 0.1851023 0.1805822 0.06957197 0.05822107 0.04203027 0.04480056 0.04160191 0.06394061 0.03793656 0.04278795 0.0407593 0.04766446 0.01356385 0.006368982 0.00464847 0.003568049 0.002432407 0.001905178 0.0006537422 0.0003406911 0.0001596931 0.0001141924 0 0.001228764 0 0.005544709 0.008649739 
0.3550874 0.3152239 0.2199455 0.1886891 0.2126979 0.3355735 0.3871315 0.382682 0.3759303 0.4045912 0.28708 0.2266469 0.2112131 0.1810175 0.1596682 0.143317 0.2323353 0.2361445 0.1672819 0.1479137 0.1478778 0.1359809 0.1724348 0.2066584 0.2213038 0.1997864 0.1494538 0.1108883 0.1314898 0.14095 0.1106141 0.07569812 0.06792344 0.0597408 0.07127864 0.07574868 0.1277995 0.03707536 0.02550544 0.04541495 0.03026231 0.01373268 0.007950138 0.00448501 0.003251475 0.00258308 0.001723986 0.0006195176 0.0003410859 0.0001752906 0.0001251721 0 0 0 3.445107e-005 0 
0.3287148 0.346013 0.2201221 0.2061137 0.2212877 0.3041935 0.3149736 0.4706487 0.4754511 0.3775791 0.3770374 0.2742932 0.3014286 0.2411652 0.2455471 0.2058633 0.2088708 0.204818 0.1718416 0.1285984 0.1267335 0.1060073 0.1298819 0.1977701 0.2155318 0.2227691 0.1848533 0.0948254 0.07315306 0.120384 0.1013162 0.1168463 0.09652165 0.05620128 0.06306367 0.05699326 0.04807545 0.04035514 0.02949649 0.031129 0.02053054 0.01494691 0.0126977 0.006295467 0.005278723 0.004941375 0.001726991 0.005269929 0.0003477821 0.0001941847 0.0001386801 0 0 0 0.001775311 0 
0.4350929 0.3988131 0.2848556 0.2954296 0.2411759 0.3606768 0.3611581 0.3442618 0.4465955 0.5657852 0.4122988 0.265242 0.2662878 0.2611209 0.2456756 0.1987232 0.1959279 0.1564117 0.1319028 0.1340361 0.1172912 0.1312143 0.1477835 0.1648241 0.2357497 0.2002272 0.1551141 0.1393439 0.1169391 0.1530984 0.1585667 0.1600295 0.1280134 0.08863339 0.06506412 0.05755383 0.04036316 0.04844067 0.03808076 0.05379486 0.03529061 0.02671395 0.01260131 0.008795868 0.005373491 0.002161257 0.001756963 0.0006955996 0.0004781337 0.0003314307 0.0002542796 0 0 0 0.01751879 0 
0.4238575 0.4471301 0.2830585 0.2087449 0.231393 0.2871803 0.3551793 0.370941 0.5580699 0.7208487 0.6087343 0.3744631 0.3992494 0.2862569 0.1807343 0.1573341 0.1824276 0.1580394 0.1613476 0.153381 0.123464 0.1417095 0.1360876 0.1454033 0.1510713 0.2009041 0.2380682 0.1777223 0.1441793 0.1827843 0.1994163 0.2163749 0.1581347 0.1530481 0.09957124 0.06706233 0.04728585 0.04092238 0.03620752 0.04225148 0.05456916 0.07102808 0.01997696 0.0147691 0.007646321 0.003237641 0.002094973 0.0009096685 0.0007300333 0.0005838346 0.0004708279 0 0 0.0004145789 0.01012246 0.002723214 
0.2853201 0.3305044 0.2527432 0.1696403 0.1366701 0.1687843 0.2780778 0.3770081 0.408691 0.453349 0.4433611 0.3929523 0.3670118 0.3699995 0.2690992 0.2532006 0.2385549 0.2457246 0.282163 0.1966427 0.1843328 0.1777926 0.199456 0.2139505 0.2427534 0.233185 0.2970158 0.2551398 0.2366456 0.2664216 0.2524814 0.3940431 0.2676321 0.213192 0.1670001 0.09295919 0.09535955 0.07930426 0.06089342 0.03377539 0.0243164 0.04317753 0.02525175 0.02799376 0.009536377 0.002078443 0.001315786 0.0009739872 0.0008488749 0.0007255867 0.0005972057 0 0 0 0.0007589286 0.01410714 
0.2149698 0.2368949 0.1957517 0.1439851 0.1290735 0.132002 0.2642049 0.3570592 0.2683051 0.2991691 0.4111785 0.285932 0.3264454 0.3366015 0.3021802 0.3255888 0.2786843 0.2604327 0.2930257 0.2368476 0.2477239 0.242707 0.2422979 0.2560743 0.2126405 0.218202 0.2073564 0.216008 0.2296887 0.2903597 0.2349904 0.3291413 0.2594683 0.2374207 0.213124 0.1549574 0.1361475 0.1003417 0.1034173 0.04587821 0.03086503 0.05539525 0.05950128 0.01490125 0.001950541 0.002151076 0.004877813 0.001154206 0.001062382 0.0009410551 0.00078275 0 0 0.01129464 0.01401786 0.02263393 
0.118817 0.1354932 0.1367016 0.1473806 0.144988 0.1263217 0.1619742 0.1629922 0.227222 0.1928637 0.2938018 0.2943443 0.2883278 0.2245949 0.273834 0.2737117 0.2213908 0.3258471 0.3218503 0.2487204 0.2314775 0.2135567 0.1746119 0.2345776 0.3205882 0.2378031 0.2064913 0.1956866 0.218644 0.2247501 0.213019 0.2992149 0.2826316 0.2153497 0.1885587 0.1634285 0.1527183 0.1107303 0.06601514 0.07319155 0.05576853 0.05312543 0.1067063 0.05951291 0.006430691 0.006937305 0.003677191 0.004111585 0.002294316 0.002674619 0.003469928 0 0 0.006116071 0.02933036 0.03214286 
0.151139 0.1626383 0.1344407 0.08220826 0.1122637 0.1172421 0.1319916 0.1569629 0.1557423 0.2008096 0.2774106 0.2619302 0.2865601 0.2958242 0.2658734 0.2523702 0.2830699 0.266902 0.231684 0.252444 0.2272431 0.2064603 0.1819708 0.2298881 0.231806 0.2235325 0.2167922 0.275503 0.2878669 0.3337337 0.24031 0.2877331 0.3034459 0.2206462 0.2263493 0.202589 0.1345454 0.1299008 0.09008227 0.06981589 0.05303018 0.03633955 0.03418286 0.03316405 0.0143254 0.01576241 0.01890583 0.008494032 0.004404959 0.004533088 0.004781722 0 0 0 0.006205357 0.01147321 
0.128125 0.1129049 0.1625552 0.09856292 0.1325009 0.1488966 0.1165202 0.1667274 0.1822337 0.2798935 0.2275412 0.2857673 0.3142693 0.2941976 0.2985474 0.3005996 0.4125602 0.3245766 0.286294 0.2535393 0.2411124 0.2047137 0.1773732 0.208871 0.274943 0.224985 0.2137503 0.2962413 0.277332 0.2501686 0.2539134 0.2571899 0.2687701 0.2498642 0.2236027 0.1826627 0.1472245 0.1197152 0.09473162 0.05966874 0.04689214 0.04949471 0.03377601 0.0221973 0.02446685 0.02295063 0.02896477 0.03218751 0.01524211 0.008042715 0.005412026 4.464286e-005 0.0028125 0.0003125 0 0 
0.1869085 0.1508711 0.162568 0.1377113 0.1237037 0.1425485 0.1574638 0.2196478 0.1914718 0.1612657 0.2012876 0.2558666 0.2277073 0.1927544 0.252533 0.3140486 0.4025041 0.4163611 0.317374 0.2786554 0.2413244 0.2400491 0.2146835 0.2709121 0.2229551 0.2420327 0.2563411 0.3561772 0.3464182 0.269955 0.2169725 0.2477836 0.2873675 0.2590226 0.2281689 0.1952906 0.2212045 0.2095232 0.1328708 0.07984313 0.06682691 0.04686864 0.04414434 0.02188335 0.02798851 0.02848195 0.03057669 0.0276216 0.02881845 0.0223892 0.00771974 0 0.01 0.009910715 0 0 
0.2130536 0.1641752 0.1637591 0.08870343 0.08633053 0.1469359 0.1470357 0.1650406 0.1398375 0.1609634 0.1772636 0.1638923 0.1628866 0.1798014 0.2336215 0.3128664 0.3836408 0.3631021 0.3380173 0.2648307 0.2412447 0.2336686 0.2255385 0.2871881 0.300054 0.25236 0.234721 0.3144298 0.3047378 0.3060224 0.2848342 0.2598051 0.278338 0.3094586 0.303931 0.2490895 0.2720269 0.2365929 0.1469056 0.1057649 0.09320907 0.04193188 0.03228775 0.02566683 0.03043878 0.03886604 0.0420175 0.06087003 0.04565766 0.02714553 0.02354884 0.009999999 0.001651786 0.007544643 0.003125 8.928571e-005 
