ncols         56
nrows         54
xllcorner     28.264
yllcorner     -5.7719999999999
cellsize      0.25
NODATA_value  -9999
0.02515579 0.01793566 0.0135893 0.00760332 0.02256859 0.02817391 0.01447464 0.02551342 0.009332929 0.005162488 0.02342663 0.03768181 0.04489959 0.07159696 0.05765251 0.04714178 0.05172474 0.04627376 0.02941838 0.02655209 0.04015476 0.0529771 0.04553176 0.1132946 0.07420659 0.07446939 0.09679985 0.1046417 0.1033266 0.06858133 0.05204841 0.06632568 0.05460123 0.02946731 0.02007025 0.01919709 0.01392176 0.01234418 0.01369904 0.01431736 0.01062319 0.04191598 0.04092887 0.0279377 0.03102418 0.0331131 0.04343188 0.0416705 0.05227215 0.0635141 0.06975245 0.1036382 0.1149642 0.09558299 0.07752762 0.03649965 
0.04048701 0.01643607 0.01267607 0.007039894 0.01867001 0.03036689 0.0266093 0.01909739 0.003792996 0.002805204 0.01895001 0.09095118 0.08454658 0.1108657 0.08792378 0.03990667 0.04283312 0.03840986 0.03128954 0.03600037 0.04445852 0.09566475 0.07108178 0.06936528 0.1326817 0.089393 0.06170078 0.06173587 0.08883479 0.06635886 0.05059225 0.05662075 0.03192718 0.02739809 0.01744596 0.01546466 0.01175217 0.01288422 0.01431351 0.01891937 0.03955287 0.02770808 0.02393969 0.03317499 0.03504137 0.03503138 0.04347673 0.04883027 0.05877629 0.05749708 0.08608092 0.08247031 0.1097878 0.08129552 0.05958891 0.03235283 
0.07213415 0.03637831 0.01742585 0.01423827 0.02451758 0.02123858 0.0145344 0.02082095 0.01582891 0.005112733 0.008665184 0.03252105 0.04915401 0.07985862 0.07749443 0.09710457 0.04250491 0.05695791 0.03835142 0.03225469 0.0386631 0.04722246 0.07939965 0.1267287 0.1353889 0.1211083 0.07490249 0.08983863 0.06774639 0.05917808 0.05539674 0.06985968 0.05595226 0.03701644 0.02585838 0.01958962 0.02424255 0.02290388 0.02076311 0.01919313 0.05849581 0.02482218 0.02774829 0.03235761 0.04270857 0.03529841 0.03915634 0.05290866 0.06670371 0.0519588 0.06849998 0.06503079 0.07593259 0.07740982 0.05617825 0.03374901 
0.1004714 0.026456 0.01936749 0.02291071 0.01254553 0.009185323 0.006340658 0.007180801 0.03553357 0.006739833 0.009325684 0.02080432 0.03009077 0.04099869 0.03168686 0.03521803 0.04540076 0.04683132 0.04533977 0.03809175 0.04144244 0.06517527 0.1044907 0.09792515 0.09719909 0.08160707 0.07346686 0.08911408 0.07915191 0.1077092 0.1634103 0.1550952 0.09771112 0.09322111 0.02397129 0.03017259 0.04029929 0.03741292 0.02967152 0.04167288 0.06158947 0.08118302 0.07385095 0.06025894 0.06138009 0.06765027 0.05086241 0.05489847 0.05814607 0.06152017 0.06787805 0.07825603 0.06549343 0.08015142 0.0634526 0.04754029 
0.1139457 0.03937639 0.0348043 0.03610155 0.01580052 0.01090928 0.006395943 0.01085926 0.0256706 0.02318297 0.01786084 0.01618862 0.02399961 0.0455097 0.04305444 0.04426822 0.03734449 0.04415037 0.04647704 0.02648145 0.05317893 0.0622934 0.06723166 0.07528638 0.1037975 0.08660572 0.07124458 0.1245688 0.1670481 0.1105935 0.1088577 0.1133032 0.1098045 0.08672135 0.04686325 0.03734526 0.04557482 0.03432361 0.03836695 0.06627244 0.07356907 0.09973148 0.07732144 0.08512082 0.07049513 0.1105318 0.05054446 0.05912071 0.06362268 0.06885629 0.09096176 0.08482696 0.03553187 0.03023393 0.03033667 0.03632754 
0.08679014 0.04056082 0.02957487 0.01703042 0.02238526 0.01536958 0.01373663 0.03703704 0.03018044 0.03979522 0.03098432 0.03070704 0.03074421 0.03959374 0.03371772 0.0350924 0.03541525 0.04844816 0.05134165 0.02980001 0.04327258 0.03765613 0.0442402 0.06860979 0.08581223 0.08058345 0.07323614 0.1210507 0.1101283 0.09591364 0.07291803 0.1070539 0.1199263 0.1609575 0.06770349 0.05028239 0.0457986 0.03950583 0.05629889 0.08494704 0.08481067 0.06322806 0.08855934 0.04853809 0.03521425 0.06504961 0.06102224 0.07023004 0.07331906 0.06300969 0.1075389 0.05197039 0.03302753 0.02718215 0.01797491 0.008062905 
0.05159363 0.05691279 0.0410764 0.02463747 0.02106949 0.03096341 0.01984816 0.0486758 0.0317962 0.0343416 0.04658281 0.04328063 0.02966192 0.02212525 0.02993078 0.02644977 0.03655156 0.07497859 0.04933256 0.03696879 0.05697325 0.03463473 0.03532768 0.05480944 0.0611647 0.07018853 0.06777712 0.07519738 0.08425982 0.07733186 0.07155912 0.1214178 0.143976 0.181509 0.08379191 0.07024411 0.05128773 0.06708907 0.06949491 0.0995198 0.06014859 0.04118817 0.04443233 0.02969105 0.02667954 0.04017986 0.04724111 0.06757224 0.08752196 0.05595519 0.06294332 0.03717737 0.02389606 0.0468569 0.03406552 0.009738318 
0.067062 0.05257909 0.03196377 0.01618923 0.01494328 0.02350584 0.02098176 0.0310289 0.04114723 0.04031464 0.04532436 0.03322495 0.01676031 0.0156099 0.02946264 0.03228436 0.1023413 0.1028605 0.05267568 0.05995534 0.06253718 0.03994102 0.04160833 0.04785506 0.0618254 0.05959574 0.06220086 0.06020563 0.05548448 0.07376293 0.1049696 0.1066385 0.1345687 0.1383828 0.1030836 0.05557895 0.0498122 0.06587648 0.05675821 0.06777996 0.06602895 0.03872464 0.0656652 0.05766593 0.03278464 0.03632385 0.03955241 0.04214256 0.07217848 0.05343342 0.05776579 0.04465034 0.03445606 0.04855096 0.05434977 0.02170356 
0.05937392 0.04065958 0.01733734 0.01216078 0.01787483 0.02295869 0.01920494 0.03199698 0.02883116 0.0260513 0.02968913 0.02000275 0.01671591 0.02379248 0.03659915 0.0362989 0.1175866 0.1293409 0.05333333 0.054996 0.05329791 0.03917519 0.03139197 0.05716436 0.04747449 0.04754367 0.04209422 0.04421245 0.07649171 0.06819803 0.06982923 0.1115344 0.09155516 0.09788497 0.09309715 0.08263975 0.08421016 0.0686193 0.05614472 0.04607331 0.05127387 0.05301116 0.07149061 0.04631664 0.03678578 0.05412381 0.03731753 0.03472807 0.06319844 0.06378584 0.05785571 0.08506383 0.09855162 0.05134553 0.03342776 0.03729183 
0.04199113 0.03454223 0.02220788 0.01088021 0.01437344 0.03188632 0.04929921 0.02235465 0.01632142 0.01088408 0.009843525 0.01787635 0.01457224 0.02385004 0.03406993 0.04128822 0.09759337 0.1050633 0.08362291 0.06127818 0.05968818 0.03662042 0.03326391 0.04377954 0.027966 0.02396681 0.03073972 0.03938888 0.04647881 0.05197032 0.0630869 0.2114394 0.1912742 0.0940947 0.1016212 0.1287751 0.1186663 0.07733247 0.04966931 0.05061293 0.04888391 0.0432567 0.05674241 0.05859261 0.04620114 0.02419106 0.02797366 0.04832759 0.03929422 0.05843405 0.05334873 0.2214213 0.2290862 0.1339097 0.05706743 0.05974755 
0.08371855 0.05292096 0.05018638 0.02640312 0.02878126 0.02510607 0.02715187 0.02708998 0.01527131 0.006542029 0.00681529 0.01327038 0.01789046 0.01928312 0.02849372 0.0315391 0.04611233 0.05274167 0.07260023 0.07213971 0.05171238 0.04219068 0.03360049 0.02837224 0.02224319 0.01828561 0.02091753 0.01757384 0.03393416 0.03895316 0.04462121 0.1475786 0.1076274 0.1015467 0.09617562 0.1094559 0.09050301 0.05317522 0.04082153 0.04752994 0.05070632 0.05716311 0.06479736 0.06901996 0.05492776 0.03185469 0.03374843 0.04419687 0.05326508 0.06632802 0.06177673 0.1383491 0.3335865 0.2303666 0.08705881 0.08153906 
0.1119104 0.0940324 0.09426384 0.0653519 0.04454416 0.03184505 0.03107377 0.01766252 0.02585218 0.008543589 0.009943087 0.01812711 0.01994199 0.01203006 0.03071846 0.03086197 0.04423425 0.05942858 0.05037989 0.06268936 0.04412045 0.05391118 0.02110463 0.01723188 0.0199173 0.02292913 0.02022685 0.01523921 0.01806798 0.02286773 0.02900698 0.05431766 0.05863806 0.0534608 0.04228423 0.09746095 0.04813824 0.04864814 0.03296062 0.04694829 0.04400304 0.04321521 0.03512999 0.04392568 0.03278932 0.05573895 0.04975832 0.06365175 0.04649679 0.07161089 0.05820143 0.07666807 0.1917907 0.2587881 0.09066405 0.03532 
0.05619209 0.06540372 0.09971615 0.09021773 0.05025063 0.03243314 0.0191108 0.0107 0.009939517 0.02187395 0.02577158 0.03393791 0.02313269 0.014746 0.022457 0.0350515 0.03703321 0.05785139 0.04079413 0.03426193 0.02960775 0.01560248 0.009764574 0.01813079 0.05015545 0.03665339 0.01999254 0.01698013 0.01568924 0.02033866 0.01467681 0.02467703 0.02749496 0.04171176 0.04144664 0.08603406 0.06888483 0.0407048 0.05107528 0.05380629 0.02759756 0.02384759 0.04334175 0.03740028 0.03739188 0.06706529 0.051135 0.05095694 0.05010694 0.05405161 0.04440911 0.03969637 0.08336719 0.1734633 0.115101 0.04155602 
0.051516 0.06259751 0.09207129 0.05390021 0.0391334 0.05964089 0.02241583 0.01452676 0.01353145 0.02844878 0.03053617 0.02469695 0.03025087 0.02958745 0.03337453 0.04724906 0.07933536 0.08134999 0.0439112 0.03089813 0.01587758 0.009190383 0.02000303 0.01286926 0.01843053 0.01161222 0.0260073 0.01338515 0.01193734 0.01559824 0.01674784 0.03616279 0.03151228 0.07442616 0.06198196 0.07159866 0.120189 0.05955032 0.0519412 0.04709328 0.02022071 0.02146768 0.03140379 0.04538348 0.08085823 0.06672071 0.04659636 0.03467594 0.03611396 0.05566767 0.05626159 0.04425799 0.01997573 0.05720723 0.03865202 0.03073649 
0.08817931 0.09287677 0.09567479 0.06722795 0.07017867 0.05025218 0.05314274 0.01850634 0.02377039 0.02598971 0.02862338 0.02993137 0.02667044 0.03112578 0.03826047 0.04406858 0.07327459 0.1105942 0.05506956 0.02272074 0.01146003 0.01094509 0.01449453 0.01842564 0.0202904 0.009023117 0.006356427 0.005045826 0.004463455 0.02218517 0.01907168 0.01650335 0.01481576 0.03862263 0.04579533 0.04729451 0.05549621 0.06168835 0.04237662 0.05843714 0.03486879 0.0257775 0.04057866 0.03190076 0.06695829 0.06502754 0.04156196 0.02710994 0.03710663 0.04145965 0.0440431 0.03811096 0.008778732 0.02085407 0.04453074 0.03967823 
0.150922 0.1248307 0.09442496 0.07800328 0.1013711 0.0741692 0.0361494 0.02431493 0.0249928 0.02808549 0.02677311 0.03979889 0.04120779 0.04421648 0.0465124 0.07895904 0.09108713 0.1054647 0.0474488 0.02609804 0.01759919 0.02395628 0.02264045 0.04524381 0.02835841 0.01483741 0.01195451 0.008647235 0.009607048 0.006253588 0.01214256 0.01561488 0.01560996 0.02563234 0.02657159 0.07326132 0.03201875 0.04830878 0.04870823 0.07820088 0.075494 0.04478583 0.03200167 0.02892708 0.04325412 0.02020355 0.01831226 0.03001594 0.05106374 0.04244612 0.04991775 0.04455928 0.01794682 0.04063242 0.02415914 0.03748794 
0.08232631 0.08194561 0.1081371 0.08770943 0.09165439 0.06801569 0.05583008 0.04816058 0.03590776 0.03937247 0.02643313 0.04414795 0.06899373 0.08280953 0.07768203 0.07399711 0.07488889 0.0607517 0.04439325 0.02628441 0.02508824 0.0397015 0.02846232 0.03051406 0.03573162 0.01686286 0.007994337 0.004266173 0.008561677 0.012064 0.01252243 0.02369164 0.02371677 0.02909562 0.04455885 0.04248435 0.04303666 0.03363451 0.04826403 0.05463189 0.06044264 0.04065287 0.04712705 0.06657596 0.05173404 0.03100911 0.04059776 0.02722819 0.04907329 0.05779477 0.05767656 0.06065356 0.03060122 0.02567517 0.04021767 0.08364153 
0.08340173 0.09611043 0.09790861 0.09116929 0.09208415 0.08951942 0.05617375 0.04412172 0.05958671 0.04809181 0.0714766 0.06612311 0.07505292 0.107498 0.1019431 0.09444173 0.05614243 0.05636905 0.04006523 0.0213928 0.03749662 0.03100484 0.02374176 0.01995749 0.015448 0.01341388 0.02313489 0.006216327 0.008117077 0.008590229 0.008873063 0.01116505 0.01557417 0.0232338 0.0214366 0.01968775 0.02728563 0.04140443 0.05593899 0.06033521 0.08029168 0.08379541 0.065777 0.06785066 0.05128757 0.02005161 0.01981915 0.03593754 0.03639024 0.03672425 0.05150285 0.08105578 0.1415039 0.05657935 0.03531924 0.07205227 
0.08647574 0.1380791 0.1240391 0.1301304 0.08483288 0.08259244 0.06816888 0.06608457 0.07715197 0.09725174 0.1236315 0.1035189 0.1115168 0.1211735 0.08665299 0.1144668 0.1164136 0.09603039 0.04121228 0.04601382 0.04084955 0.03619274 0.02002732 0.01982618 0.0157684 0.01427642 0.01685579 0.00610511 0.003841813 0.008094214 0.01032845 0.01160247 0.01719514 0.01947817 0.01976779 0.03280597 0.03710279 0.05089273 0.0572299 0.07165478 0.05687888 0.08020581 0.08304497 0.06239353 0.06193085 0.04653199 0.02631547 0.0513174 0.04162944 0.06812829 0.1007362 0.1764361 0.1058469 0.0900693 0.06891485 0.06688255 
0.1289108 0.1343241 0.1199183 0.1878747 0.08700276 0.08189338 0.08913227 0.08495566 0.0682455 0.1221227 0.1065617 0.1644941 0.140855 0.1378963 0.09999046 0.1389547 0.1374748 0.1150995 0.05074307 0.06766348 0.03790028 0.03476866 0.02233349 0.02768622 0.01930031 0.01311164 0.008535948 0.006948948 0.005022115 0.008782851 0.01051235 0.01568745 0.01745174 0.02334536 0.02774257 0.03499665 0.04609689 0.06746066 0.05276094 0.05801014 0.07839897 0.08371881 0.0747385 0.05533391 0.06730155 0.07500568 0.05411125 0.05158511 0.0444121 0.05493006 0.06900828 0.1151059 0.1245958 0.1209226 0.09207258 0.1074906 
0.1512556 0.1294641 0.1616744 0.1629478 0.1249112 0.08389565 0.08768854 0.08753963 0.0851232 0.09938265 0.1301866 0.1439553 0.1743319 0.1328814 0.1660405 0.1313986 0.09343908 0.09016216 0.03826073 0.04605774 0.04399803 0.06923503 0.05437077 0.06516375 0.04568405 0.02423595 0.02069863 0.01110623 0.00589577 0.00996012 0.01096231 0.0125755 0.02028422 0.04787688 0.03523216 0.06212942 0.06192789 0.06568368 0.06339368 0.07718255 0.1005847 0.06612522 0.06414595 0.06781286 0.06617071 0.109509 0.08186562 0.0700023 0.04388828 0.0557546 0.05767798 0.1255708 0.1516643 0.1503535 0.1522028 0.1506177 
0.1703532 0.1662432 0.2288497 0.2265833 0.239539 0.1499795 0.1081418 0.1082677 0.06942657 0.07336417 0.1035103 0.133413 0.09974449 0.08735242 0.1345428 0.1462923 0.0821117 0.05527575 0.03981737 0.0548576 0.0675034 0.05926553 0.05764808 0.06164518 0.0345545 0.01890361 0.0318212 0.02175255 0.01222731 0.01189461 0.01751245 0.0164515 0.02405453 0.02790514 0.0242446 0.03302258 0.05689341 0.06211971 0.07711335 0.1013046 0.1685754 0.1453788 0.05626869 0.04694362 0.04520998 0.0795143 0.05533408 0.06133806 0.05015201 0.04534298 0.05431257 0.1217762 0.1306704 0.1294906 0.1809092 0.2040655 
0.2161526 0.1704476 0.1809815 0.1874935 0.2410112 0.2074441 0.2569624 0.1459337 0.05859393 0.06056853 0.1239018 0.1527747 0.1128642 0.1001807 0.1045668 0.09940948 0.05953954 0.07226078 0.05302164 0.07075687 0.0642055 0.07646816 0.08301532 0.1167581 0.05587089 0.02298866 0.01250348 0.02125297 0.02027607 0.01666612 0.02157895 0.01571776 0.02150364 0.02221197 0.03128548 0.04122728 0.04744679 0.05932789 0.0726878 0.07172439 0.09082911 0.1176655 0.05861874 0.03403139 0.0219027 0.03588425 0.05328104 0.06036569 0.04055218 0.04608257 0.06819089 0.1090093 0.1138401 0.1350325 0.2165347 0.2763658 
0.3264673 0.2669421 0.2120093 0.1975667 0.2064072 0.1997674 0.1306405 0.131837 0.07659183 0.1329742 0.1323105 0.1852626 0.1226268 0.1148838 0.1858408 0.1202576 0.09531852 0.1458442 0.1241239 0.09239694 0.07975995 0.07886958 0.07988228 0.09475686 0.1081559 0.03055716 0.02545317 0.02189242 0.01817282 0.01749305 0.02707746 0.02514533 0.02537534 0.04219402 0.0649062 0.1147726 0.07274873 0.08596697 0.1059172 0.07969471 0.05656945 0.0687899 0.05911325 0.03118735 0.02716248 0.03380665 0.02075234 0.0444555 0.05792919 0.02775105 0.0753862 0.1333511 0.1269812 0.1785211 0.1522873 0.2443659 
0.2980444 0.2804812 0.2381659 0.169963 0.1601055 0.1559366 0.09863658 0.08266966 0.04866092 0.09586791 0.1123525 0.1313047 0.09031441 0.1210449 0.1467578 0.1680411 0.1965676 0.1155841 0.08600646 0.08699516 0.1421104 0.1187349 0.09745288 0.08180388 0.06459801 0.02948395 0.02831747 0.02313508 0.02265186 0.02180721 0.02106506 0.02009891 0.03972163 0.08907104 0.07822944 0.1155386 0.09905466 0.08744851 0.1005468 0.06815266 0.06043877 0.05260624 0.05151483 0.03031949 0.02609127 0.02079251 0.03198039 0.03669653 0.09833939 0.06421323 0.05906258 0.1146847 0.1312501 0.1436733 0.1396826 0.1731202 
0.3364764 0.2634838 0.2630592 0.1983966 0.2087733 0.1666328 0.0934175 0.06623323 0.04004274 0.06494123 0.07127417 0.0883103 0.06968999 0.1131434 0.1255339 0.1547321 0.1396386 0.08701777 0.1149116 0.1130706 0.1156941 0.09050038 0.09260298 0.07391011 0.05317987 0.05368941 0.04017976 0.03173429 0.04641482 0.05795769 0.03176136 0.05217822 0.03569128 0.1064239 0.1347881 0.1196131 0.113698 0.09675509 0.1007808 0.07223146 0.06578824 0.04798016 0.04381886 0.04864533 0.02667003 0.02281651 0.02921249 0.05976825 0.09882233 0.09334559 0.06744468 0.1147863 0.1437124 0.1623108 0.2076186 0.2605229 
0.2777745 0.2490875 0.2422659 0.2609104 0.2208405 0.1628363 0.1371388 0.1225445 0.05655412 0.06786884 0.0823595 0.1136217 0.1064765 0.08269742 0.09945861 0.1129382 0.09094208 0.07209345 0.1156075 0.13507 0.135497 0.07126606 0.08293922 0.1069304 0.08742483 0.05256108 0.05201633 0.04437814 0.03741337 0.03690045 0.04942081 0.08880218 0.03538976 0.05386463 0.09071065 0.1276884 0.1933301 0.1773673 0.1517303 0.1104599 0.09658589 0.06887584 0.06017094 0.06447941 0.04642527 0.04688956 0.04173334 0.05446447 0.09418197 0.0746716 0.06734987 0.1186949 0.1627601 0.2275412 0.2609267 0.3027658 
0.3045518 0.2770795 0.2581948 0.312618 0.2646534 0.2262263 0.153434 0.1818352 0.116225 0.08277149 0.08262743 0.1061066 0.1437841 0.1187387 0.1217837 0.0985079 0.09149201 0.1158222 0.1522202 0.1573044 0.1187644 0.109833 0.1426058 0.1010366 0.09417257 0.07496145 0.05293849 0.05354119 0.04299124 0.0419362 0.05605603 0.09660901 0.06421335 0.07453433 0.09804793 0.127843 0.1883081 0.1700701 0.1762786 0.161223 0.1969571 0.1421418 0.1074041 0.0725785 0.08752502 0.1206757 0.1080137 0.09838121 0.1567501 0.1074671 0.08575744 0.1087198 0.1360427 0.1776191 0.1510132 0.185242 
0.4054411 0.2731325 0.2652255 0.2580363 0.2265141 0.2321498 0.134855 0.1883069 0.1115779 0.08604051 0.08559766 0.1171376 0.1372608 0.131176 0.1030457 0.09674836 0.1285187 0.1179922 0.112282 0.1174946 0.1030657 0.1271317 0.226106 0.1747319 0.1531751 0.08586039 0.08031426 0.05748476 0.05184616 0.06472365 0.06193511 0.1080424 0.06678958 0.07892999 0.09313034 0.130681 0.1455586 0.16531 0.1688487 0.192719 0.1610795 0.1454633 0.1080959 0.08669253 0.100787 0.1368077 0.1730631 0.17737 0.1939127 0.1288818 0.150822 0.1574242 0.2891699 0.2095963 0.1584877 0.1532398 
0.5146163 0.3099624 0.2930529 0.223643 0.2429114 0.1554587 0.1472465 0.1165608 0.1250954 0.116508 0.1032323 0.1159692 0.1168884 0.132147 0.0951286 0.1343864 0.1496863 0.1341235 0.10226 0.08078808 0.0945868 0.1337014 0.3112184 0.2143248 0.187437 0.1206606 0.0975678 0.08102966 0.06451339 0.06518542 0.06438886 0.07250019 0.07767373 0.08497243 0.08705533 0.1271097 0.1666677 0.1920664 0.2344399 0.2318195 0.1986853 0.1900838 0.1484746 0.1005372 0.1020286 0.1151141 0.2010169 0.2044161 0.1788996 0.1572007 0.1890847 0.1851127 0.1693278 0.1619692 0.1491536 0.2200438 
0.6499112 0.3896518 0.2598673 0.2374033 0.2130997 0.1691559 0.153624 0.1443742 0.1426555 0.1084432 0.08525349 0.1614649 0.1173203 0.1818819 0.1450705 0.155572 0.1351589 0.1108114 0.1475373 0.1137377 0.1470789 0.1713248 0.1318903 0.1353782 0.1498675 0.1592361 0.1314309 0.1004823 0.08158594 0.06538098 0.06715816 0.06858604 0.0631547 0.08971747 0.1307424 0.1264541 0.1651269 0.2030933 0.2148836 0.200633 0.2029853 0.2147925 0.1940785 0.1156757 0.1190678 0.1246441 0.176565 0.2484143 0.2044844 0.1630356 0.1613334 0.2216005 0.1611488 0.1304135 0.1405518 0.1796198 
0.6385413 0.6069024 0.3929088 0.2366249 0.2019071 0.1779104 0.1661594 0.2368914 0.171561 0.1420873 0.1155806 0.1728023 0.1740572 0.1881863 0.1921576 0.1371627 0.1655568 0.2164988 0.2940331 0.213262 0.1343691 0.1272462 0.09583066 0.1126263 0.1386012 0.1230507 0.1303826 0.1189458 0.09036433 0.06508075 0.06149171 0.06222197 0.06768879 0.07839406 0.1172346 0.1311277 0.1675897 0.1908565 0.2062835 0.1983366 0.1987133 0.1968959 0.1650819 0.1362796 0.1399352 0.1659602 0.1821662 0.2414525 0.2414507 0.2586108 0.2052939 0.1431472 0.1704023 0.1101029 0.1517308 0.1545112 
0.5673366 0.4908882 0.2685815 0.1857781 0.1101232 0.1436664 0.1411346 0.2987595 0.2187069 0.1050625 0.1002378 0.1938845 0.2088944 0.1699085 0.2351135 0.2756088 0.3117379 0.3077485 0.2512201 0.197399 0.1631614 0.2473458 0.2746175 0.1732639 0.1248916 0.1204549 0.1042948 0.1182995 0.09505775 0.07107204 0.05609338 0.08752967 0.08327436 0.1024954 0.1456619 0.1480361 0.1690202 0.1992932 0.2387295 0.2133662 0.171666 0.182991 0.1906072 0.142066 0.1717863 0.2350189 0.2096782 0.2080548 0.2808197 0.285893 0.1916976 0.1716112 0.1542271 0.1174003 0.1204909 0.1342304 
0.531682 0.2462559 0.1236531 0.1184298 0.1281724 0.1739288 0.2061202 0.2043806 0.1475857 0.1073589 0.09686888 0.1894088 0.2124137 0.2536382 0.273529 0.2988244 0.3132085 0.2748176 0.2491748 0.1844411 0.2188016 0.2251786 0.2961697 0.1527358 0.1341073 0.1438418 0.1672664 0.1273113 0.07964697 0.08009053 0.0600317 0.07753182 0.1146231 0.09476118 0.08343311 0.1518821 0.1531234 0.2283191 0.2991255 0.314585 0.2287056 0.1847474 0.2130446 0.1884726 0.2042906 0.2431243 0.2524148 0.214369 0.2418828 0.2545171 0.2632651 0.1909511 0.1689861 0.1697955 0.08866099 0.05337351 
0.5708926 0.2398465 0.1283963 0.1677226 0.175578 0.2158567 0.1659696 0.2030438 0.1170046 0.1351539 0.1405879 0.2641402 0.2290756 0.2192132 0.2741973 0.2796047 0.2941555 0.2951892 0.3133231 0.2437899 0.3014857 0.2297464 0.2238627 0.1394408 0.1473063 0.1589364 0.1471021 0.1151693 0.08377924 0.07409842 0.07835348 0.08317169 0.1053545 0.07071245 0.08531726 0.1199289 0.1510053 0.1655203 0.2308163 0.2571234 0.2319794 0.2700976 0.2575669 0.278944 0.2119799 0.2219586 0.2472832 0.2199969 0.2449281 0.2289174 0.2201166 0.1804816 0.1563746 0.1412608 0.1002799 0.0670241 
0.6357054 0.337682 0.2482739 0.2152053 0.1876898 0.1835705 0.1488989 0.2114913 0.2236153 0.2889688 0.1528963 0.2528531 0.2487508 0.2306918 0.2879466 0.3715502 0.3459036 0.3921923 0.3580049 0.2696803 0.2011893 0.163242 0.1424045 0.1512487 0.1385704 0.1686621 0.113341 0.1023659 0.05649919 0.03685711 0.04939058 0.1036393 0.07077172 0.07620833 0.1202525 0.1297056 0.1240668 0.1171005 0.2047684 0.342044 0.3425491 0.3282951 0.2700989 0.2352051 0.1382864 0.1578539 0.201631 0.2067402 0.1964678 0.1576002 0.1564961 0.1385224 0.09468746 0.07331701 0.04685668 0.05642923 
0.5709512 0.3547378 0.2250779 0.174876 0.1999501 0.1461166 0.1299384 0.2314429 0.2996816 0.2472467 0.1386198 0.24447 0.2686239 0.2598481 0.3675944 0.3332871 0.3683413 0.3334723 0.3099399 0.2341083 0.1514498 0.1279743 0.09964294 0.1026845 0.1583758 0.1289797 0.1226108 0.07469537 0.04433921 0.02785644 0.03279594 0.05653197 0.06196747 0.06054269 0.09548125 0.1209322 0.1137378 0.1249244 0.1731547 0.2863203 0.228751 0.257896 0.3286638 0.2208352 0.1682584 0.1301062 0.1710521 0.1665376 0.209319 0.1900472 0.105797 0.08895466 0.09845138 0.06658871 0.05960664 0.102121 
0.4611171 0.3052828 0.1433319 0.1774901 0.1581172 0.1601244 0.1099091 0.2175793 0.2758537 0.1989537 0.1502414 0.2327932 0.2735238 0.2443474 0.3107491 0.400773 0.3458593 0.3424115 0.2698932 0.183884 0.1453954 0.1251612 0.1324585 0.1139023 0.1439628 0.131264 0.1381866 0.09195672 0.04344514 0.02883557 0.03832971 0.05168909 0.04982162 0.07049913 0.0990893 0.1363273 0.1231499 0.09867541 0.09918354 0.1611517 0.1272954 0.1995489 0.2741492 0.1710395 0.1214095 0.1520741 0.1478581 0.1809501 0.1880569 0.2118018 0.1604868 0.1199759 0.08238588 0.08210318 0.07726675 0.03992819 
0.4561591 0.2368223 0.1249325 0.1899061 0.1715719 0.1694886 0.1438017 0.1928223 0.210057 0.1791323 0.2755462 0.2808227 0.2798373 0.2161453 0.3007774 0.3954671 0.3897855 0.3044996 0.2528418 0.1807634 0.1468754 0.1454159 0.1756201 0.1470369 0.132309 0.09526128 0.09870664 0.07855146 0.04136492 0.02548122 0.02230628 0.05856459 0.07225704 0.0830304 0.1022197 0.1138038 0.1213762 0.1133149 0.08827427 0.1521772 0.2890352 0.2998136 0.2581718 0.1453934 0.1172433 0.2375679 0.2041612 0.1377899 0.1667838 0.2317333 0.1695764 0.1030772 0.08047224 0.07833838 0.02240771 0.03561527 
0.4562703 0.2617167 0.0888577 0.1507347 0.1501318 0.1862704 0.1623957 0.1616663 0.1700846 0.1994069 0.2076255 0.1832321 0.1799448 0.1685402 0.2313358 0.3345512 0.4061728 0.3157789 0.2068439 0.1660629 0.1751563 0.1680167 0.1490001 0.188704 0.1244227 0.07281665 0.03820675 0.04380544 0.03280525 0.02667674 0.02693104 0.05795252 0.04786294 0.05443545 0.06596188 0.1172306 0.1214731 0.08782981 0.1218894 0.1909062 0.4055954 0.3739051 0.326874 0.2173984 0.1257952 0.1823726 0.2589211 0.1785013 0.2055482 0.1201094 0.1096941 0.1084883 0.09242995 0.02212442 0.02724905 0.01978914 
0.4295771 0.2196455 0.1299096 0.1439293 0.1405535 0.1642364 0.2136806 0.1865662 0.204429 0.169874 0.1529225 0.1614515 0.184497 0.131037 0.1749554 0.2668847 0.2660446 0.2401411 0.1983041 0.1683104 0.1402267 0.2223049 0.1999155 0.1643364 0.1185228 0.08505566 0.0539727 0.0317727 0.02966387 0.02072922 0.03988905 0.05798363 0.05076852 0.03794775 0.03466363 0.05356738 0.0586729 0.07678843 0.1454822 0.2618621 0.3528664 0.2804248 0.2405056 0.1777726 0.09378741 0.1374027 0.2009883 0.1768401 0.1498034 0.1339253 0.09842159 0.1031711 0.04902747 0.03644928 0.02895965 0.031066 
0.4275187 0.1764869 0.1210811 0.1929602 0.126879 0.1363983 0.1944162 0.2285224 0.2612726 0.2113165 0.2460547 0.2176971 0.1639348 0.1326603 0.1765335 0.246376 0.2082101 0.1978537 0.1340159 0.1410544 0.1848298 0.2294245 0.1681906 0.130933 0.1572752 0.08295143 0.06844433 0.04884014 0.03856864 0.02048939 0.02418484 0.04774511 0.04567221 0.02899063 0.02265674 0.03423784 0.0361229 0.07384877 0.1539535 0.2113602 0.2497945 0.192632 0.1157652 0.09517591 0.0924299 0.1227724 0.215154 0.09911684 0.09018203 0.1050615 0.1084459 0.04279847 0.05843538 0.03259738 0.03290399 0.02990985 
0.2270583 0.1491577 0.1076333 0.1474253 0.1340633 0.1627667 0.2257466 0.2268144 0.2376462 0.2201013 0.2967708 0.278251 0.2750248 0.2670818 0.2712347 0.2647049 0.2580961 0.1990389 0.1429833 0.1298741 0.1644994 0.1922423 0.1305796 0.1766643 0.1475575 0.07829635 0.052535 0.03810403 0.04772799 0.0498895 0.04219538 0.04290957 0.03656108 0.02717237 0.0225143 0.0554749 0.1453165 0.06616415 0.05728032 0.08843486 0.1296086 0.1369947 0.1614162 0.117602 0.1161191 0.1749584 0.1708053 0.07766485 0.07734857 0.1025604 0.1068118 0.03380381 0.03409515 0.02595794 0.02263436 0.02016853 
0.1486856 0.1174071 0.08538932 0.1129665 0.108344 0.123797 0.1914535 0.161514 0.1934625 0.1518127 0.2054116 0.2101129 0.1844125 0.2380296 0.2893979 0.2631731 0.1606158 0.1610545 0.2549182 0.2313687 0.1583195 0.1170544 0.105287 0.1245324 0.1289712 0.08323212 0.06353369 0.06328461 0.06954799 0.04297067 0.05375709 0.02346239 0.02533119 0.03628877 0.07409449 0.1261652 0.3235769 0.06785346 0.04469614 0.07146262 0.09072807 0.1050889 0.09548614 0.1211927 0.106281 0.1572929 0.1484591 0.0924808 0.0795438 0.1266312 0.05953599 0.02834199 0.04136966 0.03462233 0.02311512 0.004666667 
0.2191558 0.1162025 0.08926438 0.09977785 0.1280462 0.1365062 0.1476603 0.2174749 0.1813069 0.1716977 0.1850783 0.1466471 0.18822 0.2810548 0.213411 0.261693 0.2375177 0.2587949 0.304509 0.3001247 0.1449492 0.1019909 0.09174231 0.1184074 0.133974 0.06044411 0.0578859 0.04107609 0.05949736 0.04654835 0.1070943 0.02819172 0.01594761 0.04298762 0.05436733 0.06032211 0.0859454 0.05614315 0.0348537 0.06026473 0.1014194 0.06823981 0.05172703 0.07228789 0.1056002 0.1273779 0.08086606 0.0728372 0.08598007 0.05892197 0.05997211 0.03251796 0.04155786 0.05381302 0.0437843 0.01679167 
0.3281287 0.1103055 0.0684331 0.1558252 0.1653363 0.1649745 0.1598273 0.2393251 0.2476028 0.1709886 0.1731817 0.1964481 0.1871514 0.2399265 0.2384338 0.2120016 0.2469961 0.2902622 0.241561 0.3204076 0.1358757 0.1437391 0.07477701 0.09345504 0.1103598 0.05365023 0.03944111 0.04594408 0.03648447 0.06470285 0.07914474 0.03404477 0.01938855 0.01492372 0.01454298 0.01758382 0.0197612 0.02171866 0.03094202 0.03966909 0.0627625 0.07099286 0.1292253 0.1579902 0.09001908 0.157017 0.07180535 0.07937671 0.0810382 0.03976382 0.05003647 0.02776445 0.0304511 0.03237525 0.03815237 0.016375 
0.2548702 0.132159 0.1464813 0.170255 0.1579978 0.1111095 0.144679 0.2920603 0.3363002 0.1879245 0.2489607 0.2227906 0.1691782 0.1773789 0.1649025 0.1581283 0.1544625 0.1997562 0.2186713 0.1590616 0.1582023 0.1209622 0.05871894 0.06043958 0.05822654 0.08370721 0.06136829 0.02823171 0.02452784 0.04123387 0.01328531 0.03211072 0.02507162 0.04110857 0.02133526 0.02293547 0.02520048 0.04123061 0.06612622 0.04592541 0.04164456 0.0787373 0.1771037 0.1171173 0.1263297 0.09609015 0.0814511 0.08945197 0.05469127 0.04000035 0.03682151 0.01300059 0.01798751 0.02198354 0.03112436 0.013 
0.2202306 0.1181764 0.2448085 0.3411105 0.2198102 0.1657333 0.2023538 0.2706202 0.3004427 0.1957923 0.2340516 0.2015553 0.1490988 0.182707 0.1467201 0.1646094 0.1731264 0.09427615 0.08944912 0.1177956 0.09358097 0.07553576 0.07067879 0.09312394 0.1073865 0.1083045 0.0979865 0.05333167 0.03288902 0.06156749 0.01472201 0.0242906 0.03328586 0.02379456 0.008048484 0.01332186 0.04078864 0.04749964 0.1279959 0.09668079 0.05001084 0.1066182 0.1484528 0.08316062 0.1331127 0.05906675 0.05880131 0.03453993 0.04665679 0.05936802 0.03349024 0.004833333 0.006583333 0.01533333 0.01070833 0.006833333 
0.3059169 0.1115761 0.2204018 0.3359085 0.2993706 0.2884204 0.2899452 0.3160176 0.2346883 0.1987413 0.1939743 0.1792337 0.1894541 0.2573099 0.1647261 0.1451842 0.1551114 0.107815 0.0999748 0.08149606 0.05529954 0.05174325 0.06195831 0.07166365 0.07915545 0.0507683 0.02934029 0.01569898 0.03201005 0.04409115 0.04232368 0.02332596 0.03399564 0.04011114 0.05343908 0.0366019 0.04698911 0.06688984 0.1581506 0.08600762 0.1961199 0.1530879 0.06195204 0.1018062 0.1014651 0.08993978 0.06115164 0.0364457 0.03651915 0.06734345 0.03912992 0.006916666 0.00425 0.0165 0.0245 0.00675 
0.3918927 0.3338816 0.2291867 0.3935657 0.3370591 0.3380346 0.2926461 0.3650723 0.2500805 0.2220618 0.1966198 0.2025911 0.175748 0.1534183 0.1457088 0.170739 0.1432528 0.1665513 0.08051845 0.08649565 0.04921026 0.05053867 0.04481564 0.05692175 0.02788498 0.01842413 0.01188571 0.007747479 0.00967691 0.036398 0.03703748 0.03590986 0.05685303 0.03631599 0.01483486 0.0183188 0.06237829 0.102578 0.1215914 0.1575342 0.1187413 0.06719504 0.05861123 0.1141899 0.08372679 0.0715709 0.06571889 0.04109265 0.04625418 0.0453136 0.05543608 0.01020833 0.006125 0.01279167 0.03279167 0.01891667 
0.4386888 0.3846736 0.4856108 0.5484757 0.3776155 0.2953843 0.2494493 0.3205442 0.326649 0.2122512 0.2490937 0.3324697 0.2196075 0.1956856 0.1955115 0.2081967 0.1645671 0.224613 0.1193966 0.09725878 0.09074979 0.05991386 0.03909565 0.03212532 0.0242596 0.02222361 0.03998788 0.02307482 0.02108453 0.06345587 0.05051744 0.02333548 0.05130302 0.0276571 0.02643848 0.02224019 0.06935157 0.05665648 0.1170856 0.08995066 0.1120355 0.05929499 0.1351919 0.1176031 0.09538803 0.118072 0.06217717 0.06957337 0.0686532 0.056703 0.04883941 0.022625 0.01908333 0.01458333 0.01920833 0.01991667 
0.3507877 0.3691055 0.5344308 0.8802401 0.5305603 0.4196235 0.2910618 0.2771677 0.2876969 0.2383085 0.2217444 0.2418786 0.2071906 0.2035834 0.1476303 0.193524 0.1776063 0.1446933 0.08387849 0.09907913 0.08523664 0.07088318 0.05320343 0.04888183 0.0472279 0.009242285 0.04081358 0.03194435 0.05079563 0.07285742 0.06509197 0.01874265 0.02201623 0.03153333 0.0453731 0.04714196 0.06417923 0.08524401 0.09071019 0.1339895 0.1460775 0.1533281 0.1612305 0.1356049 0.1386965 0.1691012 0.1150966 0.06335729 0.05203982 0.05075316 0.02854267 0.01729167 0.02091667 0.02808333 0.03016667 0.007083333 
0.4460428 0.3456118 0.6405935 0.6938637 0.5448364 0.3967591 0.4028505 0.2415182 0.2904674 0.2550712 0.2327253 0.2354945 0.2108991 0.1871158 0.1124681 0.1404816 0.1378048 0.08853322 0.07199306 0.0571248 0.05549901 0.05686249 0.04367753 0.06399929 0.06511353 0.01612061 0.006593424 0.01308825 0.04717116 0.04562493 0.04556274 0.02086847 0.0114303 0.02345389 0.03844758 0.06104086 0.08123216 0.1294191 0.1092013 0.1572884 0.1938397 0.1926919 0.2051226 0.1931155 0.1618726 0.1633046 0.1149841 0.03985825 0.03231792 0.04526699 0.03132796 0.004041667 0.017375 0.02675 0.01708333 0.005875 
0.4659206 0.2469519 0.3457389 0.6006922 0.455625 0.3507128 0.4445028 0.294477 0.2540485 0.2462292 0.2395825 0.2031755 0.1820901 0.1691057 0.1517487 0.1268479 0.1149346 0.1021139 0.1177424 0.07960905 0.04776891 0.03967925 0.04116679 0.07046159 0.05856714 0.0176504 0.006987959 0.02538988 0.02639541 0.04908527 0.01149739 0.01860826 0.02635061 0.03381466 0.04540282 0.06868667 0.1147496 0.1358214 0.1339683 0.1686721 0.2003183 0.1914538 0.1764547 0.1896843 0.1501234 0.1741992 0.113561 0.03757514 0.03675881 0.05500532 0.05769712 0.01608333 0.03870833 0.05720833 0.01516667 0.004375 
