ncols         56
nrows         54
xllcorner     28.264
yllcorner     -5.7719999999999
cellsize      0.25
NODATA_value  -9999
0.001356347 0.001148845 0.000832769 0.0002758026 0.0001436848 0.0001247841 0.0001247574 0 0 0 0.0003196746 0.001420249 0.001553363 0.002147408 0.003078925 0.001476211 0.001007507 0.001117526 0.001165274 0.001553079 0.0009716362 0.001152985 0.001681989 0.01101005 0.01231874 0.005534893 0.004934021 0.008059945 0.004109372 0.003070959 0.002034901 0.001566369 0.0009089945 0.0007573314 0.0007592083 0.0009277189 0.0009316153 0.0009524525 0.001032571 0.001012826 0.001056309 0.001731036 0.002008011 0.002960815 0.003182219 0.003450295 0.003970866 0.003359599 0.003440876 0.003446925 0.003229507 0.001894599 0.00174107 0.001523242 0.001222455 0.0001503268 
0.001111991 0.0009758705 0.000727888 0.0002524961 0.0001324762 0.0001247574 0.0001247574 0 0 0 0 0.0007331978 0.001725089 0.0008347413 0.00122538 0.001054373 0.001015337 0.00178974 0.002236484 0.001948014 0.00112044 0.001279343 0.001531826 0.01009582 0.01008019 0.004267431 0.004099956 0.002848037 0.003594965 0.001501319 0.001180727 0.0008778504 0.001188852 0.0009632118 0.0008312481 0.001048029 0.001025352 0.001062 0.001176035 0.001178622 0.001250315 0.00264924 0.00219318 0.003228041 0.003749118 0.003906335 0.004264006 0.003675365 0.003927633 0.003931892 0.003678281 0.002140808 0.00197448 0.001725873 0.001385608 0.0001699577 
0.0008935647 0.0007978944 0.0006187139 0.0002201003 0.0001200405 7.797745e-005 0.0001247708 0 0.0004446574 0 7.795999e-006 0.001225132 0.0006864472 0.0006863737 0.0009520297 0.0008669209 0.001124682 0.003729887 0.003426749 0.002466761 0.005211898 0.002037333 0.002181898 0.004589662 0.00536957 0.004207074 0.005619401 0.003018779 0.001980953 0.001810232 0.001406512 0.0008486946 0.001469619 0.0008487548 0.0008568015 0.001057374 0.001205917 0.001148125 0.001521838 0.001385305 0.002640014 0.001956791 0.002608644 0.003482906 0.004674766 0.004409256 0.004965071 0.004381669 0.004234031 0.004220772 0.004159712 0.00228582 0.002097683 0.001829667 0.001472848 0.0001798755 
7.533235e-006 6.597769e-006 4.784381e-006 0.001442151 0.0008149687 0.000539232 0 0.0004678813 0.0009994899 0 0 0 0 0 0 0.0002269744 0.0004224122 0.001079341 0.0004885252 0.002077306 0.002869063 0.005677381 0.004236182 0.006205144 0.008158764 0.005884989 0.005827478 0.004894326 0.003074016 0.003293972 0.002582518 0.005017756 0.005321082 0.001932401 0.001646132 0.00482548 0.005420038 0.004309864 0.006849785 0.00518717 0.007136274 0.005435154 0.007950673 0.01097308 0.009739104 0.01015204 0.03544065 0.00563995 0.00377137 0.003750711 0.003492412 0.002369034 0.002175913 0.001883425 0.001514232 0.0008597703 
0.002381453 9.265115e-006 6.660938e-006 0.001503265 0.0008165594 0.0005392025 0.0005392612 0.0003964988 0.0004123617 0 0 0 0 0 0 0.0001022925 0.0004225114 0.0002836138 0.0002474352 0.001231844 0.001855835 0.008791706 0.01041649 0.01110118 0.01498908 0.01092138 0.008019154 0.006418177 0.002818123 0.003110191 0.003227396 0.003530759 0.005420379 0.001677621 0.001873142 0.005403065 0.007275261 0.005796541 0.006701852 0.003838469 0.004689876 0.004576054 0.01006751 0.01208452 0.008412138 0.01199142 0.01252327 0.003820715 0.006359475 0.003996201 0.003714569 0.00251383 0.002299069 0.001994125 0.001599026 0.0009017448 
0.006925384 0.003357638 0.001450328 0.001399779 0.0008020381 0.0005392025 0.0005471809 0 0 0 0 0 0.000158542 0.0005867947 0 8.957041e-007 0.0001415965 0.0001431094 0.0002472362 0.00136736 0.002120364 0.002419472 0.004017913 0.009685318 0.01472855 0.009106357 0.008340077 0.006115362 0.004620997 0.003785519 0.002847515 0.002447088 0.006745507 0.00369965 0.003924522 0.00578303 0.007477008 0.005195207 0.01100147 0.003946236 0.0046935 0.004733176 0.007578456 0.01047404 0.009313015 0.009414465 0.0101993 0.004049254 0.004248519 0.004204257 0.003879156 0.002605947 0.002395439 0.002041534 0.001635344 0.0009222626 
0.005335931 0.001570967 7.060775e-006 0.001347492 0.0007988875 0.0005392612 0.000539232 0 0 0 0 0 0 0 0 0.0001099388 0.0002427603 0.0001425311 0.0003006824 0.001240001 0.002553368 0.001392972 0.002387945 0.005356859 0.008500869 0.01013191 0.01028591 0.007407245 0.004764869 0.004844345 0.003300729 0.003119203 0.003803859 0.01801419 0.0058204 0.007410051 0.006759512 0.005502676 0.006357035 0.006265765 0.004343656 0.005431912 0.005679138 0.01156273 0.009785196 0.01182486 0.01023444 0.004279328 0.004440918 0.004346012 0.003997642 0.002665322 0.002387232 0.002036737 0.001632204 0.0009199216 
0.001505392 0 0 0 0 0 0 0.0009758064 0.0009758064 0.0009758064 0.002016129 0.0009596773 0.0009596773 0.0003225806 0.0003306451 0.0007534412 0.0005155177 4.766338e-005 9.532826e-005 0.001433127 0.001435008 0.002327532 0.002041057 0.002297427 0.003084134 0.004762356 0.004937176 0.004333262 0.005780407 0.002620256 0.001122188 0.006077081 0.004755332 0.0214653 0.004322647 0.00192434 0.001505261 0.004525793 0.003072529 0.002225258 0.002521745 0.00279358 0.008215361 0.01012906 0.01316708 0.01040784 0.0180747 0.01274396 0.01306494 0.003019035 0.002733977 0.0006213454 0.0005504978 0.0004674221 0.0003747884 0.0008229344 
0 0 0 0.001408064 0 0 0 0.001524194 0.001524194 0.0009758064 0.001862903 0.001274194 0.0009596773 0.0006370968 0.0006854839 0.000753433 0.002658382 0.0007534648 0.0001745543 0.001752048 0.002151569 0.002512587 0.001717564 0.001030474 0.001252847 0.002054884 0.004979862 0.006070145 0.002662055 0.002146574 0.003158256 0.00456603 0.003902458 0.007726834 0.005888864 0.001384123 0.001546461 0.002062536 0.002454208 0.002592888 0.002943767 0.003218716 0.003433446 0.01042745 0.02191497 0.02308513 0.009471025 0.005328232 0.00551288 0.003090746 0.01062603 0.006309871 0.0005570736 0.0004712523 0.0003762351 0.000819287 
0.001397203 0.001364834 0 0 0 0 0 0.002762442 0.002669403 0.005636336 0.002350513 0.002041927 0.002081168 0.0009883534 0.002728005 0.004891948 0.005152474 0.003134932 0.001191556 0.00149287 0.001500149 0.001668158 0.001974266 0.001008188 0.000800542 0.002331482 0.006938107 0.006297327 0.003728291 0.002346896 0.001825047 0.01052468 0.006223562 0.004137038 0.00461491 0.001704813 0.001958084 0.002245934 0.002592615 0.003265759 0.004357782 0.004665973 0.004091482 0.00987985 0.01011179 0.0117393 0.008704116 0.005901729 0.006030894 0.003423859 0.003090621 0.0006940969 0.0006455183 0.0005075771 0.0004026446 0.000870582 
0 0 0 0 0 0 0 0.003620527 0.003520898 0.006316382 0.003108188 0.003231431 0.004279458 0.003325115 0.007700335 0.006240071 0.003453453 0.001186698 0.001152062 0.002123313 0.002107091 0.002159387 0.002570173 0.000551254 0.000572848 0.002498545 0.009929618 0.007340037 0.002473237 0.001033323 0.001809696 0.008859242 0.003399815 0.003622943 0.004369484 0.002976573 0.006007249 0.003430539 0.003440506 0.005298873 0.01034376 0.01094446 0.005490728 0.01063753 0.01088598 0.01170444 0.009853849 0.009039897 0.00965134 0.004135546 0.003617143 0.00720847 0.000695824 0.0005828868 0.0004556288 0.0009685249 
0 0 0 0.0008380192 0.0002848628 0 0.0002580343 0.00250062 0.0005340878 0.0002583632 0 0.003286416 0.003123114 0.005000533 0.005015729 0.005987202 0.006788073 0.003192481 0.002876855 0.002278391 0.002182965 0.001791928 0.002582724 0.001224153 0.001550038 0.002425793 0.002798703 0.002546996 0.003734109 0.001472688 0.002523252 0.007023389 0.00769388 0.00506932 0.005764542 0.004034456 0.004761843 0.01024601 0.004585844 0.007547046 0.008368343 0.008275226 0.009687626 0.01116548 0.01130991 0.01187748 0.01802232 0.02252837 0.01500102 0.01354385 0.0128615 0.02640756 0.02567691 0.02476963 0.01231088 0.0008440008 
0.0003366002 0.0003557647 0.0003154441 0.001374398 0.001369836 0.00428497 0.005349919 0.00635502 0.0002728168 0.003215554 0.004984156 0.003455413 0.005203696 0.00543488 0.004852753 0.004871117 0.01741477 0.01114006 0.005909339 0.004183439 0.002016012 0.002024777 0.00278972 0.001534286 0.004193118 0.002667655 0.00268921 0.003737512 0.001393077 0.002020554 0.003428156 0.004635982 0.004834118 0.005430178 0.005759788 0.004709731 0.003358388 0.005981256 0.005888544 0.00965017 0.0100819 0.009912266 0.009835725 0.009330302 0.00925701 0.009057251 0.01469322 0.01266398 0.02311678 0.01462865 0.01163812 0.02763405 0.03410186 0.02581403 0.01276082 0.0009275919 
0 0.000328254 0.0003417153 0.002676467 0.006157657 0.01193703 0.01648578 0.01252597 0.00447316 0.006702417 0.004711173 0.003663287 0.004120293 0.003935307 0.005771115 0.009517162 0.01787261 0.01101436 0.009878181 0.005112611 0.00361918 0.002141067 0.003066832 0.003079196 0.002369367 1.027361e-005 0.001030258 0.001453038 0.001469504 0.002135202 0.002846688 0.004699505 0.005658607 0.005471152 0.007520086 0.00931829 0.006912265 0.01146184 0.005496727 0.01296265 0.01418895 0.01273562 0.01379479 0.01060414 0.01098259 0.01020117 0.009718155 0.01455302 0.01447771 0.02649871 0.01270161 0.0297402 0.0366728 0.02773269 0.02677227 0.001001069 
0 0.000660126 0.0003174384 0.00201542 0.003511121 0.007522979 0.01240706 0.0103928 0.007357256 0.01056076 0.004652403 0.005775085 0.004893335 0.004730558 0.004948094 0.01219001 0.01514436 0.01364161 0.02839405 0.008449271 0.005327947 0.003182892 0.00739238 0.002311541 0.001185513 9.755421e-005 1.126063e-005 0.001491985 0.001542723 0.002609646 0.003430386 0.00457722 0.005511389 0.0124719 0.01977541 0.01853003 0.00888526 0.0218556 0.01090499 0.01544021 0.01671494 0.01729491 0.01648405 0.01594382 0.0161601 0.01574099 0.01049543 0.01790015 0.01698106 0.03163083 0.0184628 0.03205011 0.03917758 0.02995142 0.02899091 0.001076087 
0.0005295392 0.0004882752 0.0007061002 0.0003743116 0.01416736 0.03541168 0.00831588 0.006315556 0.009003536 0.005864131 0.004292039 0.0005945729 0.007880402 0.002300964 0.000600965 0.01341154 0.02551807 0.01845823 0.0337895 0.01316757 0.007174636 0.003096097 0.002933726 0.002800347 0.002184156 0.0004433349 0.0001536553 0.0003022011 0.0007104644 0.0007301271 0.000853439 0.002257408 0.001718178 0.002425648 0.01618141 0.01300439 0.001534058 0.003114942 0.006738225 0.01960309 0.02467965 0.03133745 0.02341338 0.02865718 0.02379704 0.02753113 0.02578182 0.02273262 0.01890418 0.03352763 0.01922936 0.01133853 0.01106549 0.0107162 0.01036691 0.0005961366 
0.001006942 0.0005833646 0.0005629163 0.0003671904 0.0004642525 0.020341 0.02304773 0.0161857 0.006024471 0.00771672 0.005095311 0.00822142 0.01458866 0.004204899 0.005771639 0.03730405 0.03520076 0.02958825 0.01911668 0.01412923 0.01254507 0.002037221 0.00137503 0.0005285408 0.00111755 0.001199339 0.0002082342 0.0003175058 0.0003300403 0.0007629212 0.0008940934 0.002425887 0.002899278 0.002668204 0.003774412 0.00136509 0.001681921 0.003383467 0.005718738 0.02088805 0.03073108 0.02412767 0.03284163 0.0304785 0.02512203 0.02463286 0.03004481 0.02390598 0.02371172 0.0226611 0.01840082 0.01205331 0.0117042 0.0005380004 0.0004315557 0.0006367774 
0.001300704 0.001014661 0.000977192 0.000186813 0.0003550343 0.0002163503 0.009852823 0.01553472 0.008464228 0.00900555 0.01591148 0.012026 0.00563542 0.005379322 0.01004846 0.03532777 0.02235718 0.01476695 0.01804525 0.01344887 0.01357721 0.004841708 0.001445343 0.0007992865 0.0006418271 0.0005228115 0.0004296445 0 0.0003298522 0.0007631341 0.0008363736 0.002675688 0.003065542 0.004017465 0.003993566 0.001438268 0.001765652 0.002051245 0.003847758 0.02344864 0.02538253 0.04068651 0.03868617 0.04282502 0.02565652 0.02550348 0.02518999 0.02442692 0.02415551 0.0192974 0.01866023 0.0006932568 0.000603981 0.0005103213 0.0004114025 0.0006472302 
0.005548498 0.001615239 0.001603508 0 0.001584414 0.008287123 0.007910468 0.01352606 0.005888399 0.007409506 0.01321668 0.01169954 0.01197865 0.01546523 0.01289739 0.02321713 0.01976479 0.02226119 0.03479407 0.01487391 0.0120465 0.004970106 0.0001942209 0.001197159 0.001019149 0.0009057373 0.000804297 0 0.0003366256 0.0003595481 0.0008580971 0.002924057 0.003306649 0.004280822 0.00416906 0.001463805 0.001792489 0.002034833 0.003992306 0.02819457 0.0458776 0.04834442 0.0326046 0.0535323 0.03031443 0.02657233 0.02653606 0.02075405 0.02020165 0.01494758 0.01436796 0.001249499 0.0008841983 0.0005491663 0.0003439066 0.0006508664 
0.03601138 0.007319224 0.00943126 0.001544449 0.001202765 0.004270041 0.004896439 0.002994997 0 0.0001176328 0.002151962 0.01775835 0.02610357 0.03181796 0.01718155 0.03718055 0.03253683 0.03348307 0.02944242 0.01848491 0.01294397 0.008463737 0.003754848 0.002988841 0.002626284 0.002314538 0.002025796 0.001454449 0.001684018 0.001719461 0.002255765 0.003048905 0.003524179 0.004634304 0.00788148 0.009321515 0.002295779 0.004976153 0.01053674 0.01910426 0.02069246 0.03739634 0.02727782 0.03444622 0.0316379 0.03073679 0.02781484 0.01156163 0.006425168 0.007301511 0.01216404 0.003541254 0.00292702 0.009335799 0.008814138 0.000629905 
0.009056106 0.008607224 0.01002843 0.001940009 0.0007482703 0.0003737933 0.0004084829 0.003499441 0.001184825 0.002608399 0.009542897 0.01923414 0.01904901 0.0204222 0.02026468 0.04640875 0.0316089 0.03557857 0.03991352 0.02124432 0.01476104 0.01463831 0.01058291 0.003694358 0.003321605 0.00295684 0.002644535 0.001936268 0.001668322 0.002104633 0.002380783 0.003276784 0.003725435 0.004720898 0.006289222 0.004345682 0.002417176 0.005247143 0.01101946 0.01642535 0.01770763 0.01832373 0.04583841 0.03219992 0.03116753 0.0364841 0.02836598 0.01842181 0.007314429 0.006786307 0.01763686 0.01821228 0.002974232 0.002900178 0.02656174 0.05463707 
0.02063004 0.04261175 0.01420959 0.01277059 0.00326689 0.003603438 0.003380009 0 0 0 0.005342257 0.0182414 0.01749994 0.01868342 0.02175229 0.04723745 0.03301136 0.03066654 0.03330898 0.02208274 0.01130486 0.01558266 0.01395744 0.01459407 0.005829017 0.003776872 0.003442498 0.00401562 0.002744198 0.002701442 0.003228013 0.003892892 0.004138322 0.005240792 0.006799689 0.002046465 0.00245207 0.002664748 0.01119711 0.01703184 0.01801545 0.01882618 0.04067562 0.03174081 0.03055486 0.02130465 0.01878279 0.01229334 0.008495486 0.01204132 0.02343575 0.01075509 0.003053586 0.002475711 0.009147313 0.01483185 
0.03516451 0.0257185 0.05199047 0.03146734 0.01822074 0.007949852 0.005350654 0.01156005 0.006641647 0.0001055344 0.001992196 0.01355678 0.01421768 0.01960185 0.01850148 0.03672732 0.03183265 0.04228511 0.04680676 0.01213661 0.01099904 0.02881119 0.02680985 0.009997541 0.007134957 0.004766269 0.004422396 0.004970485 0.00370375 0.003683142 0.003990932 0.004229482 0.004636502 0.005680298 0.007159209 0.002268706 0.002658745 0.002856556 0.01153363 0.01746622 0.02285296 0.02657281 0.02076025 0.04689768 0.03022229 0.01930641 0.01877223 0.02176605 0.01591248 0.008185038 0.01951151 0.004048254 0.003539263 0.003055779 0.002662293 0.002185119 
0.07477971 0.07241739 0.04694956 0.0575583 0.05695567 0.04329775 0.05707466 0.03701194 0.01131371 0.006653639 0.003612971 0.01632943 0.01170945 0.01295935 0.006404265 0.01363454 0.0169051 0.04456202 0.02855441 0.01306285 0.006749051 0.01716396 0.01067203 0.0132795 0.009076855 0.006581838 0.006907852 0.006820119 0.007250274 0.005419304 0.005666104 0.006177386 0.006565868 0.007734023 0.009669077 0.008371511 0.00958557 0.01018413 0.01008858 0.01213804 0.01237473 0.01466997 0.01422863 0.0183282 0.01709974 0.01675907 0.01409951 0.01345282 0.01098333 0.008975028 0.008795426 0.006530596 0.004119618 0.003581912 0.00326584 0.002760491 
0.06527454 0.0796498 0.08885686 0.06436605 0.04014704 0.06288135 0.05595567 0.02773276 0.01059904 0.00567172 0.004435631 0.01432208 0.01466811 0.0179635 0.008911113 0.01468415 0.006930816 0.007293799 0.01899996 0.008176946 0.001814666 0.01287077 0.01047226 0.008602811 0.01209875 0.009356514 0.009760052 0.008194986 0.008853877 0.007383695 0.006691076 0.01029366 0.009061605 0.01346 0.01415816 0.009063405 0.01034543 0.0108046 0.010518 0.01194583 0.01192805 0.01428585 0.01378442 0.01525056 0.01485943 0.01422225 0.01189465 0.01351475 0.01340121 0.01306046 0.01093988 0.006803144 0.004417543 0.003980197 0.008881344 0.003015953 
0.08578981 0.07114146 0.0815176 0.06975138 0.04565945 0.05412317 0.02957679 0.02193663 0.006293938 0.006424267 0.00543702 0.03104125 0.03196787 0.02586707 0.01358239 0.03281143 0.0294568 0.01548084 0.008549033 0.002015852 0.01222324 0.00250443 0.0123167 0.01280097 0.01974816 0.02889332 0.01067283 0.008573233 0.01936799 0.01489278 0.008439141 0.01045828 0.01119967 0.01105527 0.01697685 0.01070598 0.01088297 0.01139624 0.01108506 0.01199232 0.01213718 0.01674028 0.01629674 0.01400792 0.01696595 0.01527491 0.01128083 0.01467378 0.01432921 0.01430106 0.01384269 0.007851821 0.01061809 0.01841225 0.007861571 0.003453144 
0.1071809 0.1277188 0.103656 0.05462322 0.03579244 0.04111912 0.0298789 0.01185913 0.005646406 0.01337281 0.007575406 0.04163354 0.03908166 0.02958929 0.01997903 0.05927516 0.05666852 0.06124376 0.04301438 0.01236919 0.009621355 0.004190765 0.008123366 0.01227716 0.01635416 0.01617233 0.01039285 0.009009687 0.01680182 0.02463171 0.01290132 0.009827523 0.009217723 0.01160032 0.01732563 0.01124943 0.01384288 0.01197241 0.01183087 0.01231118 0.01505511 0.01575311 0.0176352 0.01545223 0.02744175 0.01506713 0.01289139 0.01649282 0.01607773 0.01597907 0.0157951 0.01592837 0.01518734 0.01357859 0.008335197 0.004134306 
0.103605 0.1006529 0.06329999 0.03984363 0.02833429 0.02282785 0.02191655 0.009114694 0.01527407 0.005460994 0.01043708 0.05156579 0.03817691 0.03740735 0.04125829 0.06704459 0.06766736 0.08195197 0.06759639 0.01096498 0.008226274 0.008013236 0.01062542 0.01954527 0.01411147 0.01272096 0.01126861 0.008582751 0.008161056 0.009676341 0.009100337 0.01153566 0.01165993 0.01316344 0.01552418 0.017075 0.01875729 0.01995756 0.01995425 0.01749653 0.01839237 0.02189063 0.02098557 0.01704752 0.02376304 0.02650938 0.01601527 0.01508367 0.01501271 0.01490327 0.01457079 0.01488495 0.03179769 0.02639084 0.01372282 0.008327302 
0.0714187 0.06561945 0.0496828 0.05359384 0.04766716 0.033082 0.02367887 0.02678172 0.0190376 0.009952751 0.0214993 0.05708724 0.05229584 0.05431964 0.05117284 0.07837267 0.06931322 0.09019091 0.06708063 0.01458621 0.01748856 0.01022369 0.02160729 0.03055095 0.03666115 0.02202038 0.01637706 0.008850277 0.007492387 0.007850983 0.008793916 0.01251343 0.01239874 0.01404406 0.01690954 0.017752 0.01946053 0.02079624 0.02558393 0.02365742 0.02179507 0.02159376 0.02166402 0.01937371 0.0259879 0.02743984 0.02830544 0.01829654 0.01772454 0.01753432 0.01715955 0.0212157 0.03272463 0.02959028 0.01827139 0.008969465 
0.1281816 0.1103675 0.06185869 0.0602679 0.05825799 0.03040789 0.02503002 0.03832423 0.0224504 0.02192571 0.01695476 0.04779295 0.03455266 0.03064846 0.03757531 0.06718418 0.05648257 0.07967018 0.08810557 0.02631529 0.01944794 0.02635835 0.04127594 0.03674052 0.04750688 0.03019056 0.02230915 0.00944162 0.008075597 0.008174636 0.00930739 0.0120609 0.0136396 0.02047703 0.01879097 0.01828596 0.02036979 0.02994499 0.02672959 0.02934963 0.02236274 0.02355878 0.02397934 0.02103376 0.02399669 0.02192293 0.03285934 0.02850262 0.02027074 0.02285159 0.01968117 0.02476228 0.02292843 0.021844 0.01843891 0.009649619 
0.1179731 0.09212219 0.08193227 0.0444006 0.03104932 0.01644327 0.01803034 0.02560916 0.01554168 0.01553755 0.007842773 0.02065844 0.02219437 0.02482852 0.02888471 0.06011673 0.07435939 0.07237893 0.07822797 0.024525 0.01904364 0.01367078 0.01188728 0.02541397 0.0194518 0.02753581 0.02242357 0.01149433 0.009056733 0.008761448 0.01149522 0.01249229 0.01339584 0.01493906 0.01799015 0.01813343 0.02877894 0.02135813 0.02322083 0.02155354 0.03862205 0.04592362 0.04312437 0.03217501 0.03677482 0.02388874 0.03053223 0.03450346 0.02407968 0.02315144 0.02634646 0.02518249 0.05052213 0.03764656 0.02043129 0.01024787 
0.1628108 0.1093898 0.06085562 0.05285952 0.03315835 0.02469553 0.026822 0.04201538 0.03163287 0.0282943 0.03189833 0.03013243 0.02820477 0.02607167 0.02209106 0.06076929 0.100966 0.1082674 0.08939876 0.06270113 0.04700766 0.03221891 0.02231185 0.02445011 0.02993819 0.03084601 0.01457113 0.0158495 0.01184184 0.0114404 0.01339007 0.01319983 0.01323938 0.0152236 0.02137796 0.0224208 0.04076907 0.0227287 0.02314612 0.02162482 0.03862118 0.04906099 0.05641642 0.03130947 0.03373751 0.02817307 0.02876111 0.0284028 0.03142859 0.03687518 0.03175183 0.03490688 0.04272765 0.04102442 0.03063345 0.01784809 
0.1349021 0.09255025 0.06917859 0.04486628 0.02796207 0.02565567 0.025628 0.03945611 0.03126451 0.03329213 0.0292491 0.02756111 0.0265806 0.02653961 0.02210746 0.07642844 0.08136243 0.1065252 0.1093 0.06191526 0.05635766 0.03031976 0.01503954 0.02861232 0.02634334 0.02171755 0.02291203 0.02436236 0.01389249 0.01241068 0.01350051 0.0144588 0.01361233 0.01646857 0.01780091 0.02958182 0.01950813 0.02177581 0.02296987 0.02463338 0.02467197 0.04349332 0.03404753 0.02778393 0.02893163 0.02995853 0.03966508 0.03916666 0.03192897 0.0430299 0.04940201 0.03803973 0.03185509 0.032063 0.03500461 0.02098836 
0.1448774 0.1200962 0.09410203 0.03907936 0.02894085 0.03471144 0.04235314 0.04179118 0.039068 0.0396775 0.03291487 0.03147925 0.0258979 0.02378983 0.02429787 0.08072711 0.1002267 0.1144712 0.1238323 0.07339476 0.04824752 0.04329129 0.03761888 0.02436662 0.04111637 0.03302049 0.05220409 0.02031418 0.0139241 0.01318397 0.01343078 0.01318782 0.01939676 0.0149042 0.01727896 0.01825803 0.02041068 0.02131317 0.02406548 0.0249555 0.02469205 0.02797958 0.03031678 0.03017673 0.02910154 0.03450639 0.08776622 0.04404607 0.03835188 0.0361979 0.03919972 0.05051411 0.03951046 0.0298491 0.02860519 0.01868903 
0.1593072 0.1336418 0.1270253 0.0528216 0.04993447 0.04177059 0.04657793 0.03893457 0.04294972 0.04191874 0.03936715 0.03219144 0.03053633 0.02565469 0.03164962 0.09277762 0.1064771 0.1279332 0.1572264 0.07809545 0.05621294 0.04926905 0.0231667 0.02190023 0.03057495 0.03034531 0.03844679 0.01581766 0.01443935 0.01416019 0.0137104 0.01325163 0.01924359 0.01517681 0.01725396 0.01740883 0.02091756 0.02111438 0.02343278 0.03020433 0.04340698 0.02667212 0.02969747 0.02676197 0.0293569 0.0299041 0.05733491 0.05127041 0.04363264 0.04428548 0.0433751 0.05375975 0.04333303 0.03212338 0.02940872 0.01775606 
0.1917662 0.1636938 0.1019513 0.04855146 0.03741099 0.03983728 0.03356666 0.03483225 0.03315945 0.03262602 0.03450925 0.04375063 0.04121986 0.03905857 0.04237001 0.07927988 0.08540848 0.1024109 0.09533151 0.04771053 0.04376019 0.03898986 0.01939111 0.04620656 0.03028778 0.03132159 0.02331943 0.01580262 0.01430746 0.01245864 0.01185565 0.01177321 0.01123236 0.01228655 0.01447553 0.01755182 0.02180605 0.02114957 0.02300656 0.04964212 0.06929164 0.03725795 0.02312846 0.01927486 0.02265868 0.03218835 0.03132773 0.06031393 0.07188085 0.06172397 0.06961556 0.05549394 0.03308246 0.02171305 0.01786209 0.0121465 
0.1560325 0.1133306 0.1028591 0.04891456 0.03720808 0.04200032 0.03002128 0.0369591 0.03475598 0.0309943 0.0258954 0.04163376 0.04145378 0.03972694 0.0415162 0.07462632 0.07381152 0.09172064 0.07971646 0.04216528 0.03289763 0.0287254 0.01658977 0.02675985 0.02303993 0.03007386 0.03666625 0.01568425 0.01261995 0.01183601 0.01297116 0.01218794 0.009613926 0.01341559 0.01374419 0.01641016 0.02106084 0.01998299 0.02248615 0.03432469 0.03123724 0.02981398 0.02283872 0.02240227 0.02130173 0.0270476 0.03135186 0.06019407 0.06390613 0.06312636 0.07097139 0.04076836 0.03175334 0.02084533 0.01799881 0.01230603 
0.1576252 0.09867792 0.0723681 0.03818572 0.03401336 0.03687803 0.03126119 0.04246061 0.03461379 0.02990674 0.02710837 0.04373551 0.04138462 0.0382717 0.04985698 0.09077311 0.07016237 0.07132912 0.05069729 0.03492773 0.02525387 0.02292846 0.02646579 0.03833593 0.02741372 0.02306075 0.01857617 0.01417285 0.01231872 0.01197103 0.0151149 0.01101621 0.009829566 0.01193392 0.0118076 0.01618064 0.01908206 0.02036117 0.02302128 0.02314912 0.02667178 0.02330478 0.03034735 0.03431028 0.0206153 0.02588428 0.02941755 0.0550783 0.06856771 0.06254895 0.05843139 0.03606556 0.03015527 0.0233453 0.01993456 0.00266129 
0.1415728 0.09523482 0.06186985 0.03059788 0.03032447 0.03176677 0.03267263 0.03309742 0.02805965 0.03140701 0.02403368 0.0401218 0.04580016 0.0379184 0.04306407 0.09071957 0.07632738 0.06741977 0.06247208 0.02766508 0.02554921 0.02065042 0.04935532 0.03007832 0.02666647 0.02056401 0.01509494 0.01412867 0.01239253 0.01190413 0.01170692 0.01267567 0.01028446 0.01241315 0.01190416 0.01690485 0.01889795 0.02134817 0.02448683 0.02582484 0.02794 0.02367707 0.03364459 0.02909909 0.01962711 0.0240177 0.02781954 0.05818402 0.07016587 0.05600217 0.05722966 0.03330818 0.02964587 0.02261802 0.007643554 0.00266129 
0.1127914 0.0628259 0.02618358 0.03828587 0.03040333 0.03044851 0.0295477 0.03161096 0.02774353 0.02517794 0.02634714 0.04225733 0.03755648 0.03558874 0.03616147 0.06638082 0.06141345 0.04127832 0.0303086 0.02680422 0.02129317 0.02977514 0.04934726 0.02047671 0.0185066 0.02085506 0.01085368 0.008632305 0.007231527 0.007910989 0.006496791 0.01130929 0.01074365 0.01145522 0.01327335 0.01930107 0.02204512 0.02471464 0.03005818 0.04224294 0.03326402 0.03160492 0.03274297 0.02685717 0.02519601 0.02734022 0.03384548 0.04254538 0.04060791 0.04239848 0.04015391 0.01901552 0.01914553 0.01262582 0.01033285 0 
0.0698645 0.04748349 0.03522578 0.03709939 0.03139226 0.03491832 0.03256609 0.03441911 0.02975634 0.02576773 0.02505272 0.03728704 0.0357885 0.03421907 0.03295148 0.03508919 0.03364134 0.03194889 0.0261984 0.02416651 0.02022011 0.02607167 0.03358521 0.02432236 0.01865231 0.02192483 0.01444872 0.008370762 0.007210213 0.006501677 0.006705557 0.01172687 0.01372451 0.01232173 0.01411316 0.02031432 0.02302864 0.02569624 0.02941166 0.04041295 0.04116906 0.03627582 0.03286197 0.02282486 0.0239985 0.02374089 0.04720617 0.05324492 0.03192223 0.0309079 0.03183582 0.01747813 0.01154032 0.01001489 0.009498097 0 
0.07844763 0.04812527 0.03530053 0.05471428 0.03435289 0.04154378 0.03369502 0.02964663 0.02970272 0.0276152 0.02571266 0.04122226 0.0374083 0.03865423 0.03365642 0.03425867 0.05304771 0.03880778 0.03068114 0.03168876 0.08060936 0.04652648 0.02934798 0.02091495 0.01677237 0.0173969 0.01486304 0.00853335 0.007297853 0.006447542 0.006615872 0.01410951 0.01165649 0.01221837 0.0154373 0.02124179 0.0237046 0.0265221 0.03298024 0.03911888 0.04226386 0.03691288 0.03175935 0.02201636 0.02316592 0.0279989 0.02833543 0.03130194 0.02496684 0.02464483 0.02519061 0.01100225 0.01003536 0.008622034 0.008303881 0 
0.05820705 0.02955553 0.02603156 0.0476032 0.03929742 0.03465604 0.03113717 0.03511306 0.02779365 0.02629026 0.02807528 0.0449487 0.0511411 0.05143604 0.05017302 0.04254885 0.06553631 0.06694447 0.03831521 0.04682229 0.04719806 0.03433961 0.03832634 0.02498677 0.01768808 0.02229636 0.01379792 0.008797571 0.009572022 0.00807555 0.009982181 0.01179706 0.01369908 0.01150607 0.013043 0.0450207 0.09812089 0.03578847 0.03269113 0.03395785 0.03956376 0.04032019 0.04818516 0.02963097 0.03328684 0.02899398 0.02548973 0.02193048 0.02264178 0.02046604 0.0209033 0.009751162 0.008606958 0.008392239 0.008317707 0 
0.05323207 0.02923447 0.02484428 0.03120928 0.02490549 0.01913566 0.01979503 0.02460895 0.0383468 0.02923027 0.03500889 0.06352397 0.05756137 0.06011275 0.05241382 0.06429891 0.06039026 0.08665188 0.07806982 0.06335564 0.03546456 0.05508042 0.03161789 0.0158107 0.008192518 0.009299666 0.009620463 0.008770513 0.009370283 0.009044205 0.007668003 0.01925838 0.01813331 0.0171886 0.02480773 0.05155557 0.18264 0.03390047 0.02255047 0.03934756 0.0463274 0.04804439 0.04582525 0.03925138 0.04822208 0.06319393 0.04490771 0.01268463 0.01014299 0.008916901 0.009139806 0 0 0 4.032258e-005 0 
0.03439459 0.02531534 0.02350892 0.02536641 0.02142344 0.02757033 0.01808467 0.03140385 0.02841284 0.03247635 0.04672214 0.05057488 0.05478785 0.05826633 0.06214754 0.07107434 0.07823448 0.06769224 0.06251934 0.07160982 0.04104634 0.03943482 0.02431653 0.01090271 0.01584866 0.01869335 0.005992467 0.006169782 0.005887676 0.009630032 0.007805953 0.01560726 0.01541242 0.01554063 0.02048545 0.01988487 0.02167147 0.02539359 0.02859173 0.03987012 0.052501 0.05012182 0.0519881 0.04496227 0.06369454 0.0613282 0.04009418 0.01241104 0.009570329 0.008284949 0.008625078 0 0 0 0 0 
0.0364741 0.02185394 0.02208409 0.03287914 0.02087881 0.02035712 0.0234412 0.03778461 0.03007692 0.0252796 0.03708196 0.05932626 0.06376246 0.06514773 0.08362522 0.0757731 0.09167872 0.06644818 0.06640368 0.06820267 0.06704946 0.03119779 0.02074359 0.01109349 0.00874664 0.006946026 0.005394354 0.006406901 0.004634915 0.003790876 0.006436516 0.01846305 0.01369685 0.01326447 0.01242516 0.01287272 0.01387802 0.02589234 0.03046896 0.05470279 0.05857917 0.05206381 0.05498912 0.05048179 0.05070393 0.04249306 0.03614473 0.01305878 0.0102086 0.007763682 0.007763682 0 0 4.032258e-005 0 0 
0.04400658 0.03134735 0.01745761 0.03389008 0.01914887 0.02653246 0.02678386 0.04746763 0.03742501 0.03880463 0.05962773 0.05996693 0.06272345 0.07024778 0.08563343 0.09185821 0.08112171 0.06200761 0.07189076 0.08794255 0.06600392 0.03707797 0.02763689 0.008399299 0.006416189 0.005534424 0.006127083 0.008839229 0.004936597 0.00524903 0.01161293 0.01692439 0.01319436 0.01351694 0.0129241 0.01494767 0.01849608 0.01966454 0.03379443 0.05026385 0.04784339 0.0683149 0.08676039 0.05272038 0.04531293 0.04413471 0.03919846 0.01425306 0.01193781 0.007786093 0.007763682 0 0 0 0 0 
0.03833884 0.0394101 0.03215784 0.06923907 0.05190029 0.04775058 0.06693485 0.04547368 0.04473655 0.05241299 0.06787293 0.05778669 0.06194244 0.06782299 0.06628904 0.07514028 0.05795349 0.05422354 0.05825259 0.05883727 0.04912907 0.04108493 0.03321813 0.01736305 0.0163675 0.01619354 0.008301312 0.01001487 0.004880702 0.012025 0.01426941 0.01037809 0.01108844 0.01684783 0.01041621 0.008284157 0.01135822 0.01757121 0.0268309 0.04985927 0.05854847 0.06504188 0.09422658 0.05616971 0.04635863 0.04367692 0.0385315 0.001370968 0.0004032258 0 4.032258e-005 0 0 0 0 0 
0.03301842 0.03956461 0.0443159 0.1010095 0.0935883 0.07254963 0.07377043 0.07162157 0.05045899 0.0530395 0.06027488 0.06961494 0.06349347 0.06992514 0.07246886 0.09192048 0.05504056 0.0527866 0.05758592 0.05421585 0.048561 0.03741282 0.03006934 0.01979247 0.01590357 0.01142803 0.008383457 0.0096089 0.004817302 0.003545375 0.005265138 0.009756975 0.0110518 0.02136422 0.01253691 0.008023384 0.01235307 0.01450929 0.02213115 0.04607321 0.07211403 0.06043559 0.05776834 0.05160269 0.04638024 0.04265229 0.03832862 0.001330645 0 0.0004032258 0.0002016129 0 0 0 0 0 
0.0336064 0.04438635 0.05336072 0.1328859 0.1247908 0.09558231 0.1175775 0.08302382 0.06787706 0.06381051 0.07837004 0.06802985 0.06315106 0.06357012 0.06424879 0.06082932 0.05824028 0.06043942 0.06602284 0.07334545 0.04487092 0.03490518 0.03052025 0.01802154 0.01209272 0.01379947 0.0127355 0.01675788 0.007291131 0.004709953 0.005145695 0.01653729 0.01844373 0.02174392 0.01521957 0.01290049 0.01576934 0.0139557 0.01665108 0.03729491 0.05525116 0.05246305 0.04899969 0.04097834 0.04030463 0.04104092 0.03702735 0.0004838709 8.064516e-005 0 0 0 0 0 0 0 
0.06265368 0.0697465 0.09593749 0.1858238 0.1508955 0.1244388 0.1310166 0.1005794 0.08508872 0.08317371 0.06938507 0.06446541 0.06846336 0.06382737 0.06405233 0.07341908 0.06441811 0.06335217 0.06323017 0.06483387 0.0465279 0.03378035 0.02959028 0.01663098 0.0180093 0.01911039 0.01155578 0.01705271 0.0248216 0.02074966 0.005533078 0.009800839 0.02086524 0.01210543 0.01384991 0.0102659 0.01454971 0.02000194 0.01734581 0.03314984 0.0474958 0.05523762 0.05345308 0.03508616 0.03597382 0.03657564 0.03649067 0.0004435484 0 0 0 0 0 0.0007258064 8.064516e-005 0 
0.09318433 0.1051339 0.1090104 0.170239 0.1285245 0.1214143 0.1178885 0.09231126 0.05883085 0.07034024 0.06651818 0.04482267 0.05092094 0.05760793 0.049856 0.04355882 0.04108048 0.04547476 0.04633196 0.04249149 0.02886765 0.02587877 0.02433508 0.02058482 0.02184265 0.02560757 0.02009011 0.01176665 0.01216869 0.01053813 0.01098838 0.01872265 0.01265299 0.01792064 0.01529525 0.03373045 0.02920635 0.04210162 0.03030941 0.02121928 0.02536943 0.03089052 0.02959598 0.02279955 0.02313592 0.02419169 0.02375698 0.00125 0.00125 0 0.00125 0.001491935 0.002983871 0.002983871 0.003024193 0.003306451 
0.09521595 0.1041751 0.1213204 0.1607407 0.131381 0.1117587 0.114661 0.07615536 0.06915163 0.05692279 0.05049321 0.04235606 0.04203094 0.04873195 0.04753781 0.03868521 0.0439884 0.04200964 0.04197503 0.03916122 0.02968985 0.02559963 0.02585793 0.03204536 0.0259101 0.02877652 0.01824778 0.01989279 0.01409096 0.007995024 0.007472742 0.01482947 0.009622013 0.01134096 0.01308162 0.033466 0.04240617 0.05896047 0.02431348 0.02281954 0.02382711 0.02596319 0.02661179 0.02565326 0.02014843 0.02384223 0.02172932 0.001290323 0.001290323 0 0.00125 0.003024193 0.002983871 0.002983871 0.003225806 0.002782258 
0.1073896 0.1222597 0.1203816 0.1728932 0.1278471 0.1138108 0.1242791 0.09304657 0.07234139 0.06411506 0.06704954 0.04717984 0.04475893 0.04309653 0.05088933 0.04602657 0.04307137 0.04282553 0.03670772 0.03476428 0.03277662 0.02656504 0.02752892 0.02361421 0.02157813 0.0200036 0.01963275 0.02337589 0.009605275 0.003631357 0.007742977 0.006041786 0.008751637 0.01505749 0.0267788 0.04634133 0.03836518 0.05867944 0.03780148 0.02095072 0.02303448 0.02816244 0.02404585 0.01961004 0.01879761 0.02056599 0.01929362 0.001290323 0.00125 0.0001612903 0.0025 0.002983871 0.003427419 0.003266129 0.003225806 0.002782258 
