ncols         56
nrows         54
xllcorner     28.264
yllcorner     -5.7719999999999
cellsize      0.25
NODATA_value  -9999
0.005611067 0.01838376 0.01490808 0.0252574 0.02191612 0.01207496 0.006534093 0.02673014 0.003477999 0.003884367 0.006093015 0.01336548 0.02322337 0.04682355 0.02588956 0.03157378 0.01562749 0.02723256 0.03483549 0.03579952 0.04277255 0.05978397 0.06412547 0.05873345 0.05117384 0.04432524 0.07737107 0.07394148 0.06331828 0.06918072 0.05455682 0.05033277 0.06795742 0.03852206 0.01303654 0.01302874 0.01236034 0.02226983 0.02048916 0.02046412 0.0008260437 0.02761012 0.04256375 0.009348814 0.01167602 0.004045859 0.002492869 0.001025818 5.484386e-005 0.0001304952 3.976373e-005 0 0 0 0 0 
0.0346677 0.02627618 0.02793375 0.04962663 0.01620027 0.01308579 0.008212032 0.01291867 0.006842825 0.005664924 0.006599743 0.0197177 0.02040003 0.03078896 0.0318251 0.035174 0.03244029 0.04442823 0.04979029 0.05086135 0.04401077 0.04425132 0.06023327 0.06230547 0.08717635 0.07603855 0.05980727 0.05742397 0.07949518 0.05848766 0.04239957 0.06072181 0.06725591 0.03737323 0.01086718 0.02455207 0.02708123 0.03141873 0.01867623 0.01170175 0.01361169 0.01999879 0.007397112 0.006640589 0.009817199 0.005824594 0.006930381 0.00154888 0.004950853 9.33117e-005 0 0 0 0 0 0 
0.06089825 0.0385128 0.02374599 0.02208683 0.0209501 0.0162795 0.01493025 0.01896908 0.009859762 0.009891878 0.009436874 0.02515986 0.03675596 0.03801714 0.02973785 0.0355179 0.07021708 0.08368047 0.06895433 0.07069518 0.05698499 0.07637498 0.05676526 0.07023653 0.07435982 0.07139809 0.05157683 0.05987437 0.06513322 0.06447972 0.06040144 0.05691342 0.04987208 0.03254466 0.04346528 0.0514429 0.05094737 0.02678688 0.01489516 0.003402974 0.01606384 0.00463769 0.01497924 0.002510454 0.003195917 0.002703077 0.01849816 0.006592134 0.001752793 0 0 0 0 0 0 0 
0.0489938 0.04353376 0.04260438 0.04430242 0.0292347 0.03082875 0.02984461 0.02940713 0.02257896 0.01694964 0.01808332 0.03717637 0.04967498 0.05896938 0.0430813 0.0455697 0.07246617 0.07696009 0.06928925 0.06045495 0.0463332 0.0457891 0.05739539 0.04744355 0.04419494 0.04611893 0.0554713 0.07634162 0.07086621 0.08932622 0.05413013 0.03566096 0.01919045 0.03670154 0.0611397 0.08215267 0.04109868 0.02149513 0.01223724 0.003228469 0.01192136 0.03091424 0.02373561 0.008894223 0.007527324 0.009059907 0.02992797 0.008512024 0.003724802 0 0 0 0 0 0 0 
0.06972276 0.06009994 0.0599086 0.04390562 0.0387784 0.03313645 0.03513641 0.02920711 0.02322735 0.02231054 0.02294045 0.04051058 0.04114721 0.05692083 0.08151466 0.0553721 0.07565198 0.07663693 0.07286295 0.05304772 0.04290877 0.06300836 0.03888934 0.0455511 0.03859894 0.03269118 0.03795805 0.05755544 0.05902161 0.03870845 0.03451104 0.03019901 0.02581704 0.04093118 0.05293636 0.05040701 0.03082407 0.01097249 0.0204429 0.01753631 0.02708123 0.02941045 0.0317492 0.009976826 0.01029607 0.006700089 0.02117841 0.003155581 0 0 2.004601e-005 0.0001076125 0.0003861973 0 0 0 
0.1175781 0.110199 0.05901728 0.04626682 0.05118525 0.02982925 0.03222718 0.03076667 0.023526 0.01960227 0.04211738 0.04755123 0.05056202 0.1035903 0.145931 0.1022526 0.08721522 0.08088706 0.06528849 0.04600934 0.04816531 0.04032593 0.03524439 0.0456787 0.04022691 0.05947673 0.04810787 0.07265655 0.09546746 0.03481892 0.02975144 0.02939239 0.04070288 0.05734703 0.05530668 0.04127869 0.03899416 0.01142598 0.02169287 0.03691395 0.04884715 0.03557302 0.02716773 0.01759045 0.01345824 0.007597777 0.006643869 0.000699756 0.0006474885 0.0002319133 0 6.588635e-005 0.0001861356 0 0 0 
0.07447536 0.06081494 0.06004805 0.05070278 0.0450821 0.04620642 0.0347235 0.04378641 0.03157166 0.04250494 0.05511747 0.07155326 0.07200839 0.0928491 0.1253764 0.09802081 0.07296778 0.09782717 0.07803454 0.06227127 0.05071574 0.02806029 0.03526353 0.06188402 0.09983654 0.07983109 0.04951714 0.07393399 0.07502238 0.0456063 0.04683742 0.04340177 0.03981578 0.05466361 0.04657723 0.05599703 0.03492724 0.05375101 0.02113153 0.03756115 0.05581858 0.0629408 0.03268534 0.03241172 0.01523191 0.006671024 0.00578953 0.003242437 0.0007237685 0.0002184908 0.0001897505 0.001106561 0.0005497427 0.0001278721 0 0 
0.09145849 0.08522993 0.1191133 0.1030972 0.07968816 0.07037271 0.04004968 0.06042919 0.05771257 0.05078362 0.07259683 0.08011735 0.06576287 0.06814085 0.0597611 0.05852335 0.06078822 0.06241906 0.0593925 0.04691914 0.03185657 0.02781249 0.02591448 0.03555979 0.05138994 0.06633721 0.06145113 0.05494634 0.04944477 0.06278794 0.05584333 0.04369792 0.03021717 0.02869788 0.02926708 0.05760662 0.127222 0.02926776 0.03574675 0.04583208 0.06353971 0.06085814 0.07200411 0.08144391 0.03199952 0.01421959 0.00475172 0.001796541 0.0009125403 0.0006494759 0.001185845 9.314918e-005 0 2.650097e-005 2.746998e-005 0.0001518868 
0.0999975 0.08286778 0.1623418 0.1022496 0.09426744 0.08909691 0.08385223 0.09781973 0.08978292 0.08999923 0.05502858 0.06902058 0.07801217 0.06390036 0.04775617 0.05176142 0.05122371 0.06160974 0.04921446 0.04673992 0.03228418 0.02666563 0.03287967 0.05277739 0.05659775 0.06686342 0.09506124 0.06905349 0.04681774 0.06661067 0.07439735 0.04993205 0.02073383 0.03500758 0.04722031 0.09864934 0.0733907 0.02943248 0.04834694 0.05272284 0.07635559 0.05283959 0.07415398 0.05129255 0.02081397 0.0357561 0.007248551 0.002595111 0.001820959 0.001331595 0.0008868169 0 0.0007479283 5.544045e-005 0 0.001268466 
0.09179365 0.087857 0.09747127 0.1176913 0.1541726 0.108011 0.09965531 0.07335312 0.08566959 0.09834207 0.05290074 0.05575766 0.08619375 0.05774741 0.0517006 0.05516794 0.05803952 0.05655487 0.05995667 0.07154316 0.0368887 0.03299555 0.049651 0.06715153 0.06535642 0.04626545 0.1074779 0.092734 0.06207251 0.06167628 0.04552734 0.04299784 0.04047524 0.06609131 0.04845932 0.05987807 0.05813345 0.04468674 0.05861919 0.08315258 0.07102872 0.03428301 0.03527373 0.02936931 0.01588354 0.02466403 0.009714995 0.002098495 0.002237074 0.000781898 0.0006867948 0 0 0 0 0 
0.1138594 0.1151018 0.1134447 0.1285597 0.14376 0.09735883 0.09566096 0.1421178 0.1015839 0.07784222 0.1453791 0.07089273 0.06633506 0.05233024 0.06122757 0.06104957 0.07412896 0.05359837 0.05915783 0.08153897 0.03413265 0.02186162 0.04933088 0.08611805 0.04278892 0.04319425 0.05640677 0.07389595 0.07406586 0.08837731 0.06741472 0.05585242 0.09605841 0.08075298 0.06622154 0.08047765 0.07524475 0.07309762 0.07481544 0.08123769 0.06702407 0.03222059 0.04115402 0.02016612 0.01677966 0.0150558 0.003156543 0.002374921 0.006855032 0.007048743 0.001813655 0.01423626 0 0 0 0 
0.1961415 0.1689713 0.1457566 0.1987379 0.2431538 0.2388723 0.1847856 0.1946484 0.1478393 0.0856529 0.09752478 0.1082291 0.07273091 0.05586151 0.06557174 0.07948894 0.09866564 0.06159519 0.03781716 0.04717897 0.03757873 0.02961951 0.05240231 0.05768757 0.04389534 0.0489775 0.09419939 0.06194175 0.07243729 0.1030353 0.08837316 0.05641958 0.06935633 0.08454422 0.07785191 0.09999841 0.08177925 0.06381512 0.06613632 0.04490066 0.06932241 0.03484033 0.03433945 0.02131733 0.006370376 0.02521645 0.02468767 0.005155644 0.01111504 0.01019922 0.00310392 0.001440638 0.0004129455 0.0003267769 0.0003240937 0.0003367718 
0.1931236 0.1534236 0.1802187 0.2159884 0.205267 0.1858862 0.1826672 0.2930543 0.1708379 0.1132864 0.1119616 0.1270623 0.1326414 0.1884365 0.07393192 0.07983071 0.08243284 0.07235465 0.02704797 0.04739282 0.05733313 0.0516585 0.03812606 0.04257952 0.04839233 0.04415194 0.05221565 0.0899576 0.07384931 0.08037348 0.09022069 0.08400578 0.1051058 0.0566302 0.06127487 0.09747844 0.1005144 0.09359495 0.05933429 0.05124315 0.03358651 0.02368936 0.03079173 0.07818287 0.01727807 0.006322528 0.00916189 0.003696722 0.01006562 0.003696252 0.001299597 0.0008390578 0.0003729218 0.0003283853 0.0003230468 0.0003362104 
0.1803777 0.1365312 0.1853549 0.2466557 0.1796876 0.1637769 0.1259535 0.1586713 0.1458044 0.1876149 0.1266777 0.1773427 0.1061312 0.08953056 0.08061097 0.07807115 0.06685516 0.07507636 0.04743201 0.04998539 0.09084149 0.07495984 0.03109332 0.04426333 0.0625792 0.04379294 0.03808567 0.04459601 0.04349393 0.05690685 0.04145928 0.04822963 0.04525278 0.1197162 0.1243379 0.09326948 0.136078 0.1076186 0.08481262 0.03038689 0.06435101 0.02645541 0.01865416 0.04168873 0.02272056 0.01475971 0.003254093 0.005577183 0.01102911 0.002388332 0.001316529 0.0007765446 0.0003489764 0.0003256134 0.0003214658 0.0003349546 
0.1840932 0.1935367 0.185417 0.2316514 0.2559414 0.1587507 0.1599656 0.1491499 0.1519895 0.155359 0.1211978 0.1313851 0.1183685 0.08095232 0.09623246 0.08597513 0.1020218 0.1121052 0.1011276 0.08301418 0.1100044 0.08077041 0.05416223 0.04720968 0.04123707 0.05099095 0.0206441 0.03561796 0.0425063 0.04998258 0.05147286 0.06150572 0.05585972 0.0860447 0.1009784 0.09698876 0.07648332 0.0587736 0.04291289 0.0494235 0.05101744 0.07530984 0.02634914 0.03339752 0.0200502 0.02104717 0.009870498 0.01020185 0.01561042 0.005927654 0.0007701344 0.0003689949 0.0003390492 0.000320846 0.0003532031 0.0003330036 
0.2415655 0.3711396 0.3651805 0.2909159 0.2388117 0.2614893 0.2285016 0.1348865 0.144486 0.1588369 0.1295062 0.1242233 0.1272724 0.08348754 0.05930064 0.1022508 0.1720423 0.1439827 0.1294327 0.09487274 0.09174543 0.09105641 0.0515017 0.05113603 0.03896362 0.02788547 0.02330441 0.03668917 0.04149305 0.05541238 0.0499538 0.03433108 0.03915112 0.06074277 0.08289027 0.1051551 0.101857 0.08370338 0.0731998 0.02850153 0.01829547 0.02427041 0.02015302 0.03021782 0.01677684 0.02890474 0.0103536 0.00574624 0.004573903 0.001536852 0.0007309932 0.0003662925 0.0003405367 0.0003603358 0.0003249621 0.0003281244 
0.2419046 0.3394919 0.2693256 0.2165146 0.2137452 0.2455717 0.2033203 0.1496111 0.1258561 0.1083465 0.0871216 0.1133002 0.1557449 0.1009344 0.07091548 0.1125355 0.1618754 0.1307913 0.1228985 0.1191052 0.09544115 0.08197711 0.06526349 0.05240349 0.05076287 0.02410668 0.03500254 0.03949588 0.03604027 0.03812231 0.03609914 0.03906092 0.03012575 0.04713235 0.0437478 0.08348326 0.09306096 0.1044603 0.1150019 0.04227322 0.02498548 0.04036405 0.03938949 0.02000527 0.00872955 0.003660806 0.001716933 0.002265791 0.002436138 0.002192456 0.0006944134 0.0003526045 0.0003319281 0.0003196549 0.0003203409 0.0003253894 
0.3893164 0.2926467 0.281613 0.2152592 0.2564889 0.2345361 0.2668592 0.2710725 0.2076387 0.1519175 0.0880142 0.1118808 0.1362722 0.1251588 0.08727102 0.1727124 0.1093523 0.1309658 0.1258498 0.1174357 0.08350533 0.07980002 0.03674428 0.05759407 0.1092175 0.07515192 0.03412532 0.03428989 0.02991023 0.02766115 0.0305192 0.0371138 0.04173495 0.04510294 0.06863087 0.06366869 0.05174885 0.09465802 0.1028155 0.04217694 0.04627809 0.05494746 0.02851346 0.01773183 0.01371388 0.02358489 0.008174103 0.005416634 0.001511603 0.0006854741 0.000651351 0.0003377429 0.0003237772 0.0003166971 0.0003191823 0.0003299724 
0.4765676 0.3746244 0.3789162 0.3039879 0.3198871 0.3249633 0.2742179 0.1997746 0.2725711 0.2720062 0.09496148 0.1048484 0.1385819 0.1284516 0.1351486 0.160308 0.1496447 0.1597708 0.1454027 0.1637787 0.1097286 0.08594826 0.03500142 0.0576456 0.06009118 0.05921564 0.03700193 0.0565405 0.03316673 0.03222946 0.03504752 0.03662017 0.03721031 0.04362775 0.04613244 0.05263729 0.030828 0.05451257 0.04405247 0.03032078 0.0267174 0.02143869 0.03319367 0.009744273 0.01208864 0.0150815 0.02415486 0.01985119 0.005873376 0.002690297 0.0006075947 0.0003224624 0.0003137637 0.0003173407 0.0003254227 0.0003395361 
0.5172836 0.444684 0.4843462 0.4957447 0.2917992 0.3288872 0.2783481 0.2982791 0.2663925 0.1510647 0.1144251 0.1852309 0.2064968 0.1909226 0.2178898 0.2242595 0.2021737 0.1840735 0.208006 0.2209405 0.1654159 0.1116822 0.06032916 0.03228904 0.03314527 0.04314006 0.03336457 0.04822091 0.05064211 0.03945742 0.02461867 0.03220895 0.03574533 0.03440656 0.03817715 0.03463382 0.02655031 0.0459866 0.02935873 0.01918141 0.01714407 0.01621514 0.02165712 0.01181489 0.008762989 0.008064144 0.01123994 0.006200751 0.003807568 0.006316011 0.001665021 0.0005360105 0.0005308474 0.0005498388 0.0005754635 0.005714921 
0.4164945 0.4973305 0.469214 0.3767574 0.3702065 0.2841472 0.1562539 0.1999223 0.1610994 0.1276887 0.127653 0.1905034 0.2041465 0.1917942 0.2225517 0.2817915 0.2410919 0.1943424 0.1926019 0.2272026 0.1629447 0.1507778 0.1169557 0.07655597 0.04244472 0.03919566 0.03501882 0.04585082 0.0668752 0.06307747 0.03647339 0.03186634 0.03913319 0.03902915 0.03973767 0.03687433 0.03047908 0.02274666 0.02045705 0.01492621 0.01586614 0.01724355 0.01890263 0.02084105 0.01432522 0.005702542 0.006149214 0.02861992 0.003911448 0.005904075 0.001516224 0.0005055404 0.0005171472 0.0005480982 0.003907562 0.003269159 
0.4614871 0.542779 0.4651322 0.3178913 0.2736008 0.2264968 0.197357 0.2413953 0.1847316 0.1736556 0.1340931 0.1953496 0.2096174 0.2528019 0.2475637 0.3124582 0.2882497 0.2351116 0.1819253 0.1968176 0.2013846 0.1489096 0.1077769 0.1178114 0.08839247 0.07911589 0.05180899 0.05276608 0.02848709 0.03234147 0.06133975 0.05544037 0.05674493 0.04817128 0.06351013 0.04276369 0.03472914 0.03182923 0.030626 0.01800375 0.01376552 0.01613562 0.01705256 0.01119667 0.007746904 0.00344511 0.003532189 0.009206337 0.003126062 0.001466207 0.003830784 0.0008480544 0.0005625788 0.003764346 0.0007215346 0.000719771 
0.4008208 0.4680542 0.4572371 0.3861811 0.3506893 0.3140342 0.2337593 0.2822956 0.1966707 0.1216897 0.110004 0.1517472 0.2495645 0.2168733 0.2420137 0.2966917 0.2550739 0.2365805 0.2214573 0.2266447 0.1938933 0.1617122 0.08799558 0.1229963 0.08960701 0.07405435 0.04956941 0.07354187 0.05251915 0.05239908 0.04881981 0.03968119 0.04907154 0.06252044 0.05592474 0.02712855 0.03249461 0.03352862 0.02482008 0.0153708 0.01360977 0.01349505 0.02390023 0.01075954 0.006065505 0.003460127 0.002993005 0.002185569 0.003293247 0.00381826 0.006102786 0.000654391 0.0007341253 0.0007818627 0.0009170751 0.0008796405 
0.4755117 0.4933794 0.5741122 0.4485675 0.3641475 0.3865187 0.3703495 0.4368049 0.1990631 0.1352044 0.1011266 0.1308851 0.213601 0.2248002 0.2418132 0.2420659 0.2494288 0.281206 0.2694691 0.2491047 0.2298557 0.1313195 0.09198144 0.1189227 0.1027818 0.1120756 0.08775587 0.08589081 0.0799262 0.07517362 0.0859706 0.08699064 0.03361733 0.03549999 0.04666717 0.02988569 0.03182214 0.03971337 0.02352761 0.01417752 0.0132001 0.01545099 0.01583724 0.005841696 0.003029361 0.002398405 0.006043249 0.00553288 0.003979241 0.00307084 0.003895361 0.005160099 0.00537016 0.001433732 0.002171495 0.001498313 
0.5135738 0.5151412 0.5111064 0.4335347 0.3611885 0.2692569 0.285942 0.3089127 0.12153 0.1203658 0.1405656 0.1485444 0.2163239 0.2587222 0.2134392 0.2293553 0.2360667 0.1996127 0.205347 0.2437756 0.2464974 0.1595482 0.12888 0.1452875 0.09863121 0.07926732 0.08341038 0.09812032 0.08934526 0.1163886 0.1214424 0.09609729 0.05618823 0.05774621 0.0379457 0.05389689 0.06228351 0.04714149 0.02128788 0.01624659 0.01430709 0.02589261 0.02754467 0.01909724 0.005391236 0.006333599 0.005065742 0.00641088 0.006918698 0.008935124 0.009481118 0.008918669 0.009450186 0.002395548 0.001938881 0.001687226 
0.4932507 0.3506878 0.4150118 0.3949546 0.3055638 0.216348 0.1882235 0.2001535 0.1272371 0.192304 0.1835625 0.2029795 0.286302 0.3072037 0.2546693 0.299766 0.2911839 0.2250935 0.2466038 0.2587282 0.2213284 0.2145356 0.1385722 0.1480612 0.1182576 0.1023826 0.09062707 0.1228791 0.1075735 0.1127871 0.1068609 0.08448505 0.07892202 0.1006306 0.06235432 0.0566277 0.05764188 0.04279869 0.02805157 0.01930936 0.01748559 0.05025714 0.04628521 0.02136045 0.01459988 0.0103826 0.01228715 0.0118113 0.01127026 0.008707094 0.007751041 0.006232173 0.01145857 0.008830551 0.01137663 0.007292258 
0.3490832 0.2697504 0.3176194 0.459218 0.3348654 0.2415554 0.1794081 0.2316101 0.17054 0.1545498 0.1560349 0.2561722 0.3275392 0.3341775 0.3388882 0.2976973 0.3207992 0.295461 0.4100819 0.3751474 0.273737 0.2179091 0.1912651 0.2025915 0.1524298 0.1416705 0.1057166 0.1611899 0.1285589 0.1082446 0.1053426 0.08719919 0.1036864 0.07542323 0.06837407 0.05351542 0.06506662 0.05031818 0.04551046 0.03462798 0.02167348 0.02511826 0.02639653 0.01896071 0.01194309 0.01759586 0.02042147 0.01544638 0.008233836 0.008517933 0.007526269 0.007175962 0.007610844 0.01455609 0.01798828 0.0134483 
0.2909244 0.272553 0.2641039 0.3245642 0.2774138 0.2805777 0.2109203 0.2508857 0.2304982 0.1871573 0.2049412 0.2829308 0.3754256 0.3984318 0.4228052 0.3581919 0.3360641 0.29498 0.3338576 0.2977761 0.272251 0.2418208 0.275826 0.2627768 0.2199591 0.209836 0.1770118 0.1751646 0.1160715 0.1074011 0.09701516 0.1025191 0.103385 0.09898129 0.0915287 0.0771395 0.09619541 0.0850355 0.08221287 0.06365156 0.03556802 0.03562317 0.03205542 0.03965339 0.0206151 0.02542602 0.04305284 0.04968695 0.02894126 0.01548585 0.01325195 0.008522186 0.01757499 0.04397598 0.02615443 0.01152617 
0.2721554 0.259439 0.2003089 0.2003241 0.2390174 0.2082169 0.1879793 0.2619871 0.2184682 0.2092688 0.2364005 0.2937857 0.3604755 0.372469 0.3744535 0.3972928 0.339402 0.4403735 0.4151151 0.3398749 0.2807162 0.3118679 0.3020816 0.2784879 0.297536 0.2381102 0.1825061 0.1590947 0.1181604 0.114469 0.114407 0.1025412 0.1097732 0.1119603 0.09622647 0.08468321 0.08347049 0.1011435 0.09399243 0.06536158 0.04253609 0.03942233 0.03630498 0.02873686 0.02960778 0.02410666 0.03781188 0.05042565 0.0506291 0.02059993 0.01506963 0.007055863 0.01201876 0.02488212 0.02146399 0.0126744 
0.2555428 0.2908873 0.2515321 0.2751089 0.2031565 0.1749667 0.1850102 0.235607 0.2260968 0.2345744 0.2922051 0.2999924 0.2877685 0.3040022 0.3430772 0.3207236 0.3612349 0.4024892 0.4482696 0.3729003 0.3500977 0.2748507 0.2153601 0.2449456 0.2640649 0.2093575 0.2005218 0.2069886 0.1366882 0.1279208 0.1180756 0.1092376 0.107149 0.1000867 0.08705236 0.08611125 0.09970362 0.1405394 0.1277875 0.08108777 0.05731302 0.04579635 0.04463645 0.03426487 0.03849176 0.03352956 0.03418507 0.04990954 0.03831574 0.03650401 0.03106085 0.02745284 0.01914795 0.03060411 0.02935771 0.03782865 
0.2698393 0.3184775 0.2561598 0.2686851 0.1796712 0.1372958 0.1568916 0.2427272 0.2686815 0.2446334 0.2767689 0.2716553 0.2685427 0.2594559 0.2950233 0.3710604 0.4211672 0.4902747 0.4381446 0.3777515 0.3462734 0.3201585 0.2539767 0.2362153 0.2061777 0.1874198 0.1858098 0.2306594 0.1690158 0.1284157 0.1225157 0.1270308 0.1178909 0.1035221 0.1147573 0.1010112 0.1500822 0.1719325 0.1708085 0.12073 0.0911732 0.06634335 0.0528617 0.04124536 0.05020452 0.03778865 0.03881953 0.03911963 0.05022722 0.04669012 0.03975587 0.03342733 0.03789862 0.05543705 0.05880081 0.02019162 
0.2622954 0.2536967 0.2846941 0.33902 0.212464 0.2196132 0.1772821 0.2503839 0.3164677 0.2846855 0.3078941 0.3332873 0.3499926 0.3122626 0.3162563 0.3848269 0.4584966 0.4748197 0.4110001 0.3528942 0.3159558 0.309219 0.3266086 0.2490356 0.2199783 0.2213066 0.2498752 0.2384148 0.2114872 0.1335203 0.1169041 0.1337674 0.1175248 0.1284138 0.1419843 0.1585412 0.2140517 0.1998825 0.1985728 0.1575484 0.1102635 0.0881452 0.07917415 0.05518819 0.06784001 0.05664798 0.05412684 0.05647479 0.05266924 0.06086278 0.05827011 0.05185279 0.05527617 0.05493723 0.05634515 0.03375921 
0.2620864 0.2314526 0.1767482 0.1894837 0.1159416 0.1298563 0.1981078 0.3679171 0.3400095 0.3023001 0.2939991 0.3134384 0.3044805 0.2863102 0.3331465 0.405903 0.5310071 0.4607357 0.4166878 0.3926287 0.2714655 0.2809256 0.3325913 0.2751524 0.2607704 0.2938747 0.2917715 0.2997183 0.2763499 0.1536889 0.1107236 0.1272212 0.1232003 0.1421318 0.1463194 0.1760416 0.2196068 0.2112641 0.2009286 0.220462 0.1689093 0.1452595 0.09824839 0.06080041 0.04703808 0.05545955 0.05302181 0.0571464 0.06411617 0.08556423 0.05728278 0.06333176 0.09029984 0.08120994 0.06386338 0.01384167 
0.2432945 0.1871779 0.1078909 0.1061828 0.09011432 0.1234184 0.2088941 0.3000394 0.3360346 0.2613263 0.2550465 0.2970898 0.2808184 0.2939152 0.3866338 0.3969406 0.4607196 0.475016 0.4738675 0.4062071 0.3168839 0.3279339 0.361186 0.3435753 0.3385525 0.407217 0.3352297 0.2817729 0.2887385 0.2355098 0.1495825 0.1500676 0.1429692 0.1683652 0.1816721 0.1912614 0.198262 0.2244936 0.2248065 0.2158607 0.1716116 0.1738546 0.1077349 0.0652597 0.04961926 0.04850772 0.04174008 0.0623821 0.06844824 0.0946672 0.09840102 0.09765367 0.06934538 0.06072402 0.03403645 0.01253507 
0.1896986 0.1427055 0.1044814 0.1208269 0.122955 0.173866 0.149804 0.1951049 0.2574953 0.2933971 0.2388246 0.3043498 0.2989795 0.37196 0.4586814 0.4355018 0.4169824 0.4934094 0.4383087 0.4098452 0.3270267 0.3571774 0.3524875 0.320611 0.3737313 0.4081353 0.3076642 0.2613556 0.2451623 0.2171017 0.1904848 0.1754132 0.1809831 0.1930186 0.1963194 0.217462 0.2301842 0.2371212 0.2101235 0.1858671 0.2093679 0.2032588 0.1103116 0.0735855 0.07089613 0.06344876 0.04966798 0.06347385 0.101243 0.1046806 0.1011108 0.1048031 0.09181094 0.170261 0.02592463 0.00520605 
0.3506276 0.2103943 0.1111252 0.1597952 0.2016632 0.2585894 0.2272452 0.2035144 0.2069319 0.269382 0.2910062 0.3627556 0.3190152 0.3892682 0.4782746 0.383043 0.4216681 0.5031504 0.4070901 0.3607584 0.351984 0.356641 0.3491677 0.3300265 0.4384544 0.3861987 0.3079986 0.241795 0.2278649 0.1914583 0.1832656 0.2186215 0.1736815 0.1764909 0.2041407 0.2472845 0.2722437 0.2602278 0.2565935 0.2254543 0.3387907 0.2675879 0.1532785 0.0675247 0.04308131 0.03525346 0.06769793 0.07767831 0.1635611 0.1465033 0.1072463 0.1174254 0.2133181 0.06225562 0.008483354 0.005206307 
0.2644054 0.26817 0.1941716 0.2133694 0.1957375 0.2623513 0.2588788 0.2517785 0.2649536 0.3211408 0.297422 0.3057558 0.3264844 0.3056302 0.3839881 0.4456034 0.4807987 0.4563756 0.3472653 0.345452 0.3223162 0.3371367 0.366247 0.3844598 0.3807472 0.3561377 0.3176899 0.2702115 0.2264916 0.1916824 0.1803383 0.2426316 0.2520184 0.2637424 0.24074 0.2661548 0.298216 0.3280676 0.3290379 0.3044413 0.3151383 0.1515494 0.08377153 0.05656575 0.04393482 0.03969335 0.0680184 0.09407173 0.1048526 0.1119873 0.1153657 0.09510119 0.07347849 0.02893536 0.01049888 0.006008238 
0.2435038 0.2009392 0.1297682 0.1194164 0.1735617 0.2382292 0.2576423 0.2308799 0.2424813 0.2614822 0.2452912 0.2514645 0.283995 0.3014313 0.3727756 0.3972016 0.4205325 0.3338028 0.3084409 0.3242691 0.3785041 0.418498 0.4621454 0.3927061 0.3746581 0.3475622 0.3571144 0.2653756 0.2152052 0.2007074 0.1909932 0.2473973 0.2662618 0.2531793 0.2181533 0.2615895 0.3249462 0.4219278 0.3982151 0.2960316 0.1960759 0.12994 0.08107237 0.04463635 0.03542094 0.04647251 0.06098532 0.08131316 0.1458659 0.1252818 0.1024097 0.0919864 0.04233664 0.01763046 0.01145185 0.008985614 
0.302185 0.2262369 0.1238811 0.1309202 0.1477412 0.22118 0.2257077 0.1865861 0.2082796 0.2141972 0.1662162 0.2290781 0.2131504 0.2537467 0.3097781 0.2934684 0.2354309 0.2605329 0.3258753 0.3199999 0.3879634 0.3971395 0.3936643 0.3473739 0.3836932 0.3440376 0.2791755 0.2279275 0.2136675 0.1633648 0.1911219 0.2169147 0.258138 0.2422504 0.2315292 0.2764995 0.3239578 0.4081884 0.3978647 0.2909903 0.2488729 0.1305086 0.09515329 0.04891929 0.04199432 0.08704649 0.09415524 0.06145578 0.1348539 0.1084306 0.04745639 0.02461447 0.02946419 0.02023033 0.01135383 0.008480639 
0.3360966 0.2466171 0.1060178 0.1275707 0.1472047 0.231162 0.1914457 0.1544871 0.1850535 0.147779 0.1275033 0.166099 0.1791062 0.1632968 0.2245146 0.2461755 0.2100992 0.223169 0.2391036 0.3454756 0.3787006 0.3005866 0.3029206 0.2602232 0.3109803 0.2739749 0.2506931 0.2154686 0.1629941 0.173471 0.2011532 0.1997686 0.1980589 0.2176428 0.2698065 0.3213 0.3680955 0.3939356 0.363382 0.3175506 0.2909314 0.1958613 0.12434 0.1124553 0.07419294 0.0758897 0.08213718 0.03971367 0.0372928 0.04591455 0.0248821 0.01999453 0.04149926 0.03760941 0.01880954 0.009010085 
0.2918309 0.2367415 0.1636982 0.1566076 0.1640759 0.2166574 0.2165077 0.1488083 0.1941455 0.1898849 0.2140444 0.2047244 0.2244037 0.209405 0.2705282 0.2764944 0.218157 0.2022286 0.2182565 0.2366239 0.2426237 0.263338 0.2798578 0.2378379 0.2381856 0.2394644 0.2289512 0.2207466 0.2263695 0.1961889 0.1976956 0.2411647 0.2276345 0.2612393 0.2584726 0.2430521 0.2747551 0.3015094 0.2973765 0.2814885 0.2218049 0.1887736 0.1994182 0.1209368 0.07338712 0.08822577 0.08551048 0.03101696 0.03934334 0.02874794 0.04798601 0.02703062 0.0201898 0.03899032 0.01379397 0.0123393 
0.3082349 0.1937459 0.1772377 0.2225772 0.2151962 0.21287 0.1851349 0.1420861 0.2046766 0.200504 0.2293635 0.2258695 0.2243738 0.1864818 0.1748597 0.2528416 0.2199202 0.1633419 0.2516744 0.2070833 0.2241395 0.2914725 0.2673914 0.2612472 0.3277951 0.2954595 0.2412333 0.2119408 0.229983 0.251315 0.2885942 0.2675482 0.2372366 0.2191068 0.1830415 0.180669 0.2371095 0.2703809 0.2687387 0.2073794 0.1595705 0.2162106 0.2593891 0.1659307 0.08491211 0.1102893 0.07896093 0.03222369 0.04294851 0.04460859 0.03772007 0.02169338 0.02159899 0.03830588 0.02253352 0.02584288 
0.3730121 0.1757025 0.1481747 0.1969848 0.2409427 0.1704316 0.1872691 0.1618406 0.223263 0.1713566 0.2756826 0.2723085 0.2584246 0.2239412 0.1730944 0.267073 0.2312893 0.2166141 0.2382256 0.2725395 0.3160062 0.3071461 0.3271061 0.3365262 0.3753906 0.3680216 0.1998006 0.182353 0.2150339 0.2187437 0.2712351 0.2811505 0.2305544 0.1871326 0.1771438 0.2182179 0.263478 0.2196097 0.223739 0.1715511 0.1957917 0.1950473 0.2190872 0.1017472 0.1011704 0.09794408 0.1015612 0.03625721 0.03855887 0.03203126 0.03666986 0.02683734 0.0342187 0.04042852 0.05143251 0.01673326 
0.2007468 0.145661 0.1671532 0.1564327 0.1385861 0.226795 0.2014466 0.22677 0.237715 0.1834101 0.196956 0.2888056 0.2645465 0.2256689 0.2174985 0.2004727 0.2415819 0.2440003 0.2438246 0.2648891 0.297735 0.3466637 0.3594022 0.324331 0.4025284 0.2522505 0.1899434 0.1671139 0.2108089 0.2363262 0.2432694 0.2258401 0.2230235 0.221589 0.2277186 0.2430957 0.3024759 0.2374097 0.1877747 0.2135308 0.2498336 0.2194822 0.1648035 0.1091885 0.1681388 0.169953 0.1102104 0.0692042 0.07311551 0.07445601 0.06481722 0.04080138 0.03111755 0.0303369 0.03108154 0.02883064 
0.1928772 0.2036014 0.1332854 0.1520693 0.1290545 0.2318664 0.2095939 0.1745995 0.2703 0.2881597 0.2405642 0.2649586 0.3314024 0.2362575 0.2154988 0.2144395 0.2503937 0.2789734 0.2724331 0.2995986 0.2998236 0.2725547 0.2623052 0.2616828 0.284786 0.2267889 0.1684312 0.1904131 0.2121254 0.1871385 0.258898 0.2540295 0.26003 0.2740305 0.2584774 0.2718908 0.2706183 0.2131419 0.1696644 0.1893297 0.2623125 0.2168028 0.1565785 0.1237241 0.1415258 0.1351975 0.1133551 0.09679273 0.09446557 0.07819167 0.07817189 0.06640387 0.0557584 0.04008637 0.03090048 0.01314516 
0.380875 0.2479848 0.138412 0.1248693 0.123635 0.1954395 0.2346945 0.234675 0.271423 0.3086615 0.3025768 0.2237678 0.325491 0.2337534 0.1826504 0.1998387 0.2211079 0.2229999 0.2435541 0.2568676 0.241226 0.2119957 0.2922154 0.2496031 0.2312967 0.1809025 0.1380597 0.2047433 0.165285 0.1670499 0.2848733 0.2508892 0.2612217 0.2355759 0.240558 0.2886842 0.2940278 0.2346011 0.2214196 0.2297323 0.2588541 0.2237782 0.1996358 0.1767082 0.1303701 0.159039 0.1474431 0.08907605 0.07655592 0.06955332 0.07928581 0.04960664 0.05155141 0.05236388 0.03857547 0.02524193 
0.3088821 0.2419296 0.1842932 0.2051776 0.1927184 0.217869 0.2428821 0.2478729 0.3560435 0.2732395 0.1998945 0.2216607 0.2854001 0.2298682 0.1863279 0.228857 0.2905057 0.2400859 0.2487291 0.1949178 0.235924 0.2633226 0.2779391 0.2422319 0.2415155 0.1817421 0.1844041 0.2654245 0.1966355 0.2050234 0.2221106 0.2514191 0.253263 0.221863 0.2362656 0.2514643 0.2277539 0.2119169 0.195978 0.1876 0.2365025 0.2200748 0.2067164 0.1917527 0.1765737 0.1466178 0.1393858 0.09190264 0.06998666 0.07175196 0.0729749 0.04896267 0.04447095 0.06610173 0.04960496 0.01895161 
0.2547535 0.2221334 0.1831328 0.1252624 0.1676913 0.1831591 0.1910342 0.2583468 0.286234 0.2189469 0.219182 0.2340592 0.2922541 0.2542555 0.2455378 0.263055 0.2315857 0.2844555 0.2218929 0.2297745 0.2469447 0.2509517 0.2371169 0.2029889 0.2016987 0.2262587 0.2099073 0.2149992 0.1874969 0.2335274 0.2357828 0.2118655 0.2315125 0.2538386 0.2909204 0.2844551 0.2696986 0.2689826 0.2805493 0.2492461 0.2012033 0.1637256 0.1557483 0.1163372 0.1072903 0.0956832 0.09241025 0.07024869 0.06742213 0.06877097 0.06710429 0.03495968 0.02721774 0.02282258 0.02133065 0.02209677 
0.1286577 0.1932625 0.2003887 0.1288546 0.1238676 0.1435283 0.2002503 0.2480042 0.2634552 0.2131519 0.2500109 0.2679149 0.2792538 0.3304444 0.235297 0.2441002 0.2477613 0.2687912 0.2428071 0.2505316 0.2761619 0.2360135 0.2052029 0.2395745 0.2148348 0.2114527 0.1887157 0.1735858 0.1729331 0.2235753 0.186748 0.2096951 0.2556983 0.2832452 0.294542 0.2513717 0.2616108 0.2465191 0.2680104 0.2747788 0.2072561 0.1181483 0.1249158 0.1157567 0.08374501 0.08804666 0.09378722 0.06669713 0.0753851 0.07115991 0.06864353 0.03100806 0.01455645 0.01629032 0.007782258 0.02310484 
0.1377416 0.2054843 0.1935651 0.1822379 0.153864 0.1897172 0.1866294 0.2212207 0.2748409 0.2229141 0.2171624 0.3036643 0.2906342 0.3280827 0.3047963 0.2586068 0.2103773 0.2428595 0.2346199 0.2496018 0.2431584 0.2253132 0.2318744 0.2296849 0.2094533 0.2211515 0.1933773 0.1862021 0.2074579 0.1863189 0.1745895 0.2205546 0.2506884 0.28608 0.2881169 0.3058022 0.2650279 0.2533134 0.2045985 0.2180342 0.2848478 0.1299333 0.1294314 0.09346393 0.07417081 0.08369157 0.08370347 0.07503647 0.09372119 0.08416944 0.0759672 0.02858871 0.02366935 0.01318548 0.007499999 0.01060484 
0.1859611 0.1629608 0.174108 0.2143407 0.2256304 0.1436317 0.15257 0.165831 0.2249925 0.2084997 0.2235526 0.2527396 0.2455122 0.282963 0.2926325 0.2519712 0.2421643 0.2437257 0.2479068 0.2238294 0.2238728 0.203807 0.2011648 0.1896097 0.1937151 0.1837772 0.1657955 0.2129213 0.2406413 0.1967331 0.2399698 0.215296 0.225048 0.2576767 0.2604013 0.30367 0.2776269 0.2483178 0.2159634 0.1822352 0.2155454 0.1714272 0.1450675 0.09256781 0.09335113 0.09745256 0.1043838 0.08331265 0.1039096 0.09100658 0.07462382 0.03338709 0.05584677 0.03270162 0.01560484 0.02532258 
0.1846813 0.1628539 0.2463263 0.195898 0.1944667 0.210074 0.1776113 0.1936083 0.2336169 0.2113697 0.2321413 0.1784856 0.2531624 0.2541 0.2996434 0.2830721 0.2579637 0.2812535 0.2512815 0.2309057 0.2535228 0.2480486 0.20736 0.1823396 0.2257324 0.1869532 0.1655144 0.2659288 0.2633983 0.260006 0.2317873 0.2640628 0.2869096 0.2451494 0.2533646 0.3057652 0.3050938 0.2615932 0.2205247 0.1746843 0.1815697 0.1816924 0.1283709 0.1065668 0.1100675 0.102406 0.08711227 0.07484353 0.09051576 0.06642698 0.05830077 0.05459678 0.03943549 0.05016129 0.03229839 0.02552419 
0.1706019 0.2206835 0.2615254 0.2232122 0.1742797 0.153286 0.1497347 0.2205349 0.3411691 0.3187973 0.3325626 0.274969 0.2268853 0.2966804 0.3092703 0.258338 0.2367293 0.2323138 0.2363324 0.2270397 0.2280246 0.2335777 0.2191067 0.1928398 0.1788609 0.1753982 0.176517 0.2879855 0.2657686 0.2378854 0.252566 0.2659008 0.2541444 0.2450317 0.2383646 0.2993445 0.2592988 0.2209731 0.2033225 0.197098 0.1997014 0.1813765 0.125794 0.1273691 0.1537479 0.1481637 0.09126817 0.07620732 0.07993254 0.06256843 0.0506638 0.0483871 0.02826613 0.03068548 0.01520161 0.03104839 
0.2510458 0.1854448 0.1561507 0.179043 0.1742985 0.141142 0.1356833 0.2022863 0.2577425 0.3006246 0.2922755 0.3318063 0.3460482 0.2862004 0.300832 0.2720375 0.2728411 0.2591029 0.2564 0.2334281 0.2361439 0.2379844 0.2323472 0.1797024 0.1711759 0.1738782 0.2005041 0.2670755 0.2458684 0.238628 0.2347462 0.2737657 0.2932791 0.2874556 0.2528107 0.2730605 0.2302482 0.1988243 0.2128695 0.2007602 0.2279048 0.2130165 0.122005 0.1297878 0.1341136 0.1066253 0.0981672 0.08756878 0.08137333 0.063016 0.048737 0.04282258 0.04447581 0.02657258 0.04020162 0.05415322 
