ncols         56
nrows         54
xllcorner     28.264
yllcorner     -5.7719999999999
cellsize      0.25
NODATA_value  -9999
0.1366263 0.1176334 0.08151498 0.0589271 0.04549641 0.06099167 0.07872499 0.07869999 0.07001667 0.07085001 0.07568333 0.09473334 0.094525 0.08930834 0.081575 0.09363333 0.09119999 0.09611665 0.07666666 0.06679168 0.05110833 0.03989167 0.03460833 0.05034166 0.06606276 0.06456538 0.07334075 0.07605635 0.05585175 0.05000495 0.03544039 0.04377358 0.05387763 0.07109497 0.08338628 0.09284914 0.07154918 0.07485149 0.05164823 0.05200491 0.02868838 0.02478264 0.0221645 0.03961737 0.02784186 0.03317124 0.02852278 0.0267693 0.0482812 0.05674891 0.03573225 0.0351339 0.03231781 0.03110833 0.01370833 0.004658333 
0.2007949 0.1270471 0.0714968 0.06527665 0.07982431 0.068125 0.09489166 0.09848333 0.07765833 0.07118332 0.07147501 0.07075834 0.07957499 0.07523333 0.061575 0.06618332 0.07290833 0.0823 0.07738333 0.054775 0.03854166 0.029 0.03470833 0.05050001 0.04698967 0.05680317 0.05458831 0.08837521 0.0570235 0.0384663 0.04171344 0.05162433 0.05808046 0.06073064 0.060289 0.0716292 0.07585302 0.06558004 0.06469014 0.05764201 0.05287754 0.03397021 0.03354707 0.02695965 0.01761031 0.02687595 0.02336212 0.03332717 0.04221871 0.04655588 0.04719644 0.03306359 0.03743333 0.01959166 0.01933333 0.006658334 
0.2410334 0.1907481 0.0812869 0.08264779 0.07025594 0.04561544 0.077875 0.07905 0.06517499 0.03585 0.0353 0.05115 0.05585833 0.05840833 0.05893769 0.05359781 0.05921532 0.07605895 0.0571434 0.054575 0.05759999 0.04901667 0.03871667 0.04911484 0.0439402 0.0368555 0.04588592 0.06584119 0.05034733 0.04966488 0.04689512 0.04231739 0.06394556 0.07638073 0.07927331 0.09127098 0.06660773 0.07567462 0.06173763 0.04730519 0.04302734 0.0353318 0.03245993 0.04011406 0.03307438 0.0201106 0.03040622 0.04790066 0.04860166 0.03270006 0.02681409 0.01831667 0.01685833 0.01160833 0.015225 0.014425 
0.2030488 0.1588296 0.1517358 0.08618031 0.06099445 0.04553606 0.05297327 0.0578568 0.04986907 0.04185167 0.04236825 0.04486252 0.04085628 0.04667625 0.04461344 0.04358899 0.05701841 0.07912987 0.05573839 0.06552155 0.06645404 0.06833754 0.0553619 0.05891399 0.04568361 0.0322261 0.03982396 0.04036472 0.05579408 0.07180837 0.06838148 0.06067864 0.08927818 0.09582117 0.09540171 0.08938175 0.06502296 0.05000794 0.03315305 0.04579057 0.06276046 0.0444471 0.06443945 0.09001271 0.0549273 0.0279546 0.03423946 0.04632297 0.06415443 0.0321369 0.02278517 0.01624167 0.0066 0.006325 0.00355 0.005408333 
0.1932667 0.1663646 0.1317546 0.09080037 0.0632589 0.03703339 0.03905996 0.05288579 0.06185172 0.07129224 0.0611754 0.06120098 0.05247204 0.05500098 0.06505093 0.09802011 0.07875374 0.06798394 0.06395327 0.0739165 0.07519771 0.06427574 0.06728256 0.0508762 0.04489285 0.03556185 0.02965993 0.05928493 0.04122719 0.04348382 0.05884283 0.0699335 0.0810321 0.08045141 0.0690591 0.07614839 0.05429117 0.03129704 0.02097369 0.03319257 0.04493503 0.03498296 0.06017036 0.0920606 0.0569942 0.03413696 0.03546002 0.01914678 0.03844737 0.03087826 0.01310218 0.0037 0.001 8.333333e-006 0 0 
0.138798 0.164568 0.1369109 0.1161871 0.0679356 0.04542501 0.04414525 0.04919186 0.06097067 0.06939724 0.08289104 0.07374719 0.07261747 0.05075032 0.05514949 0.09418323 0.09408169 0.0983895 0.08253812 0.07999944 0.07575168 0.06082858 0.06896724 0.05918242 0.05914388 0.04413245 0.0488355 0.06891032 0.05467161 0.04000749 0.05096731 0.05153248 0.05284087 0.06011925 0.05483704 0.0565858 0.04523839 0.03074801 0.02182353 0.02788555 0.03835024 0.04639334 0.03470772 0.04740256 0.03418773 0.03284492 0.02287368 0.01561402 0.01807353 0.008897186 0.005972253 0.001691667 0.0009749999 0.0001083333 0 0 
0.1447162 0.223143 0.1861837 0.1224628 0.07899404 0.06787917 0.0535566 0.06095763 0.06072045 0.05438847 0.07738873 0.09764624 0.08470637 0.04578686 0.05721985 0.1057348 0.1263245 0.1096183 0.1086784 0.08691803 0.0605645 0.04147162 0.03908553 0.04988595 0.04810952 0.0509983 0.05892072 0.0475709 0.03348066 0.03150557 0.02647226 0.03381617 0.05667226 0.0583634 0.05437207 0.0494838 0.04505956 0.0364793 0.02331115 0.02518244 0.03770494 0.04060619 0.03671256 0.03139016 0.01874118 0.01819128 0.01329414 0.006698891 0.009456258 0.005050803 0.0009416667 0.000275 3.333333e-005 0 0 0 
0.2753077 0.2806737 0.2241447 0.146529 0.1230853 0.09422688 0.0868059 0.06354006 0.05788456 0.06552745 0.07765642 0.09031753 0.07654601 0.071406 0.07776326 0.1174317 0.126846 0.1131992 0.09548853 0.07845595 0.06882276 0.04958762 0.0519664 0.06435418 0.05109578 0.04461237 0.0268051 0.02641849 0.02280372 0.02421558 0.01964736 0.02904412 0.03321414 0.04057871 0.04429141 0.04235575 0.03876173 0.03801857 0.02980264 0.03395451 0.0261692 0.02767494 0.03514246 0.02621306 0.01583168 0.02132201 0.008435627 0.0161624 0.006395892 0.001595475 0.000825 0.0023 0.0008666666 0.00035 0 0.002416667 
0.2025828 0.2569359 0.1601428 0.1178904 0.1536366 0.1219374 0.09442673 0.08009157 0.07343468 0.08516438 0.09791543 0.1274666 0.1012563 0.07681368 0.07493807 0.1101543 0.1249441 0.09911074 0.09622364 0.07016757 0.07202464 0.06254577 0.0575785 0.06527818 0.05986952 0.03196135 0.0178261 0.02653492 0.01813864 0.01691558 0.01926584 0.03393614 0.02536433 0.03101837 0.03493173 0.04050942 0.03876465 0.02402052 0.03145915 0.02054323 0.01423418 0.01949405 0.01683018 0.01776196 0.01120415 0.01208622 0.007276719 0.008943685 0.003291667 0.001741667 0.000525 0.0001333333 0 0 0 0.0001 
0.1164584 0.1249707 0.1501296 0.1145561 0.1580998 0.1205769 0.1077679 0.08405125 0.1041671 0.1318175 0.1222037 0.1322934 0.1298551 0.117735 0.101982 0.0981643 0.1149454 0.09161948 0.07404401 0.09537983 0.06448438 0.09537697 0.05733605 0.057757 0.06874165 0.03706734 0.02375517 0.0315786 0.02130056 0.01145865 0.01235216 0.02498312 0.02833908 0.02744387 0.03309934 0.03569301 0.03644295 0.02297164 0.0311563 0.02435059 0.01405987 0.01930347 0.02172136 0.01440497 0.00403719 0.003818071 0.005387667 0.001191667 0.0009333333 0.001391667 0.002458333 0.003416667 0.003108333 0.0007583333 9.166667e-005 0 
0.1427872 0.110672 0.08303139 0.09922475 0.102847 0.09454467 0.1085009 0.1224915 0.1552478 0.1537264 0.1432321 0.1487245 0.1293659 0.1378089 0.1174347 0.09986693 0.1060564 0.08649676 0.09846257 0.07696803 0.06038916 0.05771669 0.05544625 0.06881193 0.05276382 0.0243833 0.01713687 0.01850079 0.01575268 0.01206663 0.01052553 0.02105205 0.02751162 0.02592976 0.02090856 0.0264379 0.02419961 0.01697158 0.01414344 0.01883818 0.009750951 0.01052637 0.007243782 0.005917895 0.002923148 0.002357507 0.003155308 0.001033333 0.0007083333 0.001916667 0.002166667 0.0004666667 0 0 0 0 
0.2076355 0.163925 0.1488581 0.1503229 0.140442 0.1067495 0.136285 0.1537836 0.1387262 0.1394526 0.1706479 0.2064185 0.2022397 0.1747414 0.1127885 0.1291775 0.1319507 0.09160344 0.08506921 0.05340632 0.04981061 0.06249527 0.04586805 0.05434271 0.02689758 0.02166808 0.01215364 0.01574622 0.01417442 0.009518007 0.01289041 0.01825304 0.02234561 0.01417635 0.01742542 0.02404559 0.02422877 0.02038394 0.01540572 0.01409042 0.007260354 0.01102949 0.007364607 0.004574075 0.001296051 0.002095898 0.001200438 3.687736e-005 0.001131232 0.000640401 0.0008273147 0 0 0 0 0 
0.1546873 0.2133055 0.2140425 0.2112071 0.1547792 0.1435479 0.1691613 0.2011768 0.1577169 0.1441997 0.1928243 0.2758199 0.2242371 0.1911466 0.1406739 0.1099959 0.128672 0.1423065 0.1074934 0.09283163 0.08349969 0.08328237 0.07304065 0.03977396 0.01717335 0.01098009 0.01051256 0.01086632 0.01014721 0.006175741 0.01033619 0.01534586 0.01277751 0.00996955 0.007881077 0.009688186 0.01721878 0.01712051 0.008963997 0.007718372 0.006208768 0.00428302 0.008630939 0.005952895 0.0006251172 0.0003169007 0.000484834 0.001836096 0.0006142447 2.304718e-006 1.704862e-006 0 0.0008483854 0.0001010725 0 0 
0.1813831 0.3144037 0.2708385 0.2249015 0.2018329 0.1904143 0.206101 0.2019136 0.1921846 0.1758309 0.1886806 0.2501451 0.2066518 0.151817 0.1469474 0.1470543 0.1386948 0.1416666 0.1083293 0.1203569 0.1128323 0.0807182 0.07378234 0.04066642 0.01837059 0.01099707 0.00677416 0.006738741 0.007816419 0.007742953 0.01124493 0.01701514 0.01794426 0.01726163 0.008668563 0.004502612 0.009177057 0.01047453 0.006354463 0.004605707 0.002885991 0.00316092 0.001975141 0.001553487 0.001169434 0.001214869 0.0001405538 0.0006879159 1.311977e-005 2.146116e-006 1.541021e-006 0 0.0003575772 0 0 0 
0.2349417 0.2490681 0.252859 0.2004307 0.1921594 0.1622232 0.182421 0.2445594 0.2328058 0.1972255 0.1514308 0.1801095 0.155577 0.1257074 0.155772 0.1695234 0.1414749 0.1830299 0.09711044 0.06540319 0.06509057 0.05893485 0.04571641 0.03935888 0.02557885 0.01443766 0.003745971 0.007941922 0.01269216 0.008328583 0.009476954 0.01335466 0.01765519 0.01624032 0.004969426 0.004713333 0.007031462 0.008005291 0.00565968 0.003028885 0.0004526125 0.001371513 0.001292053 0.0007520326 0.002067641 0.0007724182 0.0009367749 0.0001174781 0.0006342265 1.568042e-006 8.664971e-005 1.554729e-005 0 0 0 0 
0.2160167 0.2453826 0.1967075 0.1858869 0.1667746 0.1604699 0.1760798 0.2657565 0.2410111 0.1934841 0.156788 0.1890239 0.163714 0.1098099 0.1131888 0.138703 0.1161409 0.1433451 0.1087668 0.08563555 0.04644126 0.05210068 0.06459156 0.0630654 0.03268723 0.01273238 0.006996578 0.01373756 0.01495723 0.007676989 0.007926326 0.01223784 0.009986545 0.008871773 0.004693976 0.005788891 0.01140655 0.009954281 0.01078318 0.003432596 0.002371209 0.00171392 0.0009739769 0.0007508998 0.0002218089 0.0002395049 2.003427e-005 2.246251e-006 0.000810949 3.622073e-007 2.587235e-007 0 7.771621e-006 0 0 0 
0.2036569 0.2487417 0.247058 0.2297755 0.2138978 0.1919861 0.1845812 0.2396354 0.2118238 0.1610437 0.1539728 0.1890425 0.1974638 0.1392584 0.1104086 0.1078516 0.1089092 0.1302459 0.1389895 0.1084283 0.09449096 0.06674203 0.05516559 0.05090161 0.026194 0.0162402 0.01324562 0.0109552 0.01198389 0.005440909 0.003462085 0.005716179 0.003298664 0.003130343 0.003716072 0.003636465 0.003382335 0.003529266 0.002636145 0.00074516 0.0005447856 0.0004058674 0.0002965046 4.966333e-005 0.001883309 1.053157e-005 7.725649e-006 1.337469e-006 5.605569e-007 7.435966e-006 1.077499e-007 0 0 0.000186585 0 0 
0.2432454 0.2755171 0.2947799 0.2780668 0.2394803 0.205368 0.1936212 0.1903194 0.2292658 0.174144 0.1406166 0.1763645 0.1975702 0.1240129 0.1117034 0.1408528 0.1197713 0.1245466 0.1414613 0.1173126 0.1046338 0.04946885 0.04598715 0.03950666 0.02065019 0.01493746 0.01055556 0.009268647 0.00545069 0.004871448 0.004021141 0.008233466 0.005572297 0.003455597 0.003181997 0.001714325 0.001570357 0.001464131 0.001150153 0.0007210724 0.0008493805 0.0003503112 0.000261429 4.265479e-005 1.920587e-005 6.620039e-006 4.823165e-006 8.03558e-007 2.971934e-007 7.320754e-006 2.789099e-008 0 0 6.218213e-005 6.219438e-005 7.772433e-005 
0.269647 0.2887317 0.355855 0.3366787 0.3059852 0.2100178 0.180301 0.1833038 0.2178167 0.1508247 0.1469024 0.2159923 0.2203905 0.2526999 0.194276 0.1549054 0.1581517 0.1585512 0.123384 0.1227778 0.1058592 0.08188675 0.04507621 0.0369836 0.03219521 0.03436653 0.01669795 0.009428328 0.006621669 0.005751586 0.006636371 0.007859216 0.009135434 0.004293121 0.00380442 0.00191606 0.001633633 0.001659062 0.001233762 0.0007159479 0.001359889 0.0003263312 0.0002420354 3.914077e-005 1.727212e-005 5.485894e-006 3.972256e-006 6.581736e-007 0.001227933 6.555456e-005 1.996974e-008 0 0 0 0.0009887436 0.0008794508 
0.3651356 0.3533464 0.2771327 0.3616077 0.3921605 0.287104 0.1856758 0.1558038 0.2213742 0.1927891 0.1551534 0.2218129 0.2568581 0.2906381 0.3089907 0.2214528 0.2023203 0.183482 0.1755085 0.2114447 0.1497897 0.09852305 0.06675249 0.06690687 0.06348836 0.03986576 0.02725233 0.01812625 0.01314965 0.008836831 0.007855539 0.007791386 0.008249416 0.005004035 0.007066511 0.002689798 0.001612712 0.001300533 0.00147001 0.0006466326 0.001061121 0.0002664999 0.0001956001 5.679638e-005 2.408901e-005 6.812224e-006 4.905881e-006 0 0.0002623402 0.0001209855 9.676807e-006 0 0 0 0.0009647537 0.002664126 
0.3308823 0.2844967 0.2539215 0.3629922 0.330996 0.2818682 0.2317884 0.1366864 0.1891963 0.1864008 0.1734099 0.2697206 0.24934 0.3185697 0.3043236 0.2404204 0.2383408 0.2260776 0.2305336 0.2428567 0.1874482 0.1316584 0.09891032 0.07059532 0.07167536 0.0666034 0.02511588 0.02580529 0.01231547 0.01065481 0.009443441 0.00751965 0.008396885 0.01082894 0.005248322 0.002739752 0.001701497 0.001737972 0.001054573 0.0006229511 0.0003935092 0.0002460886 0.0001800179 5.134408e-005 2.081281e-005 4.9634e-006 3.567421e-006 0 0 5.792321e-005 2.419689e-005 0.000145699 0.0002330972 0.0007290119 0.0007594888 0.003789436 
0.2835855 0.2577125 0.3434861 0.4751538 0.2915147 0.3284664 0.218273 0.2369305 0.2396199 0.1565866 0.1830576 0.2277611 0.2255087 0.2677706 0.2420382 0.2158095 0.3021465 0.2940353 0.2584512 0.299142 0.282708 0.2641231 0.1666533 0.1323384 0.1086404 0.07986693 0.06501686 0.05016138 0.02032144 0.01592723 0.01319465 0.0136741 0.01999062 0.01083204 0.006956622 0.003034523 0.002214553 0.001976026 0.001156908 0.0006972908 0.0004597441 0.0003001661 0.0002198908 0.0001943309 2.565104e-005 6.250829e-006 4.479371e-006 7.777373e-006 0 9.185142e-005 7.742854e-005 0.0002988903 0.0007224269 0.0005979708 0.0002259089 0.004509486 
0.3160946 0.3078054 0.2998063 0.3553409 0.2838858 0.2811446 0.2728184 0.3295207 0.1987564 0.1514906 0.1626468 0.1785905 0.1721249 0.180838 0.229823 0.2500369 0.3334925 0.319475 0.3002074 0.3102732 0.2671177 0.2873451 0.2472391 0.208222 0.137745 0.1248015 0.1176558 0.07699478 0.03901792 0.03412224 0.01944483 0.02517339 0.03255365 0.01604125 0.01120083 0.004135327 0.002590534 0.001627873 0.001349816 0.001582292 0.0006060786 0.0004284672 0.000315007 9.107433e-005 3.852009e-005 1.069281e-005 7.650612e-006 0 0 0 0.0001696121 0.0008910102 0.0005106757 0.001037037 0.001373714 0.004106513 
0.2571612 0.2660933 0.2597584 0.306221 0.3011044 0.3320158 0.3888681 0.3157734 0.1936902 0.1831822 0.2342663 0.1934651 0.1930451 0.2745549 0.2998673 0.2896481 0.2960331 0.3153132 0.3100737 0.2611207 0.3036196 0.2324931 0.2045014 0.214401 0.1747333 0.1186882 0.1274914 0.09278578 0.06240256 0.06828612 0.04583925 0.03299747 0.03243662 0.03972429 0.01303285 0.004809611 0.002744796 0.001584824 0.001334424 0.001726354 0.005281309 0.004912106 0.000717977 0.0002470439 0.0001066368 4.88002e-005 2.245273e-005 0 0 5.804554e-005 9.67454e-005 0.001103744 0.001427163 0.001215293 0.001957985 0.00221429 
0.20462 0.2216066 0.2259132 0.2779931 0.2372891 0.2204721 0.2136986 0.1937119 0.1412345 0.2228032 0.2167623 0.1735062 0.2477781 0.23238 0.2520193 0.2361522 0.2587504 0.2614422 0.2665917 0.197999 0.1976842 0.2068782 0.1922873 0.1751963 0.1916464 0.1161692 0.1097347 0.1114308 0.1006081 0.08592466 0.06877981 0.05699674 0.03400036 0.0440107 0.03676334 0.006464034 0.00324941 0.001754745 0.00149633 0.003358689 0.01005402 0.005552041 0.0008819265 0.0003058916 0.0001332512 4.049474e-005 0.0003671385 0 0 0 0 0.0007082857 0.001089973 0.0006006871 0.001805353 0.002879675 
0.1895081 0.1948005 0.2316026 0.227297 0.2011648 0.1892092 0.1335474 0.1374266 0.1386541 0.1615309 0.2280467 0.2028896 0.2817011 0.258913 0.2379195 0.1998002 0.2283436 0.2339321 0.2165423 0.1878348 0.2200831 0.1949319 0.1326301 0.1421521 0.2173706 0.1410544 0.12802 0.1669212 0.1316977 0.1189725 0.09422457 0.08740979 0.09090922 0.1104358 0.04859176 0.01178442 0.008056137 0.00197847 0.001689766 0.002245903 0.001781074 0.001379118 0.001028886 0.0003608449 0.0001880579 0.002250898 0.003256592 0.00109166 0.0002246669 0.0008369731 0.0003865609 0.001313507 0.0007124071 0.001476616 0.0005857728 0.00202507 
0.2820008 0.2429947 0.2374854 0.2470798 0.2264336 0.216325 0.1861134 0.1600984 0.1974014 0.1538865 0.2096986 0.2171872 0.2409737 0.2996844 0.2311603 0.2198014 0.2028085 0.1591223 0.208325 0.1975551 0.2208756 0.2212036 0.1522653 0.1622074 0.1866467 0.1313385 0.139499 0.2206259 0.1412694 0.134344 0.1201368 0.08286552 0.1015101 0.1229771 0.04305583 0.0183721 0.004206958 0.006602427 0.003863767 0.004754054 0.00323184 0.001553197 0.001164546 0.001271646 0.004387491 0.002090049 0.003665345 0.0006513405 0.0003736625 0.0005675104 0.0002865644 0.001655987 0.0003868945 0.001381465 0.0004852598 0.002242558 
0.3199532 0.2796563 0.290782 0.2663642 0.2941393 0.2458832 0.1993855 0.2289262 0.2345603 0.2481427 0.274413 0.2510005 0.2793272 0.2850055 0.2367154 0.2667835 0.1977479 0.1938627 0.2574114 0.2873935 0.3230603 0.2532489 0.1986508 0.1784456 0.1920808 0.1797722 0.1672315 0.1748073 0.1607467 0.1480975 0.1439565 0.115453 0.1165835 0.1016767 0.05579218 0.02400932 0.01226343 0.009097591 0.005923149 0.00478092 0.003745903 0.006392656 0.006381378 0.0008052426 0.00282762 0.002363748 0.0005118604 0.001099595 0.002080583 0.000524939 0.0001330877 0.00142273 0.00129639 0.001575176 0.001342421 0.001812195 
0.4382407 0.3610091 0.2378416 0.2277097 0.2315542 0.2274527 0.2204908 0.4071813 0.4178699 0.2119666 0.25741 0.2825873 0.273588 0.3094501 0.2926432 0.2637483 0.2503948 0.2749788 0.3056145 0.2771164 0.2661814 0.3340563 0.3341866 0.2848297 0.2644884 0.2091574 0.1963733 0.1899627 0.1891652 0.1838433 0.1474176 0.1159743 0.1092156 0.09894965 0.06048806 0.02539881 0.013468 0.009137941 0.009666326 0.005268808 0.00413034 0.003159605 0.002374225 0.0007319609 0.001607927 0.002033919 0.003152668 0.002023255 0.002091435 0.001220045 0.001498557 0.00189657 0.002047629 0.002699026 0.003906474 0.004479971 
0.4958194 0.4947137 0.2905233 0.2842085 0.2747783 0.1958884 0.2222621 0.2782737 0.389989 0.274245 0.3250453 0.3295133 0.2571996 0.2464487 0.1726998 0.245659 0.2842639 0.2364604 0.2921944 0.1904232 0.2537789 0.3121078 0.3534979 0.3181437 0.3158086 0.3037669 0.2900189 0.2143201 0.1990279 0.183749 0.1308978 0.1143962 0.1219195 0.09812336 0.05875086 0.03985775 0.02299767 0.01255432 0.01507272 0.007315353 0.004347398 0.003306076 0.002484607 0.0007686354 0.0003636451 0.0002700797 0.00196849 0.0004778549 0.0004450872 0.0009111875 0.002015742 0.001577763 0.001852359 0.001345229 0.007156048 0.005797324 
0.4387632 0.4025618 0.3672222 0.2602023 0.2047582 0.1927139 0.2004806 0.1585159 0.1835387 0.2640725 0.274905 0.27417 0.2406029 0.185963 0.1534026 0.2174894 0.2128432 0.1683796 0.1988356 0.2021902 0.2433775 0.218334 0.2833642 0.2640989 0.3257507 0.3354257 0.2772271 0.2706197 0.2100228 0.1868746 0.1461019 0.1323943 0.1429731 0.09895244 0.1400219 0.1322985 0.04904965 0.01906126 0.01428176 0.005628959 0.004383639 0.003351003 0.002494089 0.0007662407 0.0003942776 0.0001527858 0.0001637759 8.218046e-005 0.0001110382 0.000501984 0.000735083 0.003477571 0.005698586 0.003203393 0.005247137 0.002239478 
0.5323498 0.4333535 0.2610681 0.1377892 0.1181456 0.1477648 0.1295428 0.1517937 0.2837579 0.2911231 0.2742206 0.2897886 0.2895245 0.2312736 0.1786047 0.1921305 0.1653449 0.1792099 0.1783228 0.2019119 0.2363881 0.1859908 0.227318 0.2379131 0.2845644 0.2605437 0.2081657 0.2406091 0.211143 0.1908463 0.1387316 0.1582231 0.1272858 0.09929041 0.0871921 0.1235402 0.08455612 0.02101599 0.007567477 0.005331303 0.004103936 0.003084763 0.003416931 0.0007141835 0.0001837903 8.307521e-005 0.000105148 0.0003744857 0.0004398772 0.0005814552 0.0007939506 0.006567059 0.006825839 0.002659935 0.006297972 0.002283344 
0.4281363 0.2530511 0.1735362 0.105978 0.1005205 0.1084979 0.1449822 0.2503268 0.1879932 0.3402834 0.2811973 0.2968799 0.2269164 0.1999272 0.1419604 0.1592641 0.2032925 0.178715 0.2021564 0.1452691 0.1498831 0.1808874 0.2104098 0.2274008 0.2353846 0.1958945 0.212913 0.3128833 0.2418724 0.1725402 0.1147332 0.1139374 0.1254273 0.1183863 0.05995071 0.0601337 0.01970061 0.01425761 0.007709487 0.00537519 0.004137433 0.00352138 0.003791502 0.001402979 0.0001798455 8.547374e-005 0.0001239762 0.0004764685 0.0005876216 0.0007770016 0.001032468 0.006207656 0.005421066 0.002405346 0.002593617 0.003004509 
0.4220575 0.2557455 0.1031417 0.09445975 0.0881778 0.09570885 0.1645338 0.2163277 0.2155734 0.3256842 0.1923923 0.1689197 0.1842919 0.137274 0.1970313 0.1884892 0.1710346 0.1995126 0.1856948 0.1478522 0.1135708 0.09877989 0.1183154 0.1629901 0.2409382 0.2874295 0.1952662 0.2245895 0.2266149 0.1473256 0.1194243 0.1042237 0.1243078 0.09547404 0.06093139 0.03944238 0.02692901 0.01099283 0.009935202 0.013127 0.004236698 0.004110398 0.004452539 0.002057723 0.0002221352 0.0001779369 0.0001955588 0.0007347012 0.0008957625 0.001110606 0.001384491 0.0008529541 0.00119929 0.00148239 0.001445667 0.007292015 
0.4787559 0.2875523 0.1793883 0.1484289 0.1699458 0.1377783 0.1457634 0.2673097 0.2736448 0.304215 0.1719474 0.1990095 0.190895 0.1507119 0.1572703 0.1591887 0.2249236 0.3528991 0.3060427 0.1529121 0.1038795 0.07995634 0.06974837 0.1367541 0.194502 0.2681542 0.1934489 0.1842823 0.1841825 0.1255685 0.09712852 0.1110103 0.1230378 0.06908867 0.06123967 0.03612796 0.01930423 0.0124905 0.008508133 0.005881848 0.004516724 0.00479288 0.005216045 0.002767083 0.0007183687 0.000243266 0.0003874659 0.001144945 0.00135814 0.00158646 0.001825057 0.00106072 0.004770375 0.001556122 0.001518074 0.007650858 
0.3748546 0.2883459 0.1939898 0.2006865 0.1647744 0.1514228 0.1227169 0.2224536 0.3071673 0.2905044 0.2204866 0.1848122 0.2072807 0.1949154 0.2336909 0.3633677 0.5892779 0.7648802 0.5258163 0.2669258 0.09364466 0.04362987 0.03821856 0.1468071 0.3085499 0.320815 0.2457509 0.1611884 0.1700126 0.08733545 0.1089804 0.1276615 0.04590083 0.06703483 0.0466412 0.03224616 0.01259537 0.004540797 0.01479847 0.01200063 0.002734956 0.004265085 0.005619246 0.004652217 0.00202812 0.0003602219 0.0004547654 0.004866762 0.002515973 0.002569004 0.002835307 0.003172313 0.00748377 0.004846379 0.004175329 0.005858984 
0.3243951 0.2121001 0.1809571 0.2085204 0.1916501 0.1785693 0.2023245 0.2394845 0.2679074 0.2282375 0.1323246 0.1904994 0.1922917 0.1931866 0.3232817 0.5058501 0.7162977 0.777603 0.609466 0.3570078 0.1521793 0.0945622 0.09422056 0.1626638 0.250657 0.3757696 0.2693791 0.1938829 0.148798 0.086275 0.04113939 0.07363264 0.04621988 0.0541322 0.06159757 0.03328967 0.0122649 0.007929096 0.007273024 0.002650948 0.006885838 0.01083546 0.006464699 0.005681152 0.003102563 0.0004670892 0.0005798478 0.004310344 0.003090125 0.003139469 0.003399142 0.004067692 0.007345474 0.01147981 0.01347847 0.008804066 
0.2425205 0.2485519 0.1187535 0.1041357 0.1382568 0.1716061 0.1501668 0.2046385 0.2577642 0.1411297 0.1359204 0.1447391 0.186655 0.1938525 0.3860827 0.5179422 0.660978 0.668825 0.4853075 0.2867878 0.12786 0.07650717 0.1258749 0.2365193 0.3096584 0.4369589 0.2836496 0.2788538 0.1245648 0.0510418 0.03530419 0.07009345 0.04797002 0.04440322 0.03110101 0.02648302 0.0131505 0.005002866 0.004343508 0.003020154 0.004831764 0.006232011 0.007559191 0.006636303 0.004300856 0.001690842 0.0008702895 0.003327256 0.003591531 0.003804015 0.003959906 0.00511988 0.004309359 0.01360789 0.02193874 0.01856753 
0.3795021 0.2619813 0.159995 0.1025767 0.1329985 0.1119571 0.07027277 0.1079791 0.2275957 0.1230917 0.1202997 0.1276732 0.1552441 0.2236173 0.3274166 0.4471193 0.6066023 0.5552054 0.3099115 0.1190141 0.06246033 0.1514722 0.1864574 0.3292046 0.3832874 0.460584 0.2391053 0.1583059 0.112305 0.05636103 0.01909897 0.02916566 0.0295186 0.03753085 0.01569339 0.00879467 0.006364538 0.005281204 0.004889375 0.00363066 0.006181334 0.007529929 0.008814334 0.007719776 0.05122018 0.003010187 0.001314714 0.004579136 0.00455348 0.004554136 0.004581256 0.004646189 0.008004314 0.01193717 0.03307068 0.01009857 
0.3933803 0.1677167 0.1365997 0.168672 0.1342975 0.08388209 0.06570148 0.1468025 0.2750523 0.1370604 0.08322875 0.1503711 0.2505578 0.267424 0.3453863 0.3616884 0.4433764 0.3604473 0.1870477 0.1211833 0.0720308 0.1137718 0.1797128 0.29514 0.5138821 0.4349869 0.1571181 0.1082116 0.04516559 0.04725418 0.01645725 0.02593933 0.01722709 0.02273936 0.01604268 0.01304195 0.007013758 0.005448041 0.005263663 0.006105803 0.009444295 0.01104157 0.01214899 0.03978156 0.03858618 0.005954739 0.003083477 0.005560887 0.007585379 0.008217541 0.00588415 0.007438979 0.00602503 0.01811835 0.03196353 0.01483403 
0.2834499 0.131506 0.1289882 0.1467911 0.08423774 0.05833504 0.06665651 0.116964 0.2082425 0.1712218 0.2712275 0.1582128 0.1834677 0.2681677 0.3922835 0.370953 0.3525833 0.2253533 0.1338321 0.1041824 0.09705095 0.1158385 0.1491169 0.3341388 0.2888144 0.3190351 0.123454 0.07990307 0.04267427 0.02773249 0.02136022 0.02120662 0.02830951 0.02467262 0.00911515 0.01126439 0.008076509 0.005684596 0.005704195 0.008101214 0.01201084 0.01341989 0.01451723 0.01302366 0.01075039 0.008403986 0.005622991 0.006693012 0.006222005 0.005766204 0.006866219 0.006370923 0.01006428 0.02110653 0.02477066 0.02568334 
0.3055967 0.110002 0.09836162 0.110618 0.1093986 0.1018303 0.1204689 0.1440831 0.08469779 0.1814034 0.1216409 0.1010249 0.1678715 0.2951165 0.3993521 0.4382419 0.3343655 0.2181421 0.156849 0.07734555 0.1040112 0.1641813 0.1527649 0.1775377 0.3170651 0.2346647 0.09919135 0.05630122 0.03230866 0.02183887 0.01573875 0.02132017 0.01213828 0.01400124 0.009524414 0.007820926 0.007365953 0.006118144 0.006619587 0.01053394 0.01459124 0.01607931 0.01687786 0.01523225 0.01302996 0.01100287 0.00807222 0.009154302 0.00729011 0.0220447 0.01443008 0.006734572 0.009920456 0.02285879 0.02542676 0.01921122 
0.3752267 0.1292003 0.07556722 0.1493236 0.2597664 0.1910028 0.1823657 0.1389449 0.09274732 0.07853346 0.1001915 0.2081395 0.2175747 0.2779182 0.3600853 0.3921746 0.3853573 0.1413833 0.1621275 0.1314724 0.08381439 0.1200194 0.1295878 0.1016108 0.1834861 0.1035938 0.04262126 0.02711679 0.031311 0.05228211 0.04181712 0.01266797 0.01033763 0.01046114 0.01110623 0.0733163 0.09469644 0.006731276 0.008588065 0.01309342 0.01701456 0.01831867 0.01919879 0.01761601 0.04450857 0.01303351 0.01506427 0.0130494 0.00888846 0.03083824 0.02600948 0.007460843 0.009488752 0.01421656 0.0172176 0.01789893 
0.4571772 0.2229301 0.05778883 0.1524304 0.2276613 0.180445 0.1115982 0.07813552 0.05901306 0.03265767 0.0429212 0.09036985 0.1777748 0.1769747 0.2583018 0.2243489 0.1963634 0.2207654 0.1676188 0.1010251 0.04228074 0.03579485 0.03643382 0.03165603 0.05179543 0.05302479 0.03695844 0.03130708 0.03146852 0.0180227 0.01972581 0.01367948 0.01144229 0.01930586 0.01394723 0.01886397 0.09057597 0.01107774 0.01078633 0.01390547 0.02650613 0.01873417 0.01955349 0.02505779 0.03344344 0.02179632 0.04055101 0.01700469 0.0124148 0.01570475 0.01663745 0.003592114 0.009373284 0.01269383 0.004958305 0.008666666 
0.3896857 0.1381009 0.05012349 0.0539489 0.1219964 0.1004867 0.1296402 0.06022545 0.0546721 0.02732136 0.01948088 0.05768898 0.1499131 0.1266285 0.1314178 0.1446881 0.1241737 0.1892334 0.06750774 0.1113182 0.04842582 0.02075569 0.01140131 0.01694118 0.04533687 0.02031757 0.01771403 0.01371141 0.02113342 0.01046527 0.02163122 0.01392666 0.01775628 0.02081741 0.01886285 0.01708556 0.01544655 0.01492128 0.01562696 0.0251736 0.03771556 0.02951383 0.02200197 0.03109381 0.02821137 0.02747671 0.02719939 0.02260847 0.01882933 0.01141841 0.01165553 0.005496797 0.01091531 0.01143861 0.002911936 0.003708333 
0.6127521 0.1861566 0.03442963 0.03756519 0.08663063 0.09619167 0.1049463 0.1136585 0.06289756 0.04045839 0.02589706 0.05631137 0.1648527 0.2193599 0.2667646 0.2552002 0.1552445 0.08517476 0.0507693 0.1626828 0.01884025 0.009249309 0.008939326 0.01695536 0.0194195 0.01841952 0.01710085 0.0312598 0.01074819 0.01035904 0.04433186 0.02438469 0.0236685 0.02510171 0.02453745 0.02296603 0.02082244 0.02027711 0.02061694 0.05468195 0.04603245 0.02854799 0.02566837 0.03966513 0.03872804 0.0333858 0.03131059 0.02574323 0.02147008 0.015068 0.02114696 0.008829781 0.006766874 0.004021514 0.004857887 0.005 
0.4803628 0.1126488 0.07006867 0.02993031 0.05438462 0.04621524 0.06185717 0.09326448 0.1074709 0.08496492 0.04260801 0.05820866 0.08831949 0.1810762 0.2900244 0.297536 0.1620703 0.1173142 0.05621685 0.03054684 0.009440841 0.009088574 0.008878578 0.01758288 0.01805093 0.01728817 0.0311416 0.02838031 0.02732684 0.01689639 0.02648143 0.04726166 0.0345923 0.03080958 0.02916752 0.02820219 0.02554511 0.02426889 0.03754547 0.04731968 0.02778192 0.02878381 0.02789904 0.04178082 0.03750259 0.03231372 0.02959293 0.0269881 0.01602539 0.01524836 0.02747225 0.01165131 0.007756894 0.004087906 0.004404491 0.001625 
0.332308 0.08635562 0.01644129 0.007785075 0.01760681 0.1003918 0.08428801 0.08540598 0.1099515 0.09141804 0.07945967 0.08274865 0.0707531 0.08693393 0.09574177 0.1328204 0.1255948 0.08196306 0.005080999 0.01026907 0.02988189 0.004515848 0.00259425 0.001951209 0.08867943 0.04299861 0.01547358 0.009079499 0.002820226 0.006373294 0.0151199 0.03430549 0.03816859 0.03287371 0.06823444 0.04642402 0.0419248 0.04750561 0.03303516 0.02761915 0.02880382 0.03053719 0.03526967 0.0432004 0.03015381 0.0291356 0.02811186 0.01677083 0.01529102 0.01534996 0.0141207 0.004708333 0.01616666 0.01408333 0.01020833 0.002916666 
0.2505545 0.07730959 0.02455437 0.01014188 0.03264096 0.02666184 0.0551644 0.04122089 0.037814 0.05486736 0.05722132 0.06236985 0.0985939 0.09070834 0.04159266 0.01626169 0.06474429 0.06206022 0.03397046 0 0.03125493 0.01002335 0 0.005885229 0.008089933 0.0259348 0.01733421 0.0003043339 0.006229959 0.009945469 0.0159421 0.03191314 0.03287874 0.034913 0.06592928 0.03893033 0.03580978 0.03454872 0.02855168 0.02875549 0.03075508 0.03201507 0.03692948 0.03699467 0.03254748 0.03036228 0.04154794 0.01873894 0.02688367 0.02398843 0.0246889 0.006708333 0.01325 0.014125 0.009249999 0.003083333 
0.2871474 0.1200313 0.08244731 0.02411379 0 0.004271303 0.02062967 0.01122968 0.01754252 0.01917579 0.03812186 0.03752521 0.09899203 0.04879359 0.02799624 0.03223338 0.0160201 0.02665076 0.0155133 0.01910444 0.05179358 0.009018466 0 0 0.002046139 0 0 0.001737297 0.007869847 0.01113747 0.01823908 0.02718995 0.03388677 0.03569006 0.03581978 0.03279291 0.03010259 0.02858662 0.02854128 0.03753416 0.04844849 0.03837448 0.03984172 0.03441038 0.03237192 0.04318931 0.03514927 0.01706553 0.02998708 0.03903186 0.02838916 0.005916667 0.01125 0.009916665 0.004416666 0.003041666 
0.2898952 0.172802 0.1486844 0.07762234 0.04182837 0.04527228 0.004796606 0 0.0005052641 0.01484516 0.02093334 0.031145 0.05756199 0.08840321 0.03750218 0.05034513 0.009957433 0.01082359 0.01629302 0.0649116 0.00657729 0.005644657 0.001520813 0.004706785 0.0101427 0.01228336 0.01231645 0.01188298 0.01864901 0.02715483 0.02481221 0.03234773 0.03694553 0.03955312 0.04907906 0.04909771 0.03211889 0.03080582 0.03077739 0.03248729 0.03453211 0.03374751 0.03214565 0.04006022 0.04589384 0.05851278 0.0162836 0.02036305 0.03565621 0.04077901 0.02996481 0.01654167 0.00875 0.002916667 0.002583333 0.003791667 
0.3190984 0.2457943 0.1922448 0.2359164 0.06543651 0.05307294 0.08612546 0.09876028 0.01735767 0.01323788 0.02396481 0.0976252 0.1905644 0.1425275 0.06659806 0.04772523 0.02102679 0.02135487 0.02091295 0.01918945 0.01458137 0.02577624 0.01503357 0.01724248 0.01852008 0.01950938 0.0322525 0.02425545 0.03139359 0.0359799 0.033191 0.04214847 0.04501922 0.04952702 0.05354949 0.07543748 0.03345561 0.03216252 0.03872523 0.03762019 0.04421196 0.03995232 0.0442194 0.04585661 0.06805233 0.06239167 0.01467128 0.01991842 0.04347536 0.04246117 0.03620987 0.02408333 0.01629167 0.006583333 0.004708333 0.005083333 
0.22926 0.1922659 0.2611803 0.2577443 0.1269167 0.09371096 0.1105942 0.2300659 0.09094529 0.09115154 0.06032124 0.1722346 0.1139685 0.1288156 0.1565095 0.1177831 0.05138359 0.05731189 0.06088178 0.04957208 0.02919694 0.02970049 0.02890193 0.03002746 0.03014545 0.03039916 0.03054242 0.04143271 0.04398582 0.04720007 0.04158454 0.06037823 0.07094991 0.06068125 0.0505401 0.04986739 0.03631902 0.03566056 0.06625993 0.06505545 0.05137122 0.08534264 0.06061083 0.06539749 0.0495151 0.08794429 0.008315218 0.03952403 0.02765417 0.03615347 0.03948404 0.026875 0.02041667 0.01575 0.007249999 0.006833333 
0.2118976 0.1864718 0.2661226 0.2249236 0.1659872 0.1596806 0.1288773 0.05432432 0.1173406 0.1445895 0.09641849 0.1710166 0.107746 0.1198418 0.1689433 0.1366298 0.09254122 0.05786715 0.06754495 0.06498274 0.04182923 0.04092671 0.04027431 0.04035617 0.03994449 0.03975861 0.0480192 0.03938106 0.04537826 0.06129116 0.05862141 0.0700722 0.05726812 0.05080313 0.0457502 0.04166264 0.04943105 0.07037766 0.09832903 0.06135271 0.04617751 0.04988636 0.03668064 0.03520318 0.04147543 0.08640703 0.03724772 0.03173425 0.03085214 0.01097907 0.02497417 0.02416667 0.015875 0.018 0.01016667 0.009541666 
