ncols         56
nrows         54
xllcorner     28.264
yllcorner     -5.7719999999999
cellsize      0.25
NODATA_value  -9999
0.0002548915 0.0001963736 0.0001424596 0.000587321 0.0005638978 0.0003841674 0.0004561009 0.001492909 0.001922864 0.00169724 0.003040261 0.006143728 0.006615979 0.01169047 0.01453253 0.01552371 0.02215178 0.02435217 0.02507318 0.03518984 0.03984797 0.03976861 0.03630674 0.04857951 0.0476753 0.05102225 0.06332303 0.06252727 0.07141995 0.05881352 0.04837419 0.05544691 0.06233121 0.06122478 0.0531197 0.04005844 0.02739962 0.02451937 0.02539247 0.03140147 0.02089032 0.01786295 0.01539594 0.01398912 0.02505129 0.02065523 0.01727368 0.009743818 0.009531081 0.009445257 0.008263241 0.004683607 0.004303016 0.003737178 0.003000282 0.0003619239 
0.0002693152 0.0002868247 0.0002178504 0.0006627858 0.0006626597 0.0004990812 0.0008909174 0.005274911 0.005185745 0.005289195 0.008738746 0.01123961 0.01530632 0.02029217 0.02352683 0.02151163 0.02122299 0.02623407 0.02997264 0.03073767 0.02772157 0.03124937 0.02912152 0.050436 0.04808708 0.06194578 0.0707626 0.05478233 0.06476129 0.07370597 0.04489065 0.05461037 0.05872469 0.05318365 0.05587064 0.03380797 0.02700163 0.02406203 0.02253696 0.02516977 0.02501194 0.01769561 0.01556451 0.02139181 0.02555224 0.01966155 0.01546362 0.01139324 0.009795956 0.009345196 0.008680374 0.004909035 0.004521891 0.003945318 0.003186312 0.0003863967 
0.0003102466 0.0003427038 0.0003042989 0.0007263633 0.0008952859 0.0006692434 0.0007102403 0.005119822 0.002900555 0.008107406 0.01401221 0.01234932 0.01275421 0.0137546 0.01647609 0.01578962 0.01697586 0.02242236 0.02639743 0.02534811 0.02745197 0.02838291 0.02668433 0.04241075 0.04735542 0.04781039 0.06899031 0.05595079 0.05326402 0.06040296 0.0452719 0.05078463 0.05859339 0.06428167 0.07617114 0.03468485 0.03153186 0.02395129 0.02176192 0.0203808 0.02071832 0.01785471 0.01873576 0.02976333 0.03099782 0.01560107 0.01509629 0.01095086 0.009918348 0.009394215 0.00841162 0.004803345 0.004439512 0.003884767 0.003132749 0.0003787446 
0.0001720754 0.0001028138 5.60564e-005 0.000998914 0.0007100491 0.0005040591 0.000821806 0.005474605 0.008915307 0.008162976 0.006392087 0.009474333 0.0110874 0.01142153 0.01205412 0.02253496 0.01731054 0.01911156 0.01910507 0.01889364 0.01751401 0.01787812 0.01177376 0.01768847 0.01833473 0.028851 0.0549062 0.06671518 0.05641548 0.05739165 0.05792888 0.04533779 0.04167791 0.04437612 0.04802073 0.02341179 0.02064798 0.01900386 0.01816635 0.01821899 0.01753306 0.01562934 0.01639979 0.03858171 0.01959292 0.01204752 0.02838367 0.00844466 0.008165591 0.007512166 0.00691301 0.00474914 0.004857128 0.004093741 0.003111407 0.001782166 
0.000964464 0.0002474809 0.0001305868 0.0007694884 0.000738294 0.001000505 0.0009283434 0.006149124 0.006497823 0.009532047 0.006179092 0.01117357 0.01206578 0.01035276 0.01424143 0.01968464 0.01973688 0.02086642 0.02765882 0.02005518 0.02019067 0.02015914 0.0151926 0.01394078 0.01522614 0.02619348 0.03800586 0.05641995 0.05154281 0.05475718 0.05479837 0.05087611 0.03966113 0.03226705 0.03599119 0.02096026 0.01973674 0.01858312 0.01856638 0.02501637 0.01716729 0.01611245 0.01386617 0.0129557 0.01036185 0.01134211 0.0125082 0.008338968 0.007728613 0.007249724 0.006679504 0.004652681 0.004312743 0.00377393 0.003051768 0.001759341 
0.0007751705 4.26723e-005 0.0001206565 0.0006194309 0.0003415853 0.0004342368 0.0003985067 0.004983879 0.006216412 0.005510588 0.006428441 0.009196441 0.01302576 0.01123748 0.01357542 0.02302513 0.02090754 0.02197338 0.03115321 0.02393367 0.02457432 0.02734141 0.01738565 0.01259352 0.01391276 0.02335234 0.02645506 0.0494229 0.04827446 0.05157202 0.0549925 0.0480041 0.04513799 0.03934018 0.02938803 0.0215429 0.01847352 0.01828087 0.01782849 0.01768941 0.01597653 0.01478712 0.01303359 0.01090628 0.009546035 0.008695741 0.009484138 0.00836925 0.006925261 0.006567379 0.006041408 0.004270469 0.003973184 0.003487049 0.002814786 0.00161656 
0.0003920541 8.843897e-005 0.0001198122 0.0006976873 0.0004436407 3.074123e-006 0.0007139764 0.004038278 0.004853961 0.004690614 0.005535246 0.01230326 0.01194321 0.01259692 0.02276629 0.02105698 0.02347988 0.02403315 0.03345255 0.02157667 0.0240061 0.02984506 0.01916425 0.01978736 0.01428573 0.01993144 0.02275476 0.04773794 0.04785381 0.05543227 0.05696843 0.04344936 0.04955432 0.04600795 0.04708436 0.02100124 0.01784385 0.01662864 0.01547475 0.0155915 0.01447102 0.0130844 0.01191872 0.009545737 0.007968679 0.007139124 0.007876095 0.006330813 0.005716774 0.005416892 0.005072579 0.00360166 0.003353609 0.002953171 0.002374897 0.001363271 
0.0004598412 0.000253825 0.0004058297 0.0003832609 0.001165051 0.001024451 0.0008903539 0.003724837 0.00296192 0.004495563 0.003057946 0.004358098 0.005106508 0.004187393 0.009467617 0.01118835 0.0121317 0.01112192 0.01159773 0.01174396 0.01677339 0.01949406 0.02412869 0.01462532 0.01768297 0.01355743 0.007525844 0.01239649 0.02090584 0.02022975 0.01718796 0.0184734 0.01811114 0.01898366 0.02257301 0.01320351 0.01202546 0.01098541 0.01094614 0.01228039 0.0111118 0.009913551 0.008705653 0.004290958 0.002957918 0.002541214 0.002455791 0.003071886 0.002931375 0.002828216 0.002583585 0.007821199 0.0006128094 0.0005414389 0.000437299 0.002659114 
0.000881316 0.001224303 0.0007587069 0.00139948 0.001324521 0.001058085 0.00131966 0.005565627 0.003253118 0.002850659 0.003026947 0.003826026 0.004563521 0.00758017 0.008238415 0.01431303 0.01184239 0.01134187 0.01306831 0.01675703 0.02156052 0.01740085 0.01891953 0.01402373 0.01741654 0.01077919 0.01092245 0.0186298 0.02368608 0.01977931 0.02264662 0.01676345 0.02539089 0.01597006 0.01529505 0.01259832 0.01092993 0.01074905 0.009557771 0.01128792 0.01000079 0.008994623 0.007450561 0.002784127 0.002079267 0.001702122 0.001677793 0.002165319 0.002133675 0.002059434 0.001950149 0.000504181 0.0004733616 0.0004187124 0.0003384545 0.002072892 
0.001033216 0.001411336 0.0008555623 0.001778931 0.001497799 0.001018048 0.00144279 0.005783385 0.004544673 0.003696373 0.003388913 0.004497508 0.007406379 0.008237744 0.01054539 0.01244616 0.01536262 0.01474356 0.01494004 0.01319731 0.02532846 0.01682125 0.01704342 0.007301299 0.007076558 0.01026026 0.0120233 0.0171101 0.01886532 0.01385445 0.01379457 0.01415142 0.01419051 0.01305511 0.0131649 0.01147005 0.01027345 0.009847828 0.008622067 0.01058935 0.009317578 0.008126255 0.00638637 0.002266692 0.001577146 0.001227185 0.001220229 0.001774427 0.001595543 0.001610759 0.001472644 0.0003833742 0.0003623076 0.0003247305 0.0002640286 0.001943226 
0.0006462451 0.0009446425 0.0008992635 0.00173663 0.001397199 0.002711993 0.001776915 0.007499434 0.007219333 0.004832212 0.003976473 0.007472822 0.008768507 0.00946961 0.01127099 0.01597557 0.02027525 0.01607138 0.0143553 0.01840846 0.0173485 0.01533135 0.01669981 0.006909484 0.006104755 0.006485575 0.00953401 0.01525377 0.01392533 0.01311073 0.01011353 0.0119927 0.01208095 0.01192732 0.01192068 0.01117532 0.009291299 0.008627742 0.007762922 0.009626115 0.008428687 0.007272321 0.006162333 0.001888013 0.001299432 0.0009937151 0.0009835354 0.001566198 0.001435997 0.001221799 0.001164865 0.0004142112 0.0002896118 0.0002587496 0.0002133493 0.001476534 
0.001182007 0.002745475 0.000421252 0.003081307 0.0005813252 0.0006349107 0.0005369057 0.0007515592 0.001119529 0.0005747117 0 0.002010321 0.003079907 0.003924903 0.004551711 0.005752104 0.005769851 0.004617014 0.00464899 0.02292743 0.01681701 0.01246339 0.01004076 0.004468544 0.004681148 0.004656614 0.006195426 0.009257202 0.008353698 0.008455633 0.008386576 0.01662239 0.014077 0.01309823 0.01212911 0.01321707 0.03116203 0.01774937 0.01695572 0.01835529 0.0167374 0.01514264 0.01435828 0.006423797 0.00438041 0.001882548 0.0008598195 0.002088069 0.001974019 0.001884458 0.001620547 0.001690918 0.0005429107 9.833907e-005 8.136829e-005 0.000380494 
0.001775624 0.002961294 0.001557751 0.004947854 0.006138828 0.000543345 0.002399073 0.006726808 0.002676044 0.001196737 0.0007388166 0.00189997 0.002871325 0.003874663 0.007321908 0.007148283 0.006059414 0.00493055 0.004109966 0.02014609 0.01394965 0.01132666 0.005836596 0.003089389 0.002964356 0.003327891 0.005896076 0.006137441 0.006328502 0.00536975 0.0062944 0.01292353 0.01179484 0.01087405 0.01036692 0.0134144 0.05846388 0.02022863 0.01876309 0.01800032 0.01621824 0.01470876 0.01391657 0.006423021 0.004200078 0.001674224 0.0007969248 0.002034537 0.00189756 0.001801062 0.001536431 0.001598469 0.0003917337 6.37359e-005 5.430715e-005 0.0002601571 
0.003241047 0.001652268 0.001830738 0.004581454 0.003754352 0.001471844 0.009519901 0.01095489 0.003934777 0.0009307049 0.0006767982 0.00241303 0.002140217 0.003253795 0.007151761 0.005351629 0.004295889 0.003223439 0.003234112 0.01538419 0.01023408 0.008141898 0.004124058 0.001783201 0.001880929 0.002205952 0.003884924 0.003711005 0.003471637 0.003597205 0.004630097 0.01023756 0.009478954 0.009031097 0.007686161 0.01193284 0.01669573 0.02403518 0.01949941 0.0168663 0.01559999 0.0151075 0.01368003 0.00624922 0.004133348 0.002046564 0.0008753238 0.002093707 0.001713249 0.001591774 0.001346993 0.001139394 0.0003570648 4.650953e-005 4.021083e-005 0.0001989828 
0.007674711 0.003190415 0.001395531 0.002744508 0.001298711 0.003066842 0.01194309 0.02413469 0.006507373 0.003256547 0.0002782226 0.003173675 0.002001129 0.003130892 0.007821646 0.004893965 0.003900521 0.002931577 0.01100886 0.01166648 0.009002882 0.005153886 0.002800097 0.001431307 0.001545069 0.001803339 0.002193304 0.002055467 0.002058165 0.002485031 0.003228557 0.008053729 0.007593132 0.006539298 0.00658989 0.01122471 0.01294023 0.01592325 0.02072446 0.01646586 0.01515025 0.01485906 0.01594218 0.006130953 0.003738275 0.002245222 0.001384835 0.002407773 0.002109847 0.0017136 0.001492933 0.001062175 5.11216e-005 4.625168e-005 4.009281e-005 0.0001949468 
0.007218922 0.007359708 0.0068192 0.00945181 0.003017329 0.0007258366 0.00489302 0.004815024 0.006627289 0.002309531 0.002039558 0.005190577 0.001356893 0.006215486 0.01508592 0.007279502 0.00516556 0.004744434 0.02076644 0.001209452 0.0007962675 0.0002435521 3.552101e-005 0.000215548 0.0005565009 0.0001903412 0.0002461525 0.0001197912 0.0001037945 0.0001332948 0.0001798617 0.0008728725 0.001048961 0.001165071 0.001220564 0.001386781 0.001448676 0.001401201 0.00478388 0.00456826 0.00642052 0.01161106 0.001998145 0.005000653 0.005441978 0.004705528 0.005402232 0.00313871 0.002038598 0.001429947 0.0004136506 4.419289e-005 4.213532e-005 3.822376e-005 3.264497e-005 2.203054e-005 
0.01002754 0.01000218 0.01679323 0.01869823 0.005338568 0.002032936 0.004592532 0.003173174 0.0009444723 0.0006223743 0.00339216 0.008077272 0.0008856697 0.005450991 0.01145844 0.005146572 0.008327855 0.002485584 0.0004518 0.0009224892 0.000324988 4.464794e-005 0.0004306888 0.0005298975 0.0004539051 0.0002086918 0.0001621233 5.268968e-005 4.941575e-005 6.019939e-005 8.495921e-005 0.0004323869 0.0005169708 0.0005861437 0.0006298664 0.0008188756 0.001053824 0.0007801633 0.0007296391 0.002542862 0.006745796 0.007700939 0.002862065 0.002816826 0.004543948 0.003934809 0.004515287 0.00217933 0.00158584 0.0008553109 0.0004211278 4.490189e-005 4.217806e-005 3.812345e-005 3.244908e-005 2.139301e-005 
0.01836598 0.03222345 0.01443781 0.02560196 0.01126062 0.003351607 0.003016266 0.001259548 0.0003918442 0.000441049 0.0004469955 0.002323427 0.005352735 0.005463392 0.003342015 0.005325458 0.01356324 0.004393248 0.0006909762 0.0004433413 0.001320138 0.001716553 8.076452e-005 0.0004782858 0.0005863469 0.0003529758 0.0005661358 9.675369e-005 8.077674e-005 7.601384e-005 8.163972e-005 0.0003385127 0.0003597591 0.0003732436 0.0003799668 0.000426715 0.0004340909 0.0004296928 0.0004119956 0.0006271137 0.002205173 0.001827735 0.0005714889 0.002217193 0.002471574 0.002773285 0.003158687 0.003247148 0.00254538 0.0006205132 0.0004370389 4.678108e-005 4.423892e-005 4.030735e-005 3.409498e-005 2.28004e-005 
0.03553575 0.0238983 0.01571262 0.03830359 0.02146665 0.007437096 0.003853595 0.0004311922 0.002140304 0.0004541618 0.003528338 0.006952046 0.01111641 0.01012053 0.01117028 0.009342906 0.005709509 0.006914181 0.003238148 0.001822898 0.002126837 0.002152996 0.000395432 0.0009678168 0.0008377526 0.001261202 0.000674295 0.0002233842 0.0001977981 0.0001801123 0.0001699078 0.00062088 0.0005826956 0.0005438229 0.0004776684 0.0004635639 0.0004012192 0.0003623586 0.0003473387 0.0005240372 0.0005007238 0.0004926589 0.0004991811 0.001527482 0.001946395 0.002146861 0.002445884 0.001075084 0.0007555123 0.000472053 0.0004589084 4.965164e-005 4.804729e-005 4.44076e-005 3.784411e-005 2.581798e-005 
0.07519074 0.06889244 0.06069853 0.04332542 0.01589371 0.006886223 0.002015767 0.001011139 0.0004801714 0.0005717596 0.0005478762 0.001709103 0.007375973 0.01241216 0.02514909 0.02247858 0.0219427 0.0159348 0.01488973 0.004402232 0.004168972 0.004435068 0.001928228 0.004629256 0.00377184 0.003835351 0.003046947 0.002670191 0.00239317 0.002164456 0.001981482 0.001867236 0.001667464 0.001449963 0.001219778 0.0003276767 0.0002390607 0.0001907767 0.0001829443 0.0003617364 0.0003439157 0.0003455111 0.0003656528 0.000448994 0.0004721374 0.0005557172 0.000728182 0.0006901302 0.0007776933 0.0009951723 0.001255875 0.001326766 0.0008609889 0.0002349073 6.550161e-005 0.001865136 
0.04077952 0.03629662 0.04512131 0.03537844 0.01660552 0.009131079 0.006175132 0.002412944 0.000522006 0.0005162311 0.0005556727 0.001077653 0.007696684 0.01403645 0.0270188 0.02939297 0.02961874 0.02330232 0.01405695 0.009084444 0.005814865 0.007923203 0.003724358 0.005688908 0.004998461 0.004458462 0.004083859 0.003605308 0.003249299 0.002934737 0.002635839 0.002444232 0.002125232 0.001777662 0.001393799 0.0003518446 0.0003735276 0.0002158182 0.0001394728 0.0002743318 0.0002599315 0.0002701042 0.0003045227 0.0003963121 0.0004351015 0.0004632517 0.0006051731 0.0006600069 0.0007414401 0.000919093 0.001055598 0.001376919 0.001119358 0.0004573997 0.0001994166 0.000164481 
0.02764286 0.0214891 0.02672274 0.03312518 0.02625794 0.01195137 0.01724533 0.003403124 0.0007576721 0.001744835 0.001889194 0.003781787 0.003271983 0.01492645 0.01736626 0.03237985 0.03812637 0.03758711 0.04108154 0.02614495 0.01324252 0.008013968 0.002596713 0.007516792 0.006634168 0.006289053 0.005566724 0.00499543 0.004611065 0.004232928 0.003868452 0.003664275 0.003280802 0.002773525 0.002158233 0.0005360989 0.0003194591 0.0001999274 0.0001781715 0.0003233047 0.0002786274 0.0004161944 0.0002976763 0.0003796119 0.0004117942 0.0004359069 0.000509682 0.0006110909 0.000681538 0.0007768688 0.0009400132 0.001242306 0.0009088502 0.000486732 0.0002649885 0.0002316653 
0.02922298 0.02214449 0.02506302 0.04212779 0.05705462 0.01657544 0.003174641 0.002758228 0.002717553 0.007013708 0.002144297 0.00242434 0.006168639 0.005015801 0.001062355 0.036438 0.04621371 0.04909597 0.05621394 0.03905419 0.01404482 0.005077656 0.003787661 0.009767991 0.008640906 0.009147918 0.007730843 0.006846527 0.006445515 0.006047405 0.005639674 0.005522819 0.005088344 0.004400692 0.003473873 0.0008777542 0.0005446244 0.0003502409 0.0002975218 0.0005087084 0.0005285077 0.0003457507 0.0003438666 0.0003999182 0.0003991518 0.0004009179 0.0004051959 0.0005372174 0.0005970744 0.0006720384 0.0008118159 0.001300344 0.0008792591 0.0005972465 0.0003216806 0.000195766 
0.02567044 0.02146623 0.02890654 0.0861813 0.03625211 0.02364769 0.02027537 0.01556175 0.01541609 0.01600181 0.01088719 0.0362278 0.02725859 0.02594976 0.01819678 0.0243427 0.03147535 0.03581316 0.04564559 0.02108604 0.01535526 0.01404177 0.01321734 0.01354819 0.0115977 0.01340533 0.01126477 0.01026586 0.009795303 0.008890592 0.008426407 0.01102098 0.01030716 0.009011114 0.007141003 0.003029584 0.001905538 0.001242414 0.001037227 0.001119849 0.0009127597 0.0008487828 0.000921701 0.0003200355 0.0002527122 0.0001931382 0.0001625852 0.0001251292 0.000156643 0.0001474416 0.0001693099 0.000413535 0.0006593553 0.001009193 0.001245531 0.001924023 
0.03193085 0.02732754 0.04387979 0.05522839 0.02799718 0.03876389 0.03330945 0.02285565 0.03365343 0.01161732 0.02018942 0.03047726 0.02752077 0.04044797 0.02398818 0.03644809 0.02846945 0.0284929 0.03195392 0.0202944 0.02595365 0.01858757 0.0177676 0.01687055 0.01876852 0.0165416 0.01298244 0.01238709 0.01174943 0.01082299 0.01027832 0.01370164 0.01303885 0.01137064 0.009058676 0.003859295 0.002489419 0.001636714 0.001350124 0.001362013 0.001122542 0.001024355 0.001183418 0.0002600343 0.0002066474 0.0001502985 0.0001441834 3.972036e-005 4.8553e-005 8.74787e-005 9.646082e-005 0.0003756892 0.0004314017 0.0006134573 0.0009997702 0.001648113 
0.03682345 0.04764701 0.05695363 0.03776472 0.03051298 0.04307777 0.03497024 0.01599118 0.01726323 0.01421506 0.02234058 0.05549815 0.05121411 0.04324589 0.02317207 0.0431507 0.04916363 0.05159269 0.05457383 0.03211752 0.02619907 0.02785186 0.03746866 0.02754913 0.02477047 0.02519839 0.01686893 0.01561071 0.0232792 0.01859468 0.01253347 0.01654679 0.01545622 0.01337501 0.01069685 0.004636255 0.003120947 0.002060881 0.001701882 0.001622174 0.001313235 0.001152648 0.001259812 0.0002497029 0.0001915926 0.0001213619 0.0002792421 0.0002499226 2.974488e-005 2.707003e-005 2.604973e-005 0.000372912 0.0003860259 0.0002764154 0.0008502151 0.001713134 
0.04572225 0.07424407 0.07636173 0.04647555 0.04061632 0.04932988 0.03920135 0.02396033 0.01649988 0.02161658 0.03303361 0.08061621 0.06489571 0.037737 0.03205767 0.08619826 0.06562956 0.09720823 0.1059089 0.04880733 0.04387688 0.04504232 0.05943053 0.03774709 0.03636162 0.02715139 0.02179946 0.02272286 0.02857189 0.02129368 0.01606138 0.01962789 0.01750822 0.01523751 0.01233188 0.005704496 0.003860275 0.002785545 0.002163467 0.002000932 0.001658964 0.001568586 0.001443297 0.0003069835 0.000187245 0.0001233659 0.000457463 0.0001578328 2.307586e-005 1.938144e-005 1.870708e-005 0.0004413777 0.0004877858 0.0002585514 0.000917185 0.001738339 
0.07522973 0.1026808 0.09189857 0.04571391 0.04274041 0.05274506 0.03559357 0.02490935 0.01544886 0.02339962 0.04099324 0.06965719 0.06408633 0.04574447 0.06414558 0.1364068 0.1322435 0.1505761 0.1748437 0.09078282 0.09049127 0.09074991 0.1025502 0.07934127 0.08449863 0.07155973 0.0759386 0.04275055 0.03539607 0.0317646 0.02825309 0.02704386 0.02320121 0.01938475 0.0159113 0.01183165 0.00826894 0.006004473 0.004495036 0.004049438 0.002732663 0.002023875 0.001611422 0.0008252783 0.001496543 0.00178552 0.0007978695 0.0001029982 0.0001233643 0.0001677445 0.0002390707 0.001124081 0.002149194 0.003804994 0.002529622 0.003380899 
0.0707277 0.06792786 0.09698477 0.0396942 0.07872015 0.07616149 0.03643805 0.02792442 0.03149919 0.03321602 0.04497533 0.0745836 0.07029448 0.07420265 0.09194067 0.1365263 0.1446898 0.16713 0.2044482 0.1278041 0.1347494 0.1487558 0.1312558 0.1151484 0.0886905 0.103333 0.0610273 0.04778047 0.04210079 0.03726646 0.03318038 0.03197467 0.02649043 0.02195006 0.01773859 0.01412707 0.00996597 0.007245518 0.00595181 0.004730471 0.002815518 0.001753688 0.001469775 0.0007764371 0.0009645029 0.001416029 0.002285534 5.299666e-005 0.0001285578 0.0001401739 0.0002250635 0.00240504 0.004742767 0.00515161 0.00352263 0.003816662 
0.05445341 0.05371178 0.05849566 0.03573839 0.05218029 0.03559649 0.03015089 0.033253 0.03301097 0.03613229 0.04773426 0.08587174 0.09501553 0.09627621 0.1385338 0.1433147 0.1464136 0.1972819 0.2443846 0.1766413 0.1888819 0.1599789 0.1845042 0.1692389 0.1509828 0.1094207 0.06971782 0.05648242 0.04877611 0.04308799 0.03776437 0.03842632 0.02984376 0.0238351 0.01934441 0.01651584 0.01230661 0.01078484 0.01393503 0.006229545 0.00306853 0.002078811 0.001579149 0.0007866931 0.0005277091 0.0007730022 0.001492416 0.0001690324 7.705508e-005 0.0001456273 0.0001791395 0.001068385 0.006269311 0.001931478 0.002786749 0.004428221 
0.08542737 0.07975507 0.0503857 0.02330044 0.01790372 0.01738548 0.02431463 0.03992048 0.05334063 0.04212247 0.05532406 0.1075343 0.1197736 0.1282916 0.1208128 0.1440038 0.1896028 0.2620163 0.2653068 0.1879351 0.1723127 0.1604023 0.1540199 0.1378379 0.1329786 0.107764 0.0961846 0.07171053 0.05833095 0.04720962 0.04024587 0.04135082 0.03303714 0.02642669 0.02230658 0.01909563 0.01704143 0.01535766 0.01475591 0.00613106 0.003614593 0.002439508 0.001875023 0.0009463383 0.0006183403 0.0003747157 0.0003581753 0 4.740124e-005 0.0001264574 0.0004018699 0.001132264 0.004447068 0.002109914 0.002438519 0.00535235 
0.1029262 0.08407937 0.06458391 0.06561781 0.05477439 0.05035154 0.05123181 0.08819917 0.08742911 0.1025197 0.1176135 0.1682061 0.1671038 0.1643576 0.2040301 0.2026914 0.212843 0.1886987 0.2187809 0.1783349 0.1678392 0.1814615 0.1770081 0.2047393 0.175271 0.1256033 0.08786849 0.09157339 0.06837143 0.05591195 0.04577713 0.04398696 0.03354356 0.03183001 0.02354237 0.03998391 0.03854755 0.03044902 0.02387245 0.01464631 0.009136121 0.005197719 0.003998047 0.000808897 0.0007087836 0.0005371298 0.000154853 0.0001258219 0.0008343573 0.0005586764 0.0005973992 3.563392e-005 0.00432218 0.0001114186 0.0003117147 0.000350662 
0.09029315 0.08964239 0.07017338 0.06894202 0.05899891 0.05246235 0.05025824 0.09063218 0.092021 0.1032834 0.1169537 0.1614038 0.1537501 0.1523088 0.1452989 0.1913268 0.1493483 0.1583256 0.1569985 0.158551 0.1411915 0.1417379 0.1375874 0.1995933 0.1847923 0.1556896 0.09958538 0.09999023 0.08926153 0.06221409 0.04869597 0.0501646 0.03505349 0.02958188 0.02354219 0.03660066 0.03380974 0.02991755 0.02166071 0.01532282 0.008435116 0.005533264 0.004625368 0.0009705335 0.000572673 0.0009021061 0.0009161918 0.00056562 0.0004016333 0.0003698657 0.0005233498 2.524733e-005 2.961988e-005 0.0008288541 8.150054e-005 0.0002145213 
0.1208272 0.1066707 0.08411371 0.08072872 0.06086889 0.05491059 0.05416991 0.09189074 0.1016998 0.1067995 0.1295617 0.1629411 0.1534964 0.1429986 0.1576639 0.1915271 0.1468271 0.137762 0.1230947 0.1486076 0.130961 0.127373 0.1254892 0.1658485 0.1648321 0.1455782 0.1162909 0.1160408 0.08825503 0.06453472 0.04830972 0.0468558 0.04687293 0.03085787 0.02370363 0.03762986 0.03624356 0.02569691 0.02129677 0.01638659 0.009846432 0.006584758 0.00539689 0.001263143 0.0007767642 0.0007501286 0.0005413565 0.0006839306 0.003952765 0.0001970222 0.0007086075 0.0003649812 0.0003690776 5.278716e-005 0.0002786734 0.001089261 
0.1689426 0.1186481 0.1033571 0.08682339 0.0699948 0.06197198 0.08423929 0.1071136 0.1088975 0.1219574 0.1287026 0.1830152 0.1614721 0.1490216 0.1614181 0.1893021 0.1425675 0.1427345 0.1287442 0.1501715 0.1333475 0.1322277 0.1450898 0.1614573 0.121735 0.1135651 0.1164233 0.1280733 0.08039162 0.06180541 0.04847752 0.04703474 0.04072732 0.02876161 0.02385707 0.04087158 0.02943842 0.02418492 0.02085391 0.01646747 0.01051856 0.007459834 0.006352164 0.001532878 0.001061022 0.0007301287 0.0007073823 0.001327131 0.005893459 0.005799393 0.001316764 0.0001148205 0.0007109366 0.0001041727 0.002170315 0.0009878905 
0.2313205 0.1678203 0.1800484 0.1358988 0.1208772 0.1020164 0.1168854 0.1527113 0.1548468 0.1517974 0.1632728 0.147629 0.1553062 0.1591417 0.1920111 0.207004 0.2114833 0.2125999 0.1684346 0.164558 0.1681819 0.1857044 0.1696119 0.1589339 0.1432862 0.1448918 0.1579458 0.134576 0.0771872 0.05227971 0.04230428 0.04018893 0.02547064 0.01947059 0.01447547 0.01886564 0.01616606 0.01160407 0.0100295 0.009447944 0.007887485 0.007232705 0.006231498 0.003534082 0.003153439 0.002948012 0.006003679 0.008668629 0.009057834 0.006544376 0.01245681 0.005085804 0.004677767 0.004214203 0.004882225 9.743988e-005 
0.237743 0.1840114 0.1465092 0.1250453 0.120929 0.1065839 0.09830191 0.1386522 0.1285908 0.1322122 0.1396205 0.1336788 0.1478544 0.1568202 0.169696 0.1953788 0.214704 0.2196343 0.2481928 0.1954071 0.1685326 0.1682691 0.1490122 0.2394761 0.1733405 0.1318109 0.1560748 0.1188534 0.07387147 0.05461136 0.03640518 0.03373318 0.02745704 0.01589924 0.01247497 0.01658728 0.01458585 0.01374468 0.008620949 0.008884951 0.007403038 0.007790102 0.005337898 0.00401444 0.003839945 0.003936137 0.004778079 0.009538634 0.007045674 0.007144052 0.008012389 0.004975591 0.005121225 0.004229076 0.004952583 0 
0.2087179 0.1611768 0.110437 0.1151032 0.1039622 0.1144881 0.1161394 0.1168908 0.11338 0.1175802 0.1343124 0.1434347 0.15809 0.1596188 0.1796242 0.2140234 0.198754 0.2269539 0.2414841 0.1712444 0.1532997 0.1644145 0.1308803 0.1963055 0.194603 0.1587989 0.1428251 0.1109507 0.06679072 0.04843746 0.03722869 0.03320768 0.03146662 0.01538483 0.01050856 0.01300165 0.02326234 0.01063253 0.008737439 0.0087726 0.008008422 0.00676893 0.006082288 0.003616814 0.006738591 0.004821379 0.01315263 0.01349087 0.01081788 0.01266222 0.009084615 0.006761821 0.004847474 0.004900472 0.005920013 0 
0.2514104 0.1716856 0.1030449 0.1200901 0.09104764 0.09678382 0.1010102 0.1050494 0.09913411 0.1104817 0.1083235 0.1350707 0.1491207 0.1555542 0.1788392 0.2508231 0.2019406 0.2074559 0.1996907 0.1496541 0.1318039 0.1339788 0.1634567 0.1741501 0.1520649 0.1311199 0.1147434 0.0902233 0.06289242 0.04445376 0.04568892 0.04155131 0.035399 0.0203301 0.01117708 0.01261681 0.02455187 0.01242021 0.0101052 0.009439052 0.008852026 0.008556477 0.007054932 0.004267149 0.007023679 0.00865528 0.006714718 0.01639975 0.009429171 0.009142059 0.01461815 0.01087082 0.00882508 0.008047872 0.008599123 0 
0.2306652 0.1510893 0.1153929 0.0868745 0.08582369 0.08285979 0.08242816 0.0715758 0.07271775 0.08050777 0.1090109 0.1205884 0.1287777 0.132096 0.1328875 0.1415808 0.139163 0.1539456 0.14995 0.1485165 0.1263473 0.1471001 0.1851014 0.1880876 0.161215 0.0893065 0.07791002 0.07197701 0.05154831 0.04226906 0.03750967 0.03091238 0.02504539 0.01412685 0.00862266 0.006820601 0.006233417 0.005907083 0.00740005 0.008315999 0.008376988 0.008331571 0.008571173 0.007426362 0.0072593 0.009123125 0.00802157 0.008181753 0.009317819 0.01158244 0.006701327 0.00309922 0.003087637 0.00343742 0.003535695 0 
0.1552662 0.1233412 0.08829625 0.08282402 0.09058274 0.07354805 0.06207086 0.06557012 0.06791674 0.08065333 0.105167 0.1127627 0.1185417 0.1213868 0.1321166 0.1314717 0.1322693 0.1278453 0.1268535 0.1424839 0.1420038 0.1739222 0.1605388 0.2155676 0.1406869 0.08607782 0.08265585 0.06996743 0.04423999 0.03865858 0.02202364 0.0270686 0.02214822 0.01054634 0.007784765 0.005210834 0.005364668 0.006466307 0.00784083 0.00890175 0.009443088 0.01412879 0.01037357 0.01008434 0.008321662 0.008744283 0.01045577 0.009201367 0.009711291 0.008835975 0.008848273 0.004666099 0.003674265 0.003704366 0.003688864 0 
0.1835306 0.12201 0.08459381 0.1189984 0.0958396 0.09277231 0.07348377 0.07728117 0.07147718 0.07821489 0.1065499 0.118858 0.1208032 0.1190344 0.128112 0.1203189 0.1258701 0.1213618 0.1221568 0.1137003 0.1450761 0.2007989 0.1645879 0.1560531 0.1252869 0.07610282 0.07180981 0.06455106 0.03746105 0.02692479 0.02642915 0.0266425 0.01572041 0.01147642 0.01042313 0.008850397 0.008070035 0.005930836 0.008258732 0.009935877 0.01003511 0.01026792 0.01007045 0.009205412 0.009090661 0.008989148 0.009587495 0.009941676 0.009194433 0.009348689 0.01024128 0.004072644 0.004093173 0.004084852 0.004800524 0 
0.1526192 0.1229631 0.1103277 0.1091459 0.09462377 0.08273219 0.06941462 0.09039269 0.08944714 0.09026293 0.09619614 0.1218312 0.1261388 0.1373227 0.1762507 0.1545301 0.124771 0.1327614 0.1396454 0.1615852 0.1436059 0.1455892 0.1332696 0.1380036 0.1160283 0.1288043 0.08013811 0.06135009 0.03317964 0.02705606 0.03130376 0.02360751 0.01331225 0.009333163 0.008901414 0.01687527 0.03577464 0.006466535 0.007255177 0.009691494 0.01190915 0.01170079 0.01080325 0.009811033 0.009627955 0.01166191 0.01335481 0.01136216 0.01045636 0.009713372 0.009772863 0.004468073 0.004420455 0.004262643 0.005273525 0 
0.1129692 0.08026104 0.09230313 0.1361735 0.103204 0.117998 0.1154102 0.1344459 0.1045596 0.1251955 0.164501 0.1353034 0.1376183 0.177296 0.1890017 0.1407297 0.1300181 0.1313655 0.1377026 0.153468 0.1341932 0.1669804 0.1160243 0.07187121 0.07752439 0.06456456 0.04135085 0.05421916 0.06116408 0.04608706 0.03159975 0.01009894 0.009545995 0.01204284 0.01972258 0.02427445 0.06847909 0.009289002 0.008529657 0.0108417 0.01392969 0.01512011 0.0128641 0.009385298 0.009044916 0.008628318 0.00900144 0.008207809 0.007576471 0.007388979 0.008560184 0.008629031 0.008306451 0.007822581 0.007016129 0 
0.1164563 0.09710902 0.06724716 0.1259058 0.1528126 0.1646149 0.1398367 0.1840509 0.1462427 0.1355988 0.1636229 0.1499194 0.1752769 0.141331 0.1347443 0.1346101 0.1524747 0.1648096 0.1664358 0.1564239 0.155339 0.1744783 0.09653856 0.1065178 0.06544791 0.05612603 0.05251817 0.1017873 0.1190011 0.06123987 0.03328022 0.01308671 0.01120382 0.008768067 0.0220174 0.02392606 0.02183379 0.01787719 0.01790372 0.01142506 0.01399696 0.0234453 0.01418404 0.009939678 0.01046061 0.009044141 0.008631129 0.008558308 0.008283488 0.00911528 0.009072081 0.008145161 0.007419354 0.007177419 0.006612903 0 
0.1392666 0.08298162 0.08404701 0.1125557 0.1384289 0.1494963 0.1460053 0.1689842 0.1402546 0.1258576 0.1491882 0.1270896 0.1385611 0.153072 0.1381054 0.1512807 0.1819305 0.1935629 0.179144 0.1641749 0.1811317 0.1584422 0.1049499 0.08577248 0.07649837 0.05498535 0.06870984 0.09318898 0.1230486 0.07313259 0.05472639 0.01734983 0.01744884 0.01277746 0.01136307 0.02127379 0.02358082 0.02383002 0.01988913 0.01258384 0.01452839 0.02379627 0.02338554 0.0111334 0.01021999 0.009793457 0.009250815 0.009096627 0.008992605 0.009744077 0.01056008 0.007258065 0.006975806 0.006733871 0.008790323 0 
0.07563131 0.08029179 0.1087228 0.1158044 0.1179546 0.1214965 0.1648369 0.1791782 0.1675282 0.1234356 0.1318069 0.128906 0.1321776 0.1343489 0.1468927 0.174224 0.1727094 0.1828894 0.199468 0.1908533 0.1859682 0.126348 0.1072401 0.0942797 0.08615568 0.08443385 0.07971126 0.08549952 0.0677985 0.07114572 0.0711082 0.04353167 0.02943582 0.02416243 0.01831947 0.02956166 0.03435171 0.02517732 0.01733331 0.01417713 0.01471479 0.02725379 0.0260004 0.01610878 0.01768742 0.01086386 0.01024381 0.01008415 0.01073063 0.0102512 0.01138904 0.007459677 0.01052419 0.00641129 0.005120968 0.00141129 
0.07727352 0.06367894 0.07935892 0.09223557 0.08103153 0.07482929 0.0950141 0.1309213 0.1127906 0.09275709 0.0988519 0.1224341 0.1266683 0.135499 0.1514226 0.1802026 0.1794426 0.1945448 0.2227729 0.2256426 0.2511274 0.1941779 0.1663932 0.1115511 0.1020351 0.097403 0.08672861 0.04784105 0.04148927 0.05783197 0.0581244 0.04620921 0.04480126 0.0278235 0.02900873 0.02136445 0.02477678 0.02361653 0.02930768 0.02370461 0.01240601 0.01633358 0.01558963 0.02144226 0.02605452 0.01310806 0.0119601 0.001935484 0.0007258064 0.0004435484 0.0004435484 0.0002419355 0.006169354 0.004274193 0.0001612903 0.004879032 
0.08085866 0.06627218 0.07498717 0.09186359 0.07481726 0.06112756 0.0797059 0.1282967 0.1293658 0.1136624 0.09247083 0.1249846 0.1365569 0.1355186 0.1417215 0.1590412 0.17628 0.1942459 0.2003332 0.2090962 0.2239683 0.1821496 0.1657602 0.1447825 0.1481095 0.106878 0.08543621 0.03806642 0.05688155 0.07719278 0.06284173 0.0581693 0.0515526 0.0598277 0.0447071 0.03475537 0.03523259 0.03159257 0.03348546 0.02817026 0.02120108 0.01667986 0.01557956 0.01528955 0.01881243 0.01327936 0.01231648 0.001814516 0.001290323 0.001209677 0.004838709 0.001975806 0.002298387 0.0003225806 0.0003225806 0 
0.1302931 0.112127 0.1179112 0.1423911 0.1334548 0.1080991 0.08343128 0.1101573 0.1200011 0.1315062 0.09504017 0.1355127 0.1547401 0.1388177 0.155695 0.153994 0.15205 0.1571744 0.1767363 0.2127414 0.2061588 0.1891541 0.1768978 0.1717711 0.1510621 0.1302977 0.08401419 0.04357821 0.08104487 0.1054716 0.06173343 0.06007069 0.05930251 0.05130068 0.04490313 0.06819802 0.04377581 0.03264578 0.01898096 0.02301566 0.02400871 0.01819015 0.01627404 0.01762606 0.01689769 0.02192577 0.02058947 0.01302419 0.002217742 0.002298387 0.005927419 0.0005241935 0.0005241935 0.005967742 0.0004032258 0.005967741 
0.19758 0.1677469 0.1984097 0.2557956 0.2029786 0.1424993 0.1219284 0.1184656 0.1133399 0.1134176 0.1257541 0.170955 0.163679 0.1392562 0.1392198 0.1373777 0.147334 0.1692682 0.1629127 0.2140482 0.1821658 0.1715337 0.1561464 0.1684618 0.1918713 0.1590396 0.1083902 0.09135558 0.1135468 0.1168556 0.06670599 0.07257511 0.07580713 0.06933171 0.0598175 0.0978357 0.08160319 0.06405861 0.04851422 0.02968724 0.02433692 0.02402483 0.02270329 0.02256032 0.02288355 0.02495587 0.02439175 0.01379032 0.01391129 0.003064516 0.003024193 0.001048387 0.0008870967 0.0008870967 0.0008870967 8.064516e-005 
0.2255547 0.1820047 0.2476632 0.3047655 0.2335477 0.1566806 0.1518141 0.2297141 0.1433164 0.1079038 0.117667 0.1612293 0.1750348 0.1341298 0.1175114 0.1224324 0.140361 0.1821383 0.1856147 0.1901902 0.1882544 0.1677502 0.1588983 0.1207799 0.1756309 0.1855423 0.1547285 0.1433429 0.1191892 0.1020676 0.07817686 0.08781747 0.09452552 0.0935095 0.09490072 0.1815702 0.1080241 0.1103393 0.1255467 0.04844211 0.03873033 0.04024524 0.03867275 0.03812435 0.03776113 0.03581951 0.0345921 0.01072581 0.02266129 0.00939516 0.001451613 0 8.064516e-005 0.00108871 0.0001209677 0 
0.2238742 0.175787 0.1831154 0.2485295 0.2078326 0.192324 0.1584731 0.2794698 0.1728811 0.1611307 0.1409039 0.1622147 0.1795793 0.1470167 0.1275372 0.1220832 0.1620524 0.176684 0.1849808 0.2154365 0.1927125 0.185108 0.1929528 0.143929 0.1443737 0.1570447 0.1605191 0.1407763 0.1316191 0.1203302 0.1026589 0.1125929 0.09912004 0.1026827 0.1044767 0.2027381 0.1378071 0.1229474 0.1245256 0.06604032 0.04920217 0.04668921 0.05407856 0.05446061 0.04739992 0.04426473 0.04314444 0.01004032 0.01616935 0.02407258 0.01358871 8.064516e-005 0.0001612903 0.000282258 8.064516e-005 0.0002419355 
0.2120972 0.1978732 0.1808244 0.2650385 0.2566234 0.2196681 0.1807805 0.2925198 0.2271921 0.1693646 0.1601432 0.2111242 0.177752 0.1467795 0.1173974 0.129924 0.1529638 0.1726259 0.1970198 0.2294801 0.2078104 0.2078277 0.2252119 0.177239 0.1428162 0.141608 0.1358692 0.1280417 0.1477061 0.1186008 0.1076147 0.1241601 0.1059994 0.09988331 0.1183937 0.2247334 0.1469022 0.1415379 0.1264421 0.07711752 0.06040717 0.05643052 0.05757041 0.06822553 0.06241985 0.05777926 0.0604172 0.004153226 0.01641129 0.007217742 0.02108871 0.008629031 0.0004435483 0.0006451613 0.003830645 0.007943548 
