ncols         56
nrows         54
xllcorner     28.264
yllcorner     -5.7719999999999
cellsize      0.25
NODATA_value  -9999
0.2076209 0.22125 0.2889516 0.2495161 0.2393145 0.176129 0.1669355 0.2255645 0.2876613 0.2219355 0.1763307 0.256008 0.2458871 0.2356451 0.2125807 0.2079435 0.1668548 0.1647984 0.1762097 0.1614113 0.1967339 0.2020968 0.2511694 0.3602823 0.3655242 0.3122984 0.2753226 0.3457661 0.2414113 0.1465726 0.1079032 0.1285484 0.1482258 0.1597177 0.1393952 0.1782258 0.105121 0.05991935 0.06125 0.05342742 0.02891129 0.05391129 0.09141129 0.1002823 0.07512096 0.06471775 0.08806451 0.07620967 0.09834677 0.1654032 0.1652823 0.1547178 0.1566129 0.1649193 0.09415322 0.07919355 
0.3472984 0.2510484 0.1858064 0.2371371 0.391129 0.3560887 0.2445564 0.1075403 0.1108468 0.1740323 0.2661693 0.3007258 0.3050403 0.2739112 0.2131048 0.2390726 0.2040322 0.2027822 0.2245161 0.1785081 0.2055242 0.2551209 0.3000806 0.35625 0.3486291 0.316008 0.3196371 0.3543548 0.2401613 0.1491129 0.1054435 0.1382258 0.1265726 0.1225 0.1661693 0.2105242 0.1435887 0.11125 0.07629032 0.06951613 0.07290323 0.05717742 0.05278226 0.08604839 0.06887097 0.0598387 0.08004032 0.0585887 0.09395161 0.1347177 0.1631855 0.1399597 0.1286694 0.08669355 0.06346774 0.06975807 
0.4068549 0.2485081 0.1906855 0.2008468 0.2510484 0.2469355 0.2351613 0.1106451 0.09524194 0.1568548 0.2791936 0.2970564 0.4627419 0.3375807 0.2087903 0.1860081 0.1693548 0.2302823 0.2759677 0.2223387 0.2758064 0.3258467 0.3343951 0.2942742 0.2822178 0.28875 0.3381048 0.3193548 0.2642339 0.1931452 0.2231048 0.2431451 0.2020161 0.1464919 0.1656048 0.2241935 0.211492 0.1869758 0.1391532 0.1257258 0.158629 0.1015323 0.1156855 0.04681452 0.05499999 0.03407258 0.08254032 0.09032259 0.1421774 0.1548387 0.2005242 0.2045968 0.1467742 0.06923387 0.06600806 0.05080645 
0.2416532 0.2255242 0.1655242 0.2195161 0.4829435 0.3840323 0.2183871 0.1089113 0.2050403 0.2660081 0.2541533 0.31625 0.2934274 0.258992 0.2452016 0.2094758 0.2454032 0.3502016 0.2906451 0.2770968 0.2974194 0.3179032 0.2942741 0.3479032 0.3033065 0.2785484 0.2953629 0.2658064 0.248508 0.19875 0.1354435 0.2187903 0.3001612 0.1924194 0.2512097 0.2445968 0.2714919 0.2006048 0.1706855 0.1872984 0.1916532 0.1396774 0.142621 0.132258 0.08181452 0.06407257 0.1070565 0.1068952 0.1468548 0.1956048 0.1878629 0.21875 0.1861693 0.1404435 0.1140726 0.1173387 
0.3568951 0.3423387 0.5352016 0.2520162 0.2165323 0.2927419 0.3010484 0.1255645 0.2654032 0.2668951 0.263629 0.408871 0.3109274 0.3764113 0.3133467 0.275 0.3050806 0.2990322 0.3041129 0.2681855 0.2858871 0.2470564 0.2433468 0.3347178 0.3830242 0.3291129 0.2589516 0.1983871 0.193871 0.1751209 0.11875 0.2033871 0.2410081 0.2340726 0.2091532 0.2427419 0.2113306 0.1595564 0.1502823 0.2012903 0.2369355 0.1937097 0.1885887 0.2135081 0.1869758 0.246129 0.1939919 0.09987903 0.1372984 0.1409274 0.152621 0.1630242 0.1803226 0.1422984 0.09701613 0.1110484 
0.3704435 0.2263709 0.1916129 0.1712903 0.1997177 0.2469758 0.1585484 0.1827016 0.3281049 0.2501613 0.2360081 0.3350806 0.2144355 0.272379 0.292621 0.2396371 0.317379 0.3657257 0.3212903 0.2052419 0.2205242 0.2322177 0.2319355 0.2755645 0.3525 0.3796372 0.2264113 0.1804435 0.173508 0.1375403 0.1590323 0.1914113 0.2262499 0.1982661 0.1559274 0.2153629 0.2418548 0.1516935 0.1666936 0.2066532 0.2307258 0.2177016 0.2144355 0.2322984 0.2772177 0.2707258 0.1638306 0.1539113 0.1418145 0.1582661 0.1608064 0.2329839 0.1708064 0.106371 0.1007258 0.1322984 
0.2168952 0.1595564 0.1970968 0.1308468 0.166129 0.1177823 0.2072581 0.1294355 0.1500403 0.1968548 0.2469355 0.3803226 0.3040323 0.2750806 0.2975403 0.2739919 0.2090323 0.2193145 0.2353226 0.1878629 0.2068548 0.1870161 0.2185484 0.2054436 0.2689516 0.26 0.1798387 0.1783468 0.1341532 0.1303629 0.1277419 0.1821371 0.1883064 0.1872177 0.2045968 0.2471774 0.2310484 0.1391532 0.1644758 0.2455645 0.2918548 0.2414113 0.2372581 0.3354435 0.4095564 0.3045564 0.1758468 0.1299194 0.2030242 0.1714112 0.1862097 0.2700806 0.2441129 0.1829435 0.1569758 0.2164113 
0.2354032 0.2192339 0.2266935 0.2312903 0.1938306 0.1471774 0.2075403 0.1584274 0.24125 0.3270161 0.2984274 0.3316936 0.3850403 0.2711693 0.3234274 0.2482258 0.2374596 0.2450806 0.24125 0.2160484 0.2310484 0.1670565 0.1815726 0.1891936 0.2503226 0.2787097 0.1944758 0.184879 0.1165726 0.1714516 0.233629 0.2570967 0.2464113 0.2070161 0.1945565 0.2580645 0.2453629 0.1814113 0.2148387 0.3027822 0.3416532 0.263992 0.2510081 0.3422177 0.4010887 0.352621 0.272621 0.2511694 0.2578629 0.1702016 0.2329838 0.2587903 0.2788709 0.2052419 0.1616129 0.2152016 
0.2317339 0.2378226 0.3035887 0.3074999 0.1525806 0.1749194 0.3065323 0.2743549 0.4625 0.3140725 0.2922983 0.2596371 0.3237097 0.2626613 0.2171371 0.2769758 0.2665322 0.2377016 0.2863306 0.23125 0.2402016 0.192621 0.1854435 0.1972178 0.1978226 0.2408065 0.1554032 0.1445565 0.1329032 0.1777823 0.2605645 0.3069758 0.3275 0.2479032 0.211371 0.2528226 0.2609677 0.2629436 0.2874193 0.348508 0.3337904 0.2202823 0.1922581 0.2363306 0.2694758 0.1800403 0.2557258 0.3219355 0.2864113 0.1983064 0.2655241 0.2353226 0.1338306 0.1431452 0.1116532 0.187379 
0.2803629 0.2690725 0.3759274 0.2328226 0.1954839 0.2843548 0.3189516 0.2324194 0.3189919 0.3601209 0.2087097 0.2838306 0.2086694 0.1809677 0.1833468 0.2233871 0.2402419 0.2428629 0.2911693 0.2565323 0.2606049 0.2518548 0.2172581 0.1981451 0.1766532 0.1477419 0.1238307 0.1260484 0.1234274 0.150121 0.2737903 0.3016129 0.2494354 0.2460484 0.2602419 0.2417742 0.2304839 0.2438709 0.2751613 0.2682661 0.1885081 0.1114919 0.1103226 0.163508 0.2285081 0.1981048 0.179879 0.1489113 0.2740323 0.2941532 0.2831452 0.1747581 0.18375 0.1830242 0.1280645 0.1171774 
0.2525807 0.2201613 0.2566935 0.1941935 0.2077823 0.2774597 0.2309677 0.2615322 0.3500403 0.3199597 0.2554435 0.2649597 0.2239113 0.1691936 0.2052823 0.1596774 0.2295564 0.2102419 0.2077823 0.2892339 0.2875806 0.2546371 0.185121 0.1950806 0.1928629 0.1381049 0.1137097 0.1193548 0.1400403 0.1519355 0.2192742 0.2531452 0.2296371 0.2020968 0.1877016 0.2871774 0.2617742 0.227379 0.2518145 0.2482661 0.1539919 0.1189113 0.08903225 0.1335081 0.1547984 0.1492339 0.1216936 0.1395161 0.153629 0.1779839 0.1841935 0.1726613 0.1470565 0.1371774 0.1032258 0.1174597 
0.2844355 0.2930242 0.221129 0.2433871 0.3154032 0.2810887 0.2072581 0.2524193 0.2280242 0.2804032 0.259879 0.282742 0.2203226 0.1712903 0.2060887 0.1941936 0.2206048 0.2686694 0.2459274 0.2733871 0.2946371 0.2333065 0.1638306 0.1466935 0.1683871 0.1431048 0.1179435 0.1173387 0.1427823 0.1213306 0.1266935 0.1677016 0.1704032 0.1821371 0.1875 0.3319757 0.2800807 0.2400403 0.2063306 0.1754436 0.1265726 0.1354839 0.154879 0.1432661 0.1062097 0.09947579 0.08737903 0.1220161 0.1103226 0.1534678 0.1409274 0.1714516 0.1233468 0.09584676 0.08153225 0.08133064 
0.3005645 0.2504032 0.2029838 0.2401613 0.2982661 0.3324999 0.2586694 0.2399597 0.2756451 0.3507258 0.308871 0.3234678 0.3748387 0.2690322 0.2741533 0.3070968 0.3471774 0.3282258 0.2640323 0.2443145 0.2293145 0.2157258 0.1485484 0.1699193 0.1506855 0.1399194 0.1096371 0.1145161 0.1313306 0.09225807 0.06657258 0.1094758 0.1123387 0.1210484 0.136129 0.2425403 0.2687096 0.1929435 0.1447178 0.1642338 0.1335887 0.1282258 0.1227419 0.1745161 0.1452016 0.1477016 0.1365322 0.1357258 0.1107258 0.1417742 0.1680645 0.2417742 0.1541129 0.09475807 0.09096774 0.08725806 
0.3180242 0.2179032 0.2061693 0.1665322 0.2400403 0.2612096 0.2670161 0.2475 0.2863306 0.2942742 0.3190323 0.3131452 0.4147178 0.3424194 0.3701613 0.3862903 0.4249193 0.3641129 0.2386693 0.2283871 0.2070967 0.1675403 0.1759274 0.2076613 0.1216129 0.0894758 0.07298387 0.08237903 0.06540322 0.05931451 0.04794355 0.1093952 0.08217742 0.1158468 0.1378226 0.1574193 0.2158871 0.1767339 0.1772178 0.1324597 0.08967742 0.134758 0.0897984 0.1177419 0.1567339 0.1556452 0.1255645 0.1233468 0.1070161 0.109879 0.1900807 0.1845161 0.1346371 0.1025 0.08870967 0.08080646 
0.2704435 0.2426613 0.2264919 0.2050403 0.2793548 0.2654436 0.2442339 0.2283064 0.3027419 0.2947581 0.2647581 0.2604032 0.3241129 0.3024193 0.3368951 0.3087097 0.3890322 0.4 0.2854032 0.1959677 0.1268952 0.1518548 0.143629 0.1704032 0.1244355 0.07657259 0.05379032 0.05544355 0.07419354 0.08508065 0.09471774 0.1225 0.09479838 0.1190322 0.1362097 0.1156048 0.09794355 0.08000001 0.08415322 0.1476613 0.110121 0.07096773 0.07963709 0.1022984 0.1124597 0.1130242 0.1618548 0.1422177 0.06685483 0.06854839 0.05137097 0.1220565 0.09379033 0.075 0.08959677 0.07818548 
0.3536291 0.3187904 0.2760887 0.2665726 0.2619354 0.245 0.2345564 0.2131854 0.1959677 0.2385484 0.2476613 0.2693145 0.2758468 0.2745968 0.305 0.2987097 0.348871 0.3745564 0.2333467 0.1447177 0.1245161 0.1290726 0.1310081 0.142621 0.1606855 0.1785484 0.1007661 0.07608871 0.08697581 0.1395161 0.1546774 0.1431048 0.114879 0.1089516 0.1090323 0.1107661 0.0791129 0.08342742 0.07241935 0.1547984 0.1373387 0.07375 0.0766129 0.08951612 0.09262098 0.08350807 0.1245968 0.07306451 0.04681451 0.03923387 0.03217742 0.04544355 0.08185484 0.07467742 0.07165322 0.06407257 
0.3726209 0.3723386 0.2827016 0.3048387 0.3245967 0.2447984 0.2391129 0.261371 0.2640726 0.2506855 0.2409274 0.3063709 0.2873387 0.3070565 0.2664517 0.3114516 0.3282661 0.2679032 0.2105645 0.1931452 0.1652822 0.1099193 0.1018548 0.148629 0.1752823 0.1584274 0.09459678 0.07991935 0.09012096 0.1232661 0.08431452 0.1131855 0.1371774 0.1108468 0.08665323 0.09548387 0.06987904 0.07338709 0.1125 0.1317742 0.1368145 0.1378629 0.05806451 0.06874999 0.07560484 0.07326613 0.06802419 0.05028226 0.04721774 0.04125 0.03745968 0.04608871 0.07487902 0.08076613 0.04262097 0.06387097 
0.4252016 0.3095969 0.2606452 0.2908064 0.3016532 0.296008 0.3292339 0.2802822 0.2667339 0.2232661 0.2030242 0.2607258 0.3124999 0.3183468 0.2814516 0.3529032 0.3581451 0.23875 0.2672177 0.2006855 0.1326613 0.09770162 0.08798387 0.1616935 0.178629 0.141371 0.1236693 0.09112903 0.08120967 0.07419354 0.07354838 0.1307661 0.1337903 0.2196371 0.1095161 0.05274193 0.06141128 0.07564516 0.1075403 0.1409274 0.07620968 0.06899193 0.04072581 0.03600806 0.01959677 0.03576613 0.03584677 0.04737903 0.04923387 0.03810484 0.04701613 0.05512097 0.06326613 0.06040322 0.05943548 0.0328629 
0.3184677 0.33125 0.3651613 0.343508 0.3247983 0.324879 0.2525806 0.2469355 0.2003225 0.1796774 0.2100806 0.2791936 0.3447178 0.3679033 0.3829032 0.3631049 0.3257661 0.2865323 0.2348387 0.3030645 0.1700403 0.1366935 0.1264516 0.1277016 0.1397581 0.1705645 0.1477016 0.123629 0.09701613 0.08209677 0.1156452 0.1307258 0.1353226 0.1397984 0.1028629 0.06818549 0.03528226 0.07241935 0.1285081 0.1165726 0.09241936 0.0453629 0.06185484 0.03278225 0.03967742 0.03358871 0.02419355 0.03282258 0.05637097 0.02979838 0.03689516 0.04258065 0.0396371 0.02879032 0.05919355 0.04209677 
0.2942339 0.37625 0.3820161 0.3975 0.384879 0.3381855 0.3986694 0.2389516 0.1910887 0.1586694 0.2063306 0.245 0.3961291 0.4215725 0.4122177 0.3759274 0.3737096 0.3768952 0.3712097 0.3091533 0.229879 0.1913306 0.1275403 0.1154032 0.1004839 0.1227823 0.09487904 0.1031452 0.1104032 0.1218548 0.1208468 0.1345968 0.2028629 0.1154436 0.1125403 0.05685484 0.02487903 0.04048387 0.08181452 0.1019355 0.08810484 0.08987903 0.06653226 0.06604838 0.05935484 0.04588709 0.02209677 0.01229839 0.01907258 0.02520161 0.02294355 0.04314516 0.04907258 0.05189516 0.06975807 0.06604838 
0.3177016 0.3373789 0.3039516 0.4043548 0.3838307 0.3893145 0.3678629 0.3123387 0.2202016 0.2059274 0.1816532 0.1993548 0.2453226 0.4008871 0.3874193 0.3566935 0.3267742 0.36125 0.3536291 0.3455242 0.2509677 0.2156452 0.2537903 0.2012097 0.1545161 0.1642742 0.1109677 0.1145161 0.1416935 0.1697177 0.1444355 0.1612097 0.1564516 0.1648387 0.1959274 0.1370564 0.0830242 0.05229839 0.04475806 0.06266128 0.03931452 0.03205645 0.03028226 0.02129032 0.02604839 0.03112903 0.01100806 0.01693548 0.01854839 0.01544355 0.04133064 0.04653225 0.05899193 0.09209678 0.09302419 0.1012097 
0.3731855 0.3527419 0.3247177 0.4006855 0.3667338 0.4366935 0.3527016 0.298871 0.2576209 0.1877419 0.1908065 0.1660887 0.1837903 0.2182661 0.32875 0.3367338 0.3084678 0.3369355 0.3058871 0.3414919 0.2587903 0.2696371 0.3008871 0.2237096 0.1836694 0.1819355 0.2052822 0.1815323 0.1864919 0.1806048 0.1978629 0.1679839 0.2028226 0.1874597 0.1800806 0.09512096 0.06766129 0.07399193 0.07955645 0.06943548 0.06064516 0.03866936 0.02951613 0.01983871 0.01225806 0.01052419 0.015 0.02318548 0.01774194 0.02544355 0.03838709 0.05528226 0.07915323 0.09189516 0.1166532 0.1166532 
0.3987501 0.3974194 0.3660485 0.4463709 0.3915322 0.3587905 0.3029032 0.3123791 0.2294758 0.1547178 0.1460484 0.1467339 0.1320564 0.1792742 0.2480242 0.3242339 0.2980645 0.28375 0.2809274 0.2658871 0.3151613 0.3008468 0.3264516 0.3024193 0.2497983 0.1862097 0.1954839 0.2574193 0.2229033 0.1656855 0.1694758 0.1634274 0.1860081 0.1651613 0.1499194 0.06572581 0.05233871 0.06705645 0.08729838 0.07181451 0.06697581 0.03056452 0.01060484 0.01217742 0.01810484 0.01681452 0.02326613 0.02479838 0.01721774 0.03495968 0.02528226 0.04233871 0.05693548 0.06407258 0.06298387 0.0555242 
0.4525001 0.4379032 0.331129 0.3868952 0.3255646 0.2688709 0.3147581 0.2248387 0.1656049 0.1460887 0.1450806 0.1589919 0.1953226 0.27 0.2214516 0.1828226 0.1765323 0.1847984 0.1789919 0.1686291 0.2542338 0.22 0.2545162 0.3000403 0.3018145 0.2842339 0.2407661 0.2414113 0.2234274 0.1953226 0.2056049 0.1760081 0.182621 0.1854032 0.1564919 0.08604839 0.08012097 0.0328629 0.05197581 0.06245968 0.01806452 0.02044355 0.01354839 0.008991935 0.009395161 0.009395161 0.01596774 0.01346774 0.01076613 0.01020161 0.009919355 0.01673387 0.03229838 0.05141129 0.05935483 0.0633871 
0.3413709 0.4204838 0.2796371 0.2504032 0.2447984 0.1975806 0.1997581 0.1415726 0.1939113 0.1949597 0.195 0.2015322 0.1882662 0.2705242 0.2294355 0.2150806 0.1351613 0.09907258 0.1569758 0.1200806 0.2063709 0.223629 0.1914516 0.1881451 0.2334274 0.2473387 0.1941935 0.2258065 0.2019758 0.1616532 0.1560484 0.1550806 0.1884274 0.2145161 0.1303226 0.106371 0.08104838 0.0553629 0.04350806 0.05274193 0.03959677 0.03697581 0.03233871 0.02100806 0.01971774 0.008306451 0.003306451 0.00407258 0.00358871 0.01350806 0.04040323 0.05274193 0.04717742 0.05399193 0.06004032 0.06879033 
0.2464919 0.265 0.3016129 0.3040725 0.2162903 0.1489516 0.1569355 0.2082661 0.1832661 0.1675 0.2172984 0.2226613 0.1550806 0.2168548 0.2929839 0.2224194 0.2095565 0.2379839 0.1949597 0.1417338 0.1780242 0.2131452 0.2001613 0.1907258 0.207621 0.1728629 0.1744758 0.2410887 0.2002822 0.1512903 0.1579032 0.1780242 0.1655242 0.1325807 0.1216532 0.09375 0.08241936 0.04903225 0.06548387 0.06443549 0.03181452 0.02233871 0.01810484 0.01943548 0.01479838 0.005564515 0.01741935 0.009314515 0.03330645 0.04443549 0.07733871 0.06665322 0.09124999 0.08806452 0.06475806 0.05467742 
0.1761693 0.2141129 0.2992339 0.2872177 0.2508065 0.1755645 0.1199597 0.1691936 0.1432661 0.1129435 0.1656452 0.1630242 0.1745564 0.245 0.2106855 0.2118548 0.2170968 0.2223387 0.2507661 0.2817742 0.4509274 0.2731451 0.2255242 0.2731855 0.2297983 0.1532661 0.1831452 0.3349194 0.2277016 0.1775807 0.1784677 0.2320968 0.1939516 0.1095565 0.09677418 0.09959678 0.08911291 0.04044355 0.04677419 0.04419355 0.01689516 0.0371371 0.03028226 0.02052419 0.008064516 0.007580645 0.02427419 0.0371371 0.0569758 0.05786291 0.0555242 0.05064515 0.05512097 0.04044355 0.05467742 0.04491935 
0.4292742 0.3770564 0.2696774 0.2070968 0.1557258 0.1053629 0.1119355 0.1801613 0.2452016 0.1810887 0.2054839 0.2216129 0.2150806 0.2493146 0.2222177 0.2195968 0.2916935 0.3067338 0.3104032 0.3837097 0.4546371 0.3253227 0.3195162 0.3207258 0.232258 0.163629 0.1837097 0.238629 0.2619758 0.2172581 0.1958064 0.2240726 0.1657258 0.09459677 0.08633065 0.08213709 0.09895162 0.05064516 0.0921371 0.03516129 0.0714113 0.05205645 0.02979839 0.0196371 0.02524193 0.02560484 0.02802419 0.03213709 0.03826613 0.05749999 0.09036289 0.0852016 0.06641129 0.05068549 0.04854839 0.05399193 
0.5209678 0.3522581 0.2314516 0.2060887 0.1798387 0.1026613 0.1084274 0.1696774 0.2513307 0.232621 0.1978628 0.2195968 0.2579435 0.2171774 0.1950807 0.19625 0.2429839 0.2613709 0.2837096 0.3902419 0.3606452 0.2974194 0.4048387 0.3907258 0.3354839 0.3433065 0.2714919 0.2472984 0.2748387 0.2924597 0.2372581 0.186371 0.1293145 0.07629032 0.08258065 0.08745968 0.06983871 0.06366935 0.1281452 0.09157258 0.08556452 0.03487904 0.01979839 0.01596774 0.02677419 0.02919355 0.02850806 0.03580645 0.03745968 0.02887097 0.02439516 0.04608871 0.05532258 0.02225806 0.02455645 0.0275 
0.4463709 0.4310888 0.3381855 0.2267742 0.1503629 0.09600805 0.1082661 0.1865322 0.2541936 0.1977419 0.1469758 0.1994758 0.2038306 0.2104839 0.22 0.222379 0.22625 0.2502823 0.2369758 0.2775 0.3301613 0.2838709 0.2932258 0.2905242 0.4442338 0.3718145 0.3457661 0.3168548 0.2355645 0.2069758 0.1978226 0.1541935 0.1246371 0.06076613 0.07576613 0.08008065 0.0703629 0.06721774 0.09721775 0.06653226 0.0416129 0.02145161 0.01403226 0.01641129 0.01116935 0.01447581 0.02040322 0.02483871 0.02737903 0.03020161 0.03375 0.04080645 0.07596774 0.06798387 0.06298386 0.03536291 
0.4525 0.3241936 0.3282661 0.2244355 0.1583065 0.1472984 0.122621 0.1762096 0.1991532 0.1463306 0.1318145 0.1752822 0.1543548 0.2024597 0.2920968 0.2329032 0.3072178 0.2769355 0.273629 0.2310081 0.2795564 0.2554839 0.1462903 0.1945968 0.297621 0.2883467 0.2594355 0.2597581 0.2257662 0.2124194 0.197379 0.1964113 0.1025403 0.08677419 0.1104032 0.1116936 0.06350806 0.06681451 0.09237903 0.06709678 0.04741935 0.03423388 0.01951613 0.01415323 0.01495968 0.008185484 0.006774193 0.01314516 0.01096774 0.007499999 0.01991935 0.04415322 0.05645161 0.05028226 0.05479838 0.02116936 
0.345121 0.2351613 0.2708064 0.2049193 0.1175403 0.1165726 0.1346774 0.2145161 0.2601613 0.1701209 0.1790726 0.2847177 0.1760081 0.209879 0.2227823 0.1701613 0.2326613 0.3643951 0.3474999 0.3108872 0.2958064 0.2259274 0.1344758 0.1491129 0.1784677 0.09403227 0.1024194 0.1893951 0.2807258 0.1587097 0.1888306 0.185242 0.1084274 0.06745967 0.06693549 0.107621 0.1182661 0.1008468 0.08838709 0.04350806 0.05350807 0.04379032 0.02056451 0.01116935 0.01048387 0.006532258 0.003467742 0.009274193 0.01100806 0.008830644 0.009193549 0.03798387 0.04741935 0.07354838 0.06495968 0.03068548 
0.2941532 0.2289113 0.1778226 0.1422177 0.1306855 0.09145162 0.1145565 0.2717339 0.2238307 0.1567339 0.1732661 0.2093952 0.1921774 0.1681452 0.1145161 0.2070968 0.2621774 0.3087097 0.3576613 0.4085484 0.3316935 0.2130242 0.1149193 0.1264516 0.126129 0.1483871 0.1657258 0.3598387 0.3979838 0.156371 0.1412903 0.1063306 0.09637097 0.07495968 0.05310484 0.08685484 0.1140726 0.1384274 0.045 0.03407258 0.03762097 0.025 0.0178629 0.01415322 0.009274193 0.004838709 0.006209677 0.008749999 0.007943547 0.006774193 0.007419354 0.01326613 0.03516129 0.04649194 0.05254032 0.03040322 
0.3509677 0.2279838 0.1783871 0.148871 0.1130242 0.1339113 0.1456855 0.2395968 0.1889113 0.1341129 0.123871 0.1091532 0.138629 0.1455242 0.1892339 0.2372581 0.2716129 0.3308468 0.4954032 0.4429033 0.305121 0.1547178 0.1038307 0.1870565 0.2169355 0.2716129 0.2469758 0.2175 0.2220161 0.1896371 0.1239113 0.04923387 0.04895162 0.07383064 0.1000403 0.1164113 0.0933871 0.0916129 0.07318549 0.06459678 0.07653225 0.04350807 0.01084677 0.006008064 0.006008064 0.004032258 0.004717742 0.00108871 0.009556451 0.01383064 0.01358871 0.01814516 0.03407258 0.01641129 0.006129032 0.006814516 
0.3983065 0.2581854 0.1590725 0.1540726 0.1077823 0.1910081 0.1185081 0.1378629 0.153629 0.1647581 0.1277823 0.2474597 0.2035887 0.1859274 0.2410484 0.2114113 0.2541129 0.3729436 0.4728629 0.4370968 0.298871 0.1615323 0.1020565 0.1410484 0.1759274 0.2531451 0.2591935 0.164879 0.1096774 0.1135484 0.06939515 0.05189516 0.06544354 0.07669355 0.1196774 0.06919354 0.04971774 0.03419355 0.07729839 0.06637097 0.06104839 0.0266129 0.008185483 0.006209677 0.004475806 0.004435483 0 0.004395161 0.006169355 0.007016128 0.02709677 0.0108871 0.03693548 0.0157258 0.0009677419 0.003104839 
0.3584273 0.2689516 0.2017742 0.2425 0.1832258 0.1704839 0.1406049 0.2066532 0.1181048 0.1531451 0.1290726 0.2418548 0.2047984 0.1902823 0.2616935 0.292621 0.3067742 0.3952419 0.4500806 0.3659678 0.2771774 0.1314113 0.07987904 0.1315726 0.1427016 0.186129 0.1542742 0.1255242 0.07108872 0.04927419 0.02564516 0.05064516 0.0341129 0.05483871 0.06794354 0.02524193 0.02193548 0.03298387 0.08282258 0.07137097 0.05108871 0.02024193 0.003427419 0.01278226 0.003508064 0.003830645 0.002943548 0.01818548 0.03020162 0.01540322 0.01100807 0.02580645 0.0308871 0.007096774 0.003669355 0.001370968 
0.416129 0.3471371 0.1972177 0.1823387 0.1791533 0.1644758 0.1297581 0.1709677 0.1654032 0.1385081 0.07221773 0.1454839 0.1509677 0.2065322 0.1920161 0.2780242 0.496492 0.437379 0.3836693 0.3014517 0.2135484 0.1234677 0.09116935 0.09193549 0.1194758 0.1480645 0.1206452 0.100121 0.09737903 0.0732258 0.05 0.04685484 0.05262096 0.0475 0.03439517 0.01205645 0.009435483 0.01508064 0.06862903 0.04870968 0.01987903 0.01375 0.001854839 0.003508064 0.004677419 0.001572581 0.0006854838 0.01826613 0.02693548 0.01987903 0.02814516 0.05157258 0.06217742 0.0001612903 0 0.0006451613 
0.3385888 0.3772177 0.2003629 0.1203629 0.1104436 0.1339113 0.1158468 0.1881048 0.2186694 0.2006048 0.06947581 0.136371 0.1122984 0.1012903 0.2004032 0.2602822 0.4854839 0.4983064 0.3054033 0.2052016 0.1167742 0.07620968 0.1342742 0.1780242 0.1740323 0.1780242 0.1230242 0.1476613 0.1103629 0.05991936 0.0521371 0.04004032 0.04758064 0.02145161 0.02556452 0.02209677 0.007217742 0.01375 0.0178629 0.02116936 0.00483871 0 0.001774193 0.00141129 0.0003629032 0.0006048387 0.00141129 0.004354838 0.0004032258 0.009435483 0.01923387 0.01471774 0.01282258 8.064516e-005 0.0002419355 8.064516e-005 
0.3389516 0.2295161 0.1224193 0.1050807 0.07693548 0.1525403 0.1192339 0.1872581 0.1160484 0.1009274 0.04657258 0.07891129 0.1175403 0.1177419 0.1949193 0.2893952 0.3819758 0.4124193 0.2642742 0.1770161 0.1669758 0.1828226 0.1972177 0.1579839 0.1925403 0.1699597 0.1879435 0.1427419 0.09133064 0.05193548 0.02379032 0.02766129 0.02479839 0.01326613 0.01375 0.01693548 0.009112902 0.0103629 0.003790322 0.005201613 0.003185484 0.003467742 0.002741935 0.001612903 4.032258e-005 0.0008870967 8.064516e-005 0.02883065 0.02302419 0 0 0.002137097 0.008629031 4.032258e-005 0.0001612903 0.0004435484 
0.4098791 0.2035888 0.1143145 0.1047177 0.07584677 0.1364516 0.1967339 0.1406451 0.216492 0.1578629 0.1133468 0.1418548 0.1354435 0.1074194 0.18125 0.2137903 0.3129032 0.2616935 0.2058064 0.1134274 0.106371 0.08673387 0.1547984 0.2189919 0.1574597 0.1510081 0.1421371 0.09193548 0.04330645 0.02625 0.01008064 0.02955645 0.01633064 0.004677419 0.004798387 0.00673387 0.008548386 0.003024193 0.002096774 0.007903226 0.001290323 0.002137097 4.032258e-005 0.0005645161 0.00766129 0.006491935 0.005040322 0.0001209677 0.009193548 0.006129032 0.002540322 0.00141129 0.003830645 0.007298387 0.0006854839 4.032258e-005 
0.3279838 0.2619355 0.1672984 0.1756452 0.150121 0.1052016 0.09181452 0.09116935 0.1060081 0.13625 0.1466129 0.2720161 0.1593952 0.1471774 0.1929839 0.2756855 0.218629 0.1744758 0.1160484 0.100121 0.07258064 0.06705645 0.1160081 0.1358468 0.1717339 0.1769758 0.1382661 0.05318548 0.02560484 0.003266129 0.001733871 0.01483871 0.01649194 0.004435483 0.01491935 0.004112903 0.006733871 0.003346774 0.002540322 4.032258e-005 0.003629032 8.064516e-005 0.0002016129 0 0.01165323 0.07600806 0.04967742 0.001451613 0.001814516 0.0009274193 0.0003629032 0.002620968 0.009435483 0.006491935 0.0006854838 0 
0.3094758 0.2228226 0.1392339 0.1795564 0.1391935 0.1029032 0.09064515 0.2334677 0.1705242 0.1300807 0.1437097 0.2151613 0.1741532 0.09407258 0.1145161 0.1442742 0.2072177 0.1581048 0.09754033 0.06915324 0.1304032 0.1191129 0.1364113 0.1335484 0.1134274 0.1132258 0.04544355 0.02129032 0.0158871 0.008669354 0.005362903 0.008951613 0.008830644 0.001532258 0.00266129 0.003064516 0 0.002540322 0.001693548 0.001532258 0.001008064 0 0 0 0.005967742 0.01354839 0.03685484 0.004475806 0.001330645 0.003588709 0.01229839 0.01004032 0.02455645 0.007782258 0.0001612903 0 
0.2641936 0.2021774 0.1012903 0.0625 0.1351613 0.1210887 0.1278226 0.1715323 0.1524597 0.1864113 0.163871 0.2283064 0.2233871 0.1310484 0.07274193 0.1252016 0.2401613 0.2435887 0.1541129 0.09560484 0.07758065 0.06943547 0.04258064 0.05951612 0.07790323 0.06786291 0.03274193 0.01177419 0.02068548 0.03705645 0.01741935 0.008588709 0.006733871 0.0005241935 0.002016129 0.05258064 0.07451613 0.01850807 0.005362903 0.002258064 0.001774193 0.0002822581 0.0004032258 0.0004838709 0.009274193 0.0133871 0.03346774 0.01568548 0.008185484 0.04681452 0.03141129 0.01016129 0.01326613 0.01342742 0.002741935 0.0003225806 
0.2781048 0.1814516 0.07495968 0.07076614 0.09350806 0.1453629 0.1689113 0.1689113 0.1272177 0.1315726 0.120121 0.2143146 0.2945565 0.2372581 0.1552419 0.1088306 0.1407661 0.1736694 0.2057258 0.1066129 0.06310484 0.05443548 0.04842742 0.05379032 0.06556452 0.0578629 0.0221371 0.01782258 0.02379032 0.01608871 0.005846774 0.00375 0.008709677 0.00407258 0.0003629032 0.02995968 0.3145161 0.02197581 0.01068548 0.002540322 0.01068548 0.004879032 4.032258e-005 0.00391129 0.01552419 0.01189516 0.02637096 0.02830645 0.02415323 0.1028629 0.045 0.01512097 0.0153629 0.02298387 0.04866936 0.05330645 
0.3720565 0.1718951 0.07649194 0.06701613 0.1446371 0.1887097 0.1628629 0.1682258 0.1171371 0.07250001 0.09689517 0.1334677 0.2590322 0.2454839 0.2123387 0.1616532 0.1231451 0.19125 0.1495161 0.0775 0.05479838 0.03673387 0.03532258 0.0421371 0.02475807 0.02947581 0.008064516 0.0006451613 0.007137096 0.01439516 0.004153226 0.001895161 0.001370968 0.002379032 0.001975806 0 0.008185484 0.002298387 0 0.02205645 0.01967742 0 0.002983871 0 0.001814516 0.01185484 0.02145161 0.04209677 0.0719758 0.08931451 0.05403225 0.01205645 0.03637097 0.04854838 0.06552419 0.04814516 
0.3332661 0.1352419 0.0480242 0.03165322 0.1083468 0.2904435 0.1589113 0.1506855 0.1305645 0.105 0.1056855 0.08508063 0.1302016 0.1702016 0.112621 0.1055645 0.1123387 0.1778629 0.08072581 0.05923387 0.05346774 0.02318548 0.02125 0.02254032 0.01592742 0.004596774 0.004435483 0.01431452 0.003225806 0.007177419 0.01572581 0.002620968 0 0 0 0 0.0004838709 0.0004838709 0.0025 0.01229839 0.01141129 0.00125 0.002016129 0.006612903 0.007983871 0.003951613 0.003870968 0.0303629 0.06217742 0.08907258 0.04794355 0.04112903 0.06298387 0.08096774 0.05209677 0.06471775 
0.1991532 0.1043952 0.06165322 0.07911291 0.06979838 0.10625 0.1368951 0.2014113 0.1706855 0.1015726 0.127621 0.07637096 0.05959677 0.09491935 0.180121 0.1852822 0.0960887 0.1149194 0.05737903 0.03875 0.05209677 0.03967742 0.03020161 0.01237903 0.009959676 0.005604839 0.008709677 0.01528226 0.01274194 0.002459677 0.004233871 0.01879032 0.00125 0 0 0 0 0.001693548 0.002701613 0.01141129 0.009193548 0.01185484 0.03540323 0.06971774 0.02185484 0.01153226 0.0116129 0.009274194 0.01278226 0.07653226 0.08008065 0.07552419 0.05225806 0.08459678 0.08233871 0.04137097 
0.1895564 0.1408468 0.09399194 0.08725807 0.05366936 0.04810483 0.08306451 0.1618952 0.1761694 0.1475403 0.1308468 0.1005242 0.08963709 0.1164113 0.1065323 0.1254839 0.07774193 0.06096775 0.05725806 0.03975806 0.03391128 0.02604838 0.04137097 0.0358871 0.0794758 0.0766129 0.02721774 0.03971774 0.02955645 0.008669355 0.003709677 0.0002419355 0 0 0 0.0008870967 0.002016129 0.002379032 0.009798386 0.01774194 0.009556451 0.04375 0.06024193 0.08633064 0.01391129 0.007016129 0.01705645 0.0253629 0.02318548 0.03810484 0.01104839 0.04016129 0.06556452 0.03201613 0.03229838 0.0378629 
0.1968952 0.1279032 0.0875 0.09584676 0.0876613 0.05923387 0.09217741 0.1259677 0.1327823 0.2014516 0.1408468 0.1070968 0.08923388 0.08754032 0.06278226 0.09092741 0.06149193 0.0530242 0.03774193 0.0346371 0.01528226 0.02766129 0.0241129 0.04491936 0.01508064 0.01491935 0.004838709 0.02024193 0.02044355 0.0003629032 0.0008870967 0.0025 0.006975806 0.00108871 0.003346774 0.005725806 0.01834678 0.01024194 0.0103629 0.007903226 0.03459677 0.02887097 0.04665323 0.06068548 0.01705645 0.008024193 0.01044355 0.03016129 0.02443548 0.02064516 0.01608871 0.02173387 0.03366936 0.03967742 0.05782258 0.05669355 
0.1212097 0.1001613 0.1250807 0.118871 0.1125806 0.09778226 0.03717742 0.05262097 0.07495967 0.147379 0.1714516 0.1116129 0.1269758 0.1204839 0.1218548 0.1083064 0.09322579 0.07504031 0.03899193 0.0253629 0.01407258 0.01955645 0.01842742 0.01544355 0.01217742 0.007983871 0.008306451 0.001612903 0.004717742 0.01104839 0.01326613 0.001693548 0 0.004637097 0.01205645 0.009193548 0.005241935 0.003266129 0.004758064 0.02241936 0.02270161 0.01653226 0.03524194 0.04181452 0.01620968 0.003266129 0.009314516 0.01814516 0.003266129 0.01233871 0.02302419 0.03983871 0.07080646 0.06899192 0.07048388 0.0521371 
0.143871 0.1110484 0.1258468 0.1619355 0.1195564 0.04423387 0.03028226 0.07762096 0.1384677 0.23 0.1520564 0.09471773 0.1404435 0.1493145 0.143629 0.1478226 0.09375001 0.0728629 0.05524193 0.0275 0.01770161 0.0125 0 0.008669355 0.02004032 0.009919355 0.009758065 0.01173387 0.01552419 0.01721774 0.008669355 0.001209677 4.032258e-005 0.002298387 0.006935483 0.008669354 0.008548386 0.009919354 0.008387096 0.01149193 0.01358871 0.01040323 0.02270161 0.0328629 0.06528226 0.00532258 0.0008870967 0.007580644 0.007459677 0.04229839 0.0375 0.05721774 0.08887097 0.07846775 0.03866936 0.01141129 
0.2021371 0.07314517 0.09120968 0.1891532 0.1107258 0.05830645 0.0876613 0.1391129 0.1690726 0.1764516 0.1275 0.08939516 0.06221774 0.1039919 0.07899193 0.1000403 0.07125 0.07576613 0.05104839 0.04201613 0.04201613 0.04983871 0.00907258 0.002419355 0.004637097 0.004112903 0.006975806 0.0103629 0.01762097 0.01822581 0.02076613 0.01798387 0.01282258 0.01040323 0.006693548 0.003387097 0.0003225806 0.03056451 0.003508064 0.01233871 0.01169355 0.03798387 0.03935483 0.003709677 0.0006854838 0.007016129 0.0005645161 0.001330645 0.01620968 0.04217742 0.03665323 0.03032258 0.07504032 0.09020161 0.0607258 0.04076613 
0.2078629 0.1082661 0.08693548 0.1495161 0.1146774 0.07004032 0.115121 0.2006049 0.2814113 0.1759274 0.1883871 0.1425806 0.1325 0.07455643 0.05455645 0.07766128 0.04596774 0.04951613 0.05342742 0.05173387 0.02762097 0.02701613 0.01189516 0.002258064 0.005846774 0.002580645 0 0.007096774 0.007217742 0.01455645 0.005443548 0.006169355 0.0007258064 0.01620968 0.002258064 0.003104839 0.02834678 0.04983871 0.03427419 0.03850807 0.03310484 0.08875001 0.08443549 0.02512097 0.01540323 0.01375 0.02362903 0.007822581 0.01717742 0.05911291 0.06895161 0.06177419 0.08693548 0.0783871 0.07060484 0.09314516 
0.2213307 0.1662097 0.09943549 0.1057661 0.1130645 0.05745968 0.07395161 0.1009274 0.1257661 0.127621 0.1335081 0.1497177 0.1086693 0.07016128 0.04520162 0.1109274 0.08209677 0.04314516 0.02556452 0.05834677 0.02366935 0.004032258 0.002137097 0.0121371 0.009596773 0 0.0025 0.0004838709 0.001209677 0.0002419355 0.002741935 0.005766129 0.006733871 0.001169355 0.0001612903 0.04181452 0.05181452 0.02399193 0.02939516 0.0321371 0.01935484 0.1118952 0.05745967 0.01354839 0.02346774 0.03403226 0.04951613 0.05766129 0.03806451 0.07681451 0.08931451 0.1124597 0.1345161 0.07193548 0.06064516 0.05556452 
