ncols         56
nrows         54
xllcorner     28.264
yllcorner     -5.7719999999999
cellsize      0.25
NODATA_value  -9999
0 0 0 7.102783e-006 0.0002916825 0 0 0 0 0 3.714157e-005 0.0007508458 0.005682087 0.008986826 0.01083144 0.01264965 0.01160522 0.009148705 0.008112363 0.008013315 0.008344434 0.02867537 0.02432092 0.03087254 0.03744346 0.03343547 0.06219483 0.05261577 0.06785261 0.08249547 0.05597251 0.03299535 0.03434657 0.01938107 0.01081465 0.00947926 0.006486619 0.005873965 0.006397258 0.008830167 0.004830699 0.01749578 0.02245501 0.002210288 0.003826681 0.002097604 0.0005898722 0.0002536517 0.0001327839 0.0001011799 8.01187e-005 4.433058e-005 4.513341e-005 4.425231e-005 0.0003426184 0.0001993444 
0 0 0 7.098411e-006 6.400127e-005 7.108829e-006 0 0 0 0 0 2.131371e-005 3.007659e-005 0.01705095 0.01876498 0.01418539 0.01139002 0.009598259 0.008235727 0.007916347 0.01587779 0.01037864 0.01432325 0.02194271 0.02584619 0.03265985 0.04078923 0.03409224 0.04259223 0.05248431 0.0435999 0.0342694 0.04389121 0.020676 0.01310032 0.01376246 0.011 0.007706496 0.008278478 0.01339122 0.01782451 0.01584617 0.007955735 0.002333226 0.002240847 0.0008690957 0.0006974869 0.0003533912 0.0002949066 0.0001889666 0.0001033688 5.567874e-005 5.556478e-005 5.366486e-005 4.931439e-005 4.744372e-005 
0 0 0 0.0001066233 2.132437e-005 0 0 0 0 0 6.275156e-005 1.979216e-005 0.002398091 0.0159065 0.02961411 0.02397914 0.02969318 0.01170846 0.006123536 0.011664 0.01173313 0.01164059 0.009300257 0.01590048 0.0158386 0.02727227 0.04965305 0.04282827 0.03270514 0.03842061 0.04171184 0.04847055 0.03850907 0.01665458 0.01318144 0.02068199 0.02221708 0.01769394 0.007825007 0.007051121 0.01685272 0.004093042 0.003718255 0.003802916 0.00233318 0.001244426 0.00292088 0.0004578972 0.0003416491 0.00013906 0.0001327354 6.907139e-005 6.61553e-005 6.226472e-005 5.691754e-005 5.412647e-005 
0.0003128559 0.0003131389 0.0001422219 7.102433e-006 0 7.105935e-006 0 0.0003145058 0.0005841421 0.0006356765 0.0007951285 0.0001500434 2.83617e-005 0.0007203186 0.007267393 0.005886629 0.004799375 0.008855795 0.02391918 0.008756028 0.008143161 0.008854675 0.01429384 0.03161989 0.0279703 0.05040647 0.03629718 0.02642732 0.06937622 0.03828952 0.03617994 0.04014259 0.03390325 0.03899742 0.04865171 0.04729963 0.02847162 0.01888044 0.02000339 0.009897044 0.007794901 0.008963822 0.01422444 0.008626587 0.003886765 0.00412455 0.007058786 0.001112542 0.001430479 0.0002510785 0.0002349093 7.955248e-005 7.416495e-005 6.845009e-005 6.17807e-005 5.488987e-005 
0.005338778 0.003839966 0.002805397 0.0008408195 0.000206261 0 0.0006827192 2.128779e-005 0.0008999869 0.00112432 0.001128268 1.852366e-005 2.608283e-005 6.310474e-005 0.001080542 0.002523673 0.004892737 0.003471373 0.006077873 0.007672395 0.007487885 0.01051529 0.02874548 0.02932681 0.0658588 0.07348493 0.03773368 0.03487431 0.05230741 0.03189855 0.03685581 0.05383757 0.05473351 0.06725041 0.05342752 0.03487453 0.02498852 0.01291484 0.01432426 0.03361372 0.01783192 0.01412079 0.01129432 0.006504384 0.003818502 0.002432782 0.00398289 0.0005762557 0.0004000185 0.0002999321 0.0002778386 9.228127e-005 8.473672e-005 7.66464e-005 6.903261e-005 6.099341e-005 
0.009296654 0.007224983 0.005450923 0.01341503 0.006768647 0.002070106 0.003242185 0.0004473267 0.000426013 0 0.0001853947 1.563049e-005 0.001246114 8.52962e-005 0.0002365908 0.001294845 0.002727288 0.006073175 0.006344643 0.01040218 0.009855387 0.01704114 0.01713407 0.02952168 0.03131566 0.03245475 0.03654608 0.03940806 0.03871033 0.02603847 0.03967265 0.03152557 0.01954039 0.02086784 0.01831779 0.01130748 0.006275664 0.006094875 0.01930605 0.01760105 0.02034267 0.005654553 0.003460947 0.003477501 0.003237976 0.001163826 0.0009609212 0.000625189 0.0004484025 0.0003454286 0.0003161099 0.0001038752 9.350137e-005 8.384645e-005 7.58184e-005 6.71651e-005 
0.008610038 0.01040949 0.005661295 0.008359581 0.003205562 0.01154881 0.00914 0.002613672 0.0001364531 0.000302819 0 1.148747e-005 9.155917e-005 0.0001185928 0.000258181 0.0003987674 0.0009176867 0.002641569 0.002706223 0.01017345 0.01214717 0.01556084 0.02114294 0.0257585 0.05718926 0.03739899 0.02934606 0.03946142 0.04432818 0.01928269 0.01371565 0.02029719 0.02274169 0.04258559 0.00677555 0.01008797 0.006661473 0.0128155 0.01119536 0.006345189 0.008716211 0.003788662 0.003089998 0.002764454 0.001791541 0.001208726 0.001005279 0.00066667 0.0004925881 0.0003868202 0.0003512167 0.0001131694 0.0001003975 8.952289e-005 8.199445e-005 7.357634e-005 
0.004849491 0.005091768 0.006427563 0.01635639 0.006304393 0.006976525 0.01131846 0.008444875 0.003860675 0.002696954 0 1.581085e-005 9.237569e-006 0.0002299053 0.001496 0.001807383 0.001289046 0.001075396 0.003330881 0.008368616 0.005786134 0.04112276 0.05784706 0.05706635 0.04942115 0.03470696 0.03887425 0.02133883 0.02932881 0.02538622 0.01382659 0.0329785 0.03597309 0.03610784 0.01194624 0.007402474 0.009797087 0.02953276 0.005863744 0.001961512 0.00146694 0.001474652 0.001197488 0.0005464507 0.0008942041 0.0003782219 0.0003163687 0.0002688496 0.0001868289 0.0001490459 0.0001348763 6.735373e-005 5.864806e-005 5.190986e-005 4.799166e-005 4.880108e-005 
0.003202257 0.004137475 0.003383168 0.005479251 0.006702271 0.007804275 0.005043013 0.01036224 0.007376847 0.005133005 0 2.816068e-006 0.0003997696 0.0001177085 0.003497831 0.002548852 0.0001679134 0.002192175 0.01274651 0.01667988 0.02810579 0.04442613 0.0529966 0.02476166 0.0274895 0.04161999 0.0233555 0.006536114 0.007808815 0.02054418 0.006138421 0.01264884 0.01707886 0.003428286 0.01065784 0.007465061 0.01007167 0.006285261 0.002978807 0.002216046 0.002141988 0.001788779 0.001186582 0.0005491438 0.0004653805 0.0008388856 0.0003314355 0.0002599683 0.0002014765 0.0001636167 0.0001466626 7.273137e-005 6.239702e-005 5.499078e-005 5.099439e-005 5.246919e-005 
0.003805898 0.006825487 0.006665078 0.003770417 0.007329635 0.004257538 0.005951946 0.003594299 0.009851447 0.007681814 0.002596138 0.003601457 0.000842797 3.381229e-006 0.001259698 0.0003905348 0.0001534503 0.009716509 0.01800046 0.02634538 0.0104451 0.01013072 0.03703327 0.04355489 0.0278981 0.01761139 0.006831349 0.004947152 0.002005027 0.002597153 0.002155446 0.00327447 0.005356852 0.003766891 0.007253049 0.002531988 0.001733961 0.004363728 0.003330418 0.001902423 0.002101841 0.001616296 0.001145726 0.0005311724 0.0004522312 0.0006591816 0.0003245944 0.0002563988 0.0002007063 0.0001627939 0.0001457311 7.190331e-005 6.073483e-005 5.308992e-005 4.89606e-005 5.019986e-005 
0.002553927 0.01016963 0.01005623 0.004463243 0.01064882 0.002826059 0.006408739 0.005584427 0.007405558 0.001977683 0.002172233 0.001568228 0.0002546115 4.470262e-005 0.001553031 0.001613621 0.000326703 0.00227788 0.003669255 0.004353463 0.003215363 0.002128459 0.01551422 0.02819305 0.02529251 0.01057459 0.006339476 0.003014725 0.002251166 0.003944181 0.002776164 0.00472713 0.002480609 0.008468784 0.01064356 0.00285887 0.001725117 0.002392372 0.001735129 0.001594413 0.001401321 0.00121643 0.001076763 0.000496652 0.0004195253 0.0003553223 0.0002987453 0.0002347969 0.0001831017 0.0001487339 0.002657536 0.003007821 5.364563e-005 4.607602e-005 4.199854e-005 4.211832e-005 
0.007915044 0.01030669 0.01032324 0.002635893 0.006505139 2.263312e-005 0.001118607 0.000188697 9.807027e-005 0.003846939 0.003129279 9.147482e-005 0.002069082 8.253029e-005 0.0008174113 8.01183e-005 0 0.001933168 0.00400562 0.005187106 0.001318455 0.002342008 0.01173788 0.01293567 0.01244625 0.02043099 0.007924858 0.006013387 0.00641312 0.0004547545 0.0003706946 0.0004775308 0.0005660325 0.002416186 0.0004192306 0.003106816 0.001122034 0.001130152 0.002675897 0.001489615 0.001557204 0.001505676 0.001334496 0.0006428046 0.0005387253 0.0004516567 0.0003789634 0.0002905107 0.00022539 0.0001817453 0.0001591265 9.629305e-005 7.877678e-005 6.678752e-005 5.933915e-005 4.229237e-005 
0.008632584 0.005994838 0.01373234 0.003928902 0.002422323 0.00272561 0.003752593 0.0008158018 0.0003548055 0.003414233 0.000367336 0.0009399971 0.0007603746 8.100512e-006 0.0009836921 0 7.567681e-005 9.47696e-005 0.00326025 0.001201508 0.004203229 0.005458143 0.006716219 7.340508e-005 0.002234013 0.002922619 0.001560177 0.00100323 0.000249142 0.0002488371 0.0001775314 0.01130665 0.01445537 0.0002206564 0.0003841861 0.0005461681 0.0006153609 0.0006913698 0.0007728937 0.001362352 0.001429359 0.001407936 0.001235794 0.0005931022 0.0004927241 0.0004077577 0.0003419988 0.0002606178 0.0002011062 0.0001608355 0.0001396737 8.257638e-005 0.0001177268 5.480827e-005 4.717171e-005 3.218493e-005 
0.02450101 0.007308571 0.01290204 0.008256075 0.003547891 0.005446391 0.003714829 0.006351603 0.001312976 0.001540939 0.001317889 0.002955994 0.0008844861 0.0008902744 0 0 0 0.001915872 0.0005535121 0.001202952 0.003097817 0.002356713 0.003259813 1.077795e-005 0.0008527081 1.580949e-005 4.737495e-005 1.720185e-005 1.871559e-005 2.076532e-005 2.330996e-005 0.01936061 0.0001220494 0.0001161333 0.0001609493 0.0003729766 0.002116717 0.005650862 0.0006248105 0.001100849 0.001226494 0.001218971 0.001067231 0.0005079649 0.0004184527 0.0003455516 0.0002879278 0.0002659555 0.0001681315 0.0001334259 0.0001153421 6.756673e-005 5.366313e-005 4.357974e-005 3.67304e-005 2.428801e-005 
0.02036135 0.009798222 0.01113727 0.008302002 0.006158637 0.007864006 0.009786271 0.01037868 0.003339423 0.002678071 0.003675273 0.001893821 0.002053274 4.731e-005 0.002222777 0.0008529281 0 0.00182227 0.01091932 0.002387032 0.003804659 0.004363849 0.003594002 1.124925e-005 0.001270186 1.333956e-005 1.420957e-005 1.330587e-005 1.390583e-005 1.521084e-005 5.386357e-005 0.001722469 0.001656015 0.002386656 0.0002947957 0.00454615 0.0006522064 0.0004124807 0.0004813287 0.001902 0.001468077 0.0009425596 0.004706748 0.003385275 0.0003172581 0.0002591541 0.0002185122 0.000219346 0.0001265695 0.0001000721 0.0001885733 6.059093e-005 4.027327e-005 3.264792e-005 2.796677e-005 1.892451e-005 
0.01381886 0.00507884 0.005004983 0.007975335 0.01085303 0.005525298 0.006505983 0.01164515 0.004448916 0.00418419 0.005397316 0.003373202 0.0007597997 8.177037e-006 0.003564987 0.002554557 0.0001689456 0.00417423 0.01787224 0.001125447 0.003372279 0.0003673374 0.001330462 2.684485e-005 2.557802e-005 2.502209e-005 2.464969e-005 1.818366e-005 1.780912e-005 0.001080002 2.128709e-005 0.006918965 0.008129583 2.13636e-005 3.100646e-005 4.925338e-005 6.101615e-005 7.262443e-005 8.393422e-005 0.000161187 0.0001800764 0.003103867 0.002656608 0.01918679 0.01166525 4.608678e-005 3.872939e-005 3.251262e-005 0.0002689202 0.0005563298 0.0006579318 0.0005453438 0.0004035141 0.0001765845 2.434017e-005 4.465257e-006 
0.01484526 0.02290641 0.01077034 0.006553 0.006597136 0.006807247 0.01106514 0.01854232 0.009083968 0.007624646 0.003219155 0.002037398 0.001660985 0.0003909137 0.00292124 9.912421e-005 0.0006503805 0.0006524553 4.473604e-005 0.003167117 0.003447001 0.00217493 0.0006543045 2.798052e-005 0.003201409 1.942803e-005 1.67498e-005 0.0004355316 8.585494e-006 0.001160303 0.002877833 0.01341149 0.002238959 9.890838e-006 1.58705e-005 2.640425e-005 3.355882e-005 4.00002e-005 4.578951e-005 8.686516e-005 9.669319e-005 0.009180965 0.001066904 0.003476018 2.879968e-005 2.285289e-005 1.921108e-005 0.0003410143 0.002554174 0.004714476 0.004043082 0.003332156 0.0009537308 0.0006739314 0.0004458956 0.00470484 
0.01240151 0.0199113 0.02330479 0.01169302 0.006105922 0.01492551 0.01581025 0.01357712 0.008979756 0.0162004 0.002090691 0.002895262 0.00286965 0.00183643 0.0003632788 0.005582033 0.003999539 0.002916968 0.0003469727 0.005866797 0.001018777 0.003121204 0.002469985 0.0004402815 0.005279055 3.88507e-005 3.063946e-005 0.001198989 0.00019493 0.00109696 0.007414849 0.02724559 0.01860909 0.001786439 3.540749e-005 6.482813e-005 0.0001276141 9.433689e-005 0.001729925 0.0001321416 0.003700874 0.002501787 8.072863e-005 3.273503e-005 2.04952e-005 1.331276e-005 0.0002677747 0.0007596414 0.004121024 0.003625691 0.001636981 0.001558348 0.001291324 0.0009633965 0.0006949753 0.0003665639 
0.01093108 0.01215964 0.01775303 0.01988108 0.01904052 0.0127357 0.01930003 0.01168916 0.007607833 0.003865896 0.002891244 0.006306479 0.003593549 0.001404711 0.0002633716 0.00150632 0.005455041 0.002951986 0.0001924275 0.002817287 0.0003489634 0.0001801903 0.0001596478 0.0001180011 0.0001003676 8.289568e-005 6.621451e-005 0.003767034 0.003405634 0.004537965 0.001763312 0.007557722 0.02444965 0.002343986 0.004769695 0.0001639766 0.0002193638 0.000232883 0.0002039274 0.0002956896 0.000249098 0.0002783155 0.0004359832 0.0007275776 0.0008790953 0.0009172656 0.00133323 0.001734309 0.002218655 0.002447868 0.002313731 0.002175002 0.001839755 0.001426537 0.002779872 0.0007475193 
0.01807452 0.009836911 0.01363164 0.009790684 0.006492544 0.00378314 0.01112389 0.003131935 0.002961098 0.001603158 0.00123964 0.007939532 0.002124409 0.002299614 0.002462685 0.001257824 0.001858476 0.003399227 0.003504712 0.0007887008 0.0003815246 0.0003586157 0.0003186789 0.0003518856 0.0003030161 0.0002532365 0.000202852 0.0001659573 0.0001102454 0.0004942004 0.0001052223 0.002342187 0.01135821 0.01375911 0.008211473 0.0117562 0.002726755 0.001740006 0.001518894 0.001028047 0.002529119 0.001952783 0.001969695 0.002183049 0.003396768 0.001490788 0.001679125 0.001913837 0.002136447 0.0021943 0.002026384 0.002629735 0.005655408 0.001780825 0.001405541 0.0008965057 
0.008639948 0.01322091 0.01399673 0.00842895 0.01003467 0.004879185 0.005993135 0.002478978 0.001962542 0.001888402 0.001103911 0.005928656 0.0009303056 0.0002001666 0.0006149383 0.0006827082 0.0005130289 0.0006087397 0.0005209686 0.003359956 0.0006277692 0.0004701067 0.0004202685 0.0004673783 0.0004073887 0.0003391987 0.0002717841 0.0002240175 0.000149721 0.0001222888 0.0008493813 0.0001679223 0.009152824 0.02177756 0.006562635 0.006912712 0.002216913 0.002318891 0.002026998 0.003034945 0.002277618 0.002575161 0.002536159 0.005228301 0.002294056 0.001771558 0.00190209 0.002205792 0.00237672 0.002402509 0.004247732 0.002804754 0.005505612 0.008565026 0.001453715 0.0009091393 
0.01576402 0.01580422 0.0156579 0.01079623 0.02435032 0.01527359 0.009074145 0.009706038 0.005408166 0.001731156 0.0001300313 0.007300507 0.00240663 0.004722058 0.0004422595 0.0007669459 0.0008140745 0.00171504 0.004109152 0.004609731 0.001493408 0.0007249969 0.0006441151 0.0007135932 0.0006103778 0.0005072699 0.0004112735 0.0008370955 0.000239101 0.0002368037 0.000343117 0.0004033765 0.002752221 0.01311164 0.006114543 0.002644819 0.003324199 0.006391249 0.003039364 0.002288118 0.003200267 0.003511597 0.003309189 0.002581103 0.002299718 0.002051692 0.002136182 0.007648133 0.009767341 0.008669049 0.004055153 0.002836472 0.002448198 0.001919971 0.001378987 0.005805482 
0.03251867 0.01891228 0.01726882 0.02684947 0.03782972 0.02014201 0.02115706 0.03078216 0.01252068 0.00542453 0.002347723 0.007432354 0.01022014 0.003283132 0.0007412427 0.003596085 0.004439322 0.004202481 0.004588712 0.004394619 0.004269113 0.004965694 0.005211286 0.001097089 0.001024034 0.0007521298 0.001918744 0.0005308854 0.001453824 0.00121688 0.001633607 0.00402137 0.006002618 0.008491996 0.007474264 0.00402804 0.004892766 0.008055615 0.004480388 0.003196296 0.004197059 0.00458384 0.004235846 0.003106855 0.003149013 0.004927643 0.01271432 0.009006806 0.006418348 0.003043213 0.01094018 0.008263365 0.005580671 0.00360158 0.0010267 0.00304478 
0.02328089 0.02174897 0.02126752 0.02562072 0.02055208 0.02473709 0.02913188 0.04380089 0.01009848 0.004965364 0.003071948 0.00308588 0.001798146 0.001429291 0.002397066 0.003235942 0.002803984 0.004575307 0.01063715 0.003757336 0.003447605 0.002266 0.004266033 0.005545367 0.002520985 0.002082255 0.00171494 0.001573607 0.003142401 0.0009978687 0.001290166 0.002512445 0.007906013 0.005284892 0.01137715 0.008317791 0.009403253 0.01219167 0.008646166 0.006565948 0.00704536 0.006873598 0.005986024 0.00373652 0.006700823 0.01644195 0.005477934 0.004788598 0.006658337 0.003692768 0.01654325 0.00220512 0.002232631 0.001093359 0.0006030732 0.0001366236 
0.02038467 0.02399065 0.01858522 0.0208658 0.01408653 0.01212913 0.02133491 0.0306627 0.007084438 0.005341652 0.004694961 0.00597815 0.003232371 0.002590044 0.003363184 0.004331108 0.004581723 0.005235266 0.006398138 0.0050149 0.007133942 0.002790361 0.005999197 0.01165256 0.004918956 0.003828268 0.002132081 0.0009095317 0.002968061 0.00329881 0.001325838 0.003082119 0.003600054 0.004973729 0.0112341 0.01240543 0.01159657 0.01272663 0.01061553 0.008080497 0.008248302 0.007915864 0.006795342 0.004318871 0.007575807 0.003181779 0.002328695 0.002685273 0.002825842 0.00237589 0.009837079 0.002042947 0.0014909 0.0009143392 0.0003396362 0.0001669829 
0.007923836 0.01390831 0.01119735 0.01496456 0.01031976 0.006492462 0.01317105 0.00732412 0.002967298 0.002808608 0.002557727 0.005484138 0.00636092 0.003479889 0.002201942 0.003929508 0.003996545 0.01178132 0.006488966 0.004477821 0.004858189 0.003594225 0.006742636 0.00907064 0.01159891 0.01569184 0.003222731 0.001388876 0.02127537 0.01726781 0.002514969 0.003635495 0.00347155 0.006985028 0.01094502 0.02181046 0.01264248 0.01293974 0.01172683 0.008981926 0.009112419 0.008784779 0.007572195 0.004619295 0.003473563 0.002670798 0.004561962 0.003330475 0.002409366 0.00224715 0.001922457 0.001924243 0.001322064 0.001125323 0.002210982 0.0002087205 
0.006768378 0.01100371 0.01196808 0.01148443 0.007594456 0.01115304 0.008202447 0.009323339 0.003250779 0.002540824 0.002965995 0.005933566 0.00654144 0.006324131 0.005781393 0.009242387 0.008866247 0.008932829 0.007066874 0.00993679 0.00866486 0.005559387 0.004589222 0.01136254 0.01504198 0.01635939 0.005561146 0.002828615 0.006348766 0.01101741 0.003140191 0.003768064 0.004054042 0.006977926 0.007594326 0.01211865 0.01266119 0.0129598 0.01196236 0.009371021 0.009809647 0.009634551 0.00832793 0.005131907 0.004233098 0.003090645 0.00379471 0.003564853 0.003135084 0.003063397 0.002129327 0.007669453 0.002810959 0.0006352849 0.006455954 0.003706452 
0.01633694 0.02157406 0.02433249 0.02337107 0.01160137 0.02383973 0.0106094 0.01502071 0.01258196 0.007460465 0.01524088 0.01585395 0.01188445 0.01400872 0.0156201 0.02085054 0.02227728 0.02058419 0.0200419 0.02063036 0.006922835 0.007072275 0.009548357 0.02532617 0.01671881 0.01646761 0.01293904 0.01161885 0.009651631 0.008842604 0.01088959 0.01287213 0.01422792 0.01674978 0.02014499 0.02658382 0.03025575 0.031109 0.02916114 0.01829565 0.01850035 0.01703657 0.01406287 0.008238077 0.01065992 0.009565922 0.004315783 0.004325065 0.003875264 0.003501496 0.003042712 0.003216313 0.0116983 0.004236395 0.005424817 0.02074986 
0.03988521 0.02066071 0.01794221 0.02717492 0.0232686 0.007518107 0.01026212 0.02510814 0.02226699 0.01124546 0.01277983 0.02850326 0.03789494 0.01588615 0.01944619 0.02691134 0.0407201 0.02482085 0.03449567 0.04033164 0.01092436 0.01157483 0.03350737 0.05987841 0.0284065 0.03575259 0.03110303 0.0162755 0.01390476 0.01179224 0.0130668 0.02171712 0.01594376 0.02048143 0.021427 0.02741327 0.03070614 0.03113072 0.02973229 0.02430402 0.01960636 0.01875537 0.03201972 0.01893272 0.00922868 0.01105337 0.008605327 0.005047977 0.004708728 0.004081505 0.003758627 0.004244654 0.005805256 0.009421507 0.0005983223 0.0005336151 
0.03787889 0.02509034 0.01506529 0.0113135 0.005826941 0.007288234 0.01733309 0.05873791 0.03871912 0.01502488 0.01167207 0.02694876 0.0161214 0.04352023 0.03915234 0.03989287 0.04857246 0.02577977 0.03510937 0.04300552 0.0188736 0.01889307 0.01929809 0.03268863 0.03058697 0.04670907 0.04722252 0.02155084 0.01609286 0.01435365 0.01727317 0.01724789 0.01926128 0.0283336 0.02273563 0.02640951 0.0301492 0.03543771 0.03041846 0.02329167 0.01876221 0.04252317 0.04874212 0.02080797 0.00685788 0.007187909 0.0069208 0.006059682 0.004924502 0.005086472 0.003697028 0.002606567 0.003811475 0.005904081 0.002315292 0.0005878594 
0.03151856 0.02922914 0.02507082 0.02998136 0.005479989 0.007164699 0.0159724 0.0197104 0.02587521 0.03040334 0.03797636 0.04292417 0.0189591 0.02216169 0.01682588 0.03217482 0.04528885 0.03760835 0.06562869 0.04741378 0.1053897 0.04620345 0.0211495 0.03207178 0.03855941 0.03671767 0.03588989 0.02933746 0.01838923 0.01771581 0.0179555 0.01862373 0.0189304 0.02495984 0.02635199 0.02432042 0.02945741 0.02945386 0.02687828 0.02163446 0.01709051 0.01602899 0.01377425 0.008445103 0.006806555 0.007748889 0.007060567 0.007069366 0.004973597 0.004636021 0.01229203 0.002813268 0.002052822 0.008493387 0.00113892 0.001239439 
0.04879614 0.04042994 0.05490811 0.02198785 0.01219641 0.01217471 0.02271356 0.02473307 0.01946175 0.02177005 0.02104847 0.02828586 0.04334397 0.03080398 0.01053805 0.05215214 0.08902378 0.103512 0.09632658 0.08461099 0.1156278 0.05529257 0.04167444 0.04525002 0.03600891 0.03723546 0.02164188 0.02528588 0.01888563 0.01721158 0.01821393 0.01834208 0.0195697 0.02744132 0.02817449 0.03082751 0.04771269 0.02249638 0.01856795 0.01338831 0.01326794 0.01306154 0.0114891 0.02651556 0.0140768 0.006674329 0.006099619 0.006520689 0.005753522 0.01974314 0.01063517 0.004691189 0.008618895 0.01094806 0.001030843 0.001918464 
0.03688225 0.05514191 0.0274002 0.011723 0.01789391 0.01992259 0.02595394 0.03648968 0.01939678 0.01885557 0.03028373 0.03761991 0.06815249 0.03041891 0.05036886 0.07103673 0.173755 0.1729668 0.087718 0.0625483 0.04326074 0.04647409 0.02755371 0.03374443 0.04449654 0.04708946 0.03951971 0.02836812 0.02878375 0.02044888 0.01952298 0.02650162 0.01872921 0.02425923 0.02849157 0.01884184 0.01973489 0.01946892 0.01823705 0.01170859 0.01168985 0.01152655 0.01134243 0.01737621 0.01778774 0.006828957 0.006269684 0.01017919 0.01750356 0.0169289 0.01102665 0.003493509 0.00252997 0.002214495 0.001324062 0.00214768 
0.1123332 0.07207613 0.02194771 0.01905642 0.01693478 0.02473157 0.01871074 0.02310792 0.01648702 0.02035002 0.02209324 0.03348571 0.04604044 0.02597495 0.04635133 0.09162508 0.1837923 0.1912884 0.1342163 0.08626664 0.05496262 0.03352274 0.03189243 0.03414716 0.04464574 0.07062051 0.05443249 0.03143264 0.03074867 0.02245259 0.01785642 0.02213291 0.03051303 0.02521705 0.01768411 0.01629161 0.01644778 0.01559763 0.02207346 0.01413798 0.01100132 0.01022958 0.009564343 0.00947989 0.00791565 0.007060214 0.006344344 0.07226681 0.03692188 0.008559192 0.01114773 0.002931508 0.002503665 0.00201264 0.003640488 0.0007128622 
0.08230662 0.06503432 0.03236457 0.03113338 0.02548486 0.02208183 0.01685558 0.027893 0.02221987 0.01782992 0.02068165 0.0325087 0.04580822 0.0371051 0.04138036 0.1088339 0.09092598 0.1184894 0.1047378 0.09752751 0.070066 0.03218996 0.06663518 0.03734988 0.0392164 0.07004762 0.04218695 0.0383799 0.03403313 0.03025331 0.02391796 0.01992884 0.05122862 0.0178447 0.01681554 0.01536236 0.01712665 0.026827 0.0169978 0.01115254 0.01273725 0.009414319 0.009126008 0.01237129 0.007642057 0.007427187 0.006631366 0.05556879 0.04356702 0.004856911 0.004146002 0.002718954 0.004264114 0.001451428 0.001252546 0.001980783 
0.09396717 0.05994547 0.03259828 0.03631804 0.03393904 0.03578312 0.02492839 0.03578253 0.02747583 0.02815713 0.03814985 0.06562289 0.05719491 0.06607886 0.08307242 0.06446628 0.1104805 0.1166885 0.1335903 0.09501544 0.06798683 0.05453918 0.03794585 0.02599908 0.05890889 0.09733034 0.06978438 0.02251506 0.02630008 0.01092914 0.01279662 0.006371302 0.005054349 0.008006969 0.01209065 0.004749559 0.004865872 0.004925192 0.01753101 0.0179699 0.005630123 0.0043224 0.005455323 0.0209177 0.03621136 0.004393573 0.03750014 0.03633991 0.02381663 0.006627137 0.006260503 0.002219479 0.003058556 0.001213431 0.001161613 0.003448757 
0.1349051 0.08000436 0.04929535 0.04883585 0.05207008 0.04126544 0.02750161 0.01737795 0.02148332 0.02464226 0.03727359 0.05310087 0.08023137 0.0980957 0.09765133 0.09975691 0.1033747 0.0942985 0.08101161 0.06728419 0.04775301 0.03970695 0.0316598 0.04080679 0.09162406 0.1046971 0.1176272 0.03862539 0.0164126 0.009234441 0.006218934 0.00666343 0.005002441 0.004914111 0.01034637 0.004761704 0.004292144 0.0102587 0.02449698 0.00534402 0.005126499 0.00380753 0.005078699 0.0349997 0.01785853 0.003772397 0.01217831 0.1014205 0.04000487 0.009315684 0.02295219 0.02238483 0.009813451 0.001054787 0.001027779 0.0004752845 
0.1121882 0.07657817 0.04528494 0.03249346 0.03998779 0.04533679 0.02748557 0.0181722 0.02715418 0.03042616 0.03548042 0.05796218 0.06125233 0.06933475 0.09556691 0.1327105 0.122349 0.09987851 0.0506632 0.03542547 0.04970435 0.04009297 0.03995189 0.07256494 0.1245438 0.06899946 0.02110531 0.02498053 0.01936464 0.01194334 0.005965014 0.007241745 0.005844292 0.004808363 0.004724999 0.004769339 0.006517617 0.005294774 0.005090212 0.02699554 0.006528194 0.004896116 0.004784821 0.02857689 0.007301241 0.003631579 0.04034809 0.09299589 0.06998663 0.01918272 0.05307525 0.03374688 0.00289911 0.00500463 0.0009717022 0.0004505175 
0.06145161 0.06951957 0.03488598 0.04158665 0.03567458 0.05056737 0.04211343 0.01779543 0.02191429 0.01797236 0.03196592 0.04750913 0.04731073 0.03751421 0.06357013 0.1339868 0.09574194 0.06516355 0.04310498 0.04226181 0.07679053 0.05596256 0.06245587 0.08322101 0.1332164 0.04018708 0.02960211 0.02392806 0.04119428 0.02051476 0.006323241 0.005971202 0.006088374 0.005068879 0.004923427 0.005288614 0.006087083 0.01850525 0.01798825 0.0143555 0.006809493 0.005853143 0.005052526 0.0147708 0.01475713 0.0127839 0.03812311 0.0366208 0.01618462 0.01724626 0.05144558 0.007316983 0.004643934 0.001039652 0.0009952576 0.0004513608 
0.07687096 0.02866129 0.04116119 0.06810439 0.05259806 0.05333431 0.02909081 0.02463115 0.02063423 0.02678817 0.02803845 0.03962947 0.03586133 0.03639063 0.05556976 0.05633472 0.06155157 0.04425727 0.04485378 0.0593814 0.07266644 0.07386303 0.07685491 0.1089515 0.0929817 0.0360643 0.03658682 0.03868039 0.01713331 0.01264458 0.01116359 0.01921533 0.0103324 0.006488382 0.006446854 0.006794888 0.008033092 0.008460857 0.01002001 0.03106608 0.0220169 0.01889953 0.01282558 0.01385068 0.01837177 0.01488345 0.006122004 0.03616858 0.04642562 0.06995416 0.02826404 0.01294587 0.009580109 0.001099862 0.001036433 0.0004146689 
0.07452419 0.02683871 0.01707258 0.03509317 0.04227659 0.03747693 0.03015565 0.02666511 0.02361764 0.02988914 0.02248173 0.01726112 0.02209639 0.03140727 0.05717161 0.05659414 0.04840405 0.02500706 0.03869745 0.0417306 0.08192233 0.08835121 0.1446425 0.1430879 0.05819256 0.05332615 0.029375 0.02015919 0.01776428 0.009629183 0.01346112 0.02015281 0.008773621 0.00714008 0.00689334 0.007438714 0.007854128 0.007845108 0.01309301 0.02677284 0.0209578 0.02071847 0.02236139 0.01974015 0.01952636 0.0124681 0.009683919 0.01508368 0.0404959 0.06216159 0.009860413 0.01466693 0.001325035 0.001145306 0.001060387 0.0004172829 
0.06508064 0.04079838 0.02533871 0.03781452 0.05016692 0.04319498 0.04072819 0.05769732 0.04676794 0.04830887 0.05498514 0.03647849 0.03259518 0.03589039 0.04045923 0.05651743 0.05144748 0.0322201 0.03072424 0.03967008 0.07388036 0.1043978 0.1318333 0.1221617 0.0897809 0.08635045 0.03730971 0.01475648 0.007082367 0.006981838 0.01022567 0.02467011 0.01641338 0.00717341 0.008661161 0.007888404 0.008309246 0.01067358 0.02456324 0.02095944 0.01928798 0.02110894 0.02345943 0.02676816 0.02118098 0.01521863 0.01595145 0.008606821 0.01871728 0.01099044 0.00663813 0.002672223 0.001594452 0.001349827 0.001231179 0.0004738258 
0.05636289 0.03774193 0.02993548 0.03344355 0.02953226 0.04485799 0.04621686 0.06791103 0.07386892 0.06509594 0.05147845 0.03922779 0.03813633 0.0459286 0.0364318 0.04332541 0.09056317 0.0607175 0.04464428 0.04528463 0.05838509 0.08210857 0.06928733 0.0860955 0.09381007 0.0499373 0.031105 0.01812883 0.006714001 0.01295925 0.02613373 0.01640265 0.0109011 0.008610051 0.01561395 0.01734424 0.01814177 0.01145896 0.03555037 0.02176157 0.01990602 0.01788467 0.024105 0.03595463 0.02831516 0.02109825 0.01133858 0.007354401 0.005420446 0.004717596 0.003918685 0.00320597 0.002055693 0.001713315 0.001542942 0.0005815388 
0.05083064 0.02281452 0.01616129 0.02694355 0.02664474 0.05092318 0.05171875 0.06119147 0.05947194 0.06875822 0.06498031 0.04961047 0.04137876 0.06409875 0.06879077 0.05828078 0.06125858 0.05423721 0.03906333 0.04420648 0.06195286 0.07201754 0.05790706 0.08874997 0.07144711 0.04952958 0.03506592 0.02697038 0.05971551 0.05549176 0.01984734 0.01802524 0.007489373 0.01791105 0.02431409 0.02846714 0.1467014 0.03391331 0.03913824 0.02318785 0.02156984 0.01821761 0.02268453 0.04791783 0.04231833 0.03551036 0.03793524 0.03114175 0.01602216 0.005469061 0.013587 0.00276407 0.001061666 0.0008785612 0.0007839924 0 
0.04433065 0.02712903 0.01942233 0.02360114 0.02922685 0.03328286 0.0444595 0.05336366 0.06092014 0.06968051 0.07251987 0.05338586 0.0501034 0.05964524 0.07431636 0.04703154 0.07180377 0.05237269 0.04978881 0.04511685 0.07618206 0.108298 0.07632757 0.07684734 0.08636977 0.06871203 0.03454016 0.01809308 0.05032901 0.04727269 0.02377627 0.0387392 0.01250947 0.02527522 0.03408422 0.01584877 0.02853988 0.03034925 0.04291455 0.019036 0.01956612 0.02461722 0.01539613 0.02518309 0.04215491 0.03198815 0.02203573 0.02076295 0.007404261 0.006426631 0.01123599 0.008368013 0.004345556 0.001018535 0.0009097121 0 
0.08762374 0.0428615 0.03234926 0.0272325 0.03231873 0.03703304 0.03982256 0.05737557 0.07639627 0.08945442 0.08393993 0.06241818 0.0801143 0.07548171 0.08360481 0.05992074 0.08139827 0.05861047 0.05362165 0.0918368 0.07286684 0.07016405 0.06985582 0.0826805 0.05799042 0.04223416 0.04296439 0.03451054 0.0441871 0.04060549 0.05386711 0.0243582 0.01260162 0.02264221 0.02718908 0.0109449 0.009051264 0.02307268 0.03398358 0.01754757 0.02055785 0.03354632 0.01522006 0.02240971 0.05367967 0.048447 0.01435186 0.01280041 0.009450071 0.007357648 0.006395404 0.001813366 0.001490975 0.001147947 0.001137715 4.032258e-005 
0.06281527 0.05146792 0.03495394 0.0336 0.03604643 0.05293271 0.0456969 0.08458574 0.08461075 0.0879839 0.07267072 0.06950933 0.07755559 0.07890801 0.06529003 0.06045706 0.05670319 0.06212854 0.09736072 0.07566016 0.06267732 0.08277266 0.06182515 0.04409271 0.03185591 0.02450274 0.02426405 0.05262571 0.04925898 0.03320981 0.03996594 0.02992437 0.01397063 0.01943486 0.02498665 0.0107362 0.01046279 0.01473945 0.02994317 0.01987066 0.04306917 0.05260723 0.0159646 0.01805741 0.0470143 0.03107501 0.01719624 0.01224373 0.0150027 0.008190432 0.007254073 0.002109029 0.001801942 0.001147947 0.001137715 4.032258e-005 
0.04728267 0.04434288 0.03144193 0.03696245 0.03902555 0.05306596 0.06997248 0.06747096 0.06854973 0.07200061 0.07560419 0.07430161 0.06759457 0.05713865 0.05880754 0.06913882 0.07042764 0.08720298 0.1309657 0.1096429 0.07892784 0.07446533 0.04609243 0.05885081 0.04701893 0.05495189 0.08963236 0.04804209 0.05627705 0.015626 0.02733307 0.02420271 0.02409743 0.01145836 0.02215634 0.02105448 0.01368614 0.01667134 0.03682658 0.04432341 0.069038 0.03968522 0.008140679 0.05579896 0.05361429 0.03452641 0.01358781 0.01845364 0.01973621 0.008930554 0.007945659 0.0103629 0 0.0007258064 0 0 
0.04291929 0.03431705 0.02919405 0.04807295 0.04158954 0.05993204 0.0891894 0.07172989 0.04676411 0.07401601 0.0944898 0.08620632 0.0763607 0.06751803 0.0658931 0.07694026 0.08255225 0.09432907 0.1175544 0.05824804 0.05173722 0.05368043 0.05041176 0.09444229 0.1024873 0.1574595 0.1110069 0.04100808 0.02497894 0.02302228 0.01579908 0.02408538 0.03686688 0.02464763 0.02218686 0.02292767 0.01856975 0.0142431 0.01733258 0.05117466 0.07660239 0.02256618 0.03138034 0.06711685 0.02211207 0.02595059 0.015975 0.01068861 0.01280729 0.01158283 0.009237025 0.0009677419 8.064516e-005 0 0 0 
0.04999529 0.03022064 0.02659563 0.04331136 0.03955027 0.03988542 0.07121339 0.08125605 0.0629001 0.05401852 0.0916551 0.07512255 0.07742983 0.08161411 0.086434 0.0915515 0.1072912 0.09284246 0.1080852 0.05642667 0.0483911 0.05355721 0.03727401 0.1000114 0.1283063 0.1148672 0.08280045 0.06162921 0.04338051 0.03845828 0.02320987 0.01606293 0.03673006 0.03870935 0.03874318 0.03787931 0.03961061 0.02601035 0.01188514 0.01675103 0.03067748 0.0412767 0.04983256 0.0502083 0.06240617 0.03761886 0.01944855 0.01992157 0.01042127 0.01032163 0.02365132 0.0001612903 0 0.0004838709 4.032258e-005 0.0008870967 
0.05499086 0.03560568 0.02731824 0.0363805 0.03658198 0.02504241 0.03551793 0.07880545 0.08098147 0.07546021 0.06431165 0.09305244 0.09991477 0.09937774 0.09479209 0.09225835 0.1159521 0.09509714 0.1012709 0.076689 0.05208007 0.04833833 0.05317048 0.09991127 0.1241633 0.05835259 0.04943998 0.06157927 0.05704601 0.06109827 0.03069306 0.01643165 0.03809642 0.02765729 0.0341993 0.04576341 0.05505737 0.03935965 0.02556328 0.0118578 0.02111374 0.03010482 0.04107064 0.03989049 0.03152994 0.03257143 0.04292234 0.02255286 0.01729691 0.01864521 0.01038227 0 0.0004435483 0 4.032258e-005 0.001854839 
0.0602843 0.04525392 0.0537352 0.08258348 0.04868117 0.02844919 0.0259209 0.0681408 0.0717053 0.08722616 0.07443168 0.06851982 0.1192902 0.1105273 0.08968058 0.08426458 0.1227482 0.1442433 0.09705848 0.06843223 0.1003142 0.125836 0.1518749 0.168485 0.1638542 0.07357471 0.05238436 0.05120873 0.04405529 0.04308377 0.02897896 0.02059059 0.0222219 0.01599309 0.02505175 0.03536919 0.04201083 0.03794713 0.03026656 0.04345464 0.01784992 0.01589492 0.01727294 0.03680682 0.006981362 0.0224517 0.0170478 0.007190575 0.004230332 0.02004478 0.007434836 0.004395161 0.0004435484 0 0.0002016129 0.0002016129 
0.04774882 0.03102162 0.04310399 0.08583713 0.06601363 0.04821925 0.04718094 0.06884462 0.08763281 0.08061133 0.07190754 0.07034957 0.07471906 0.1044629 0.07591002 0.08159824 0.1503083 0.1330247 0.08497383 0.08587623 0.1515132 0.1735459 0.187845 0.2472531 0.2254209 0.1162401 0.109627 0.07445233 0.05149584 0.05283111 0.04928187 0.03090073 0.02281269 0.0298217 0.02416616 0.02674483 0.0322822 0.04105845 0.04062471 0.07045317 0.05225154 0.0191107 0.009810383 0.01912506 0.03478155 0.04434932 0.07094529 0.03563921 0.01671782 0.02607229 0.02110189 0.01403226 0.008104838 0.0003225806 0.0001612903 0 
0.06824367 0.04465311 0.03788282 0.05248797 0.07490983 0.06967724 0.05655262 0.1414344 0.1215363 0.108304 0.1409083 0.1083489 0.08413807 0.07537818 0.07161891 0.09743977 0.1126367 0.100229 0.0841777 0.1292919 0.1791748 0.2145324 0.1882948 0.2261764 0.2325001 0.1332761 0.08135865 0.06057959 0.06829374 0.07954817 0.09766588 0.05445542 0.0370806 0.06162524 0.02250389 0.03616322 0.04102632 0.04976353 0.05149396 0.07919226 0.05224826 0.03893187 0.01371775 0.02119461 0.02223451 0.06292255 0.05697875 0.06617625 0.04309703 0.06088091 0.03210229 0.01048387 0.004919354 0.004314516 0.0003629032 0 
