ncols         56
nrows         54
xllcorner     28.264
yllcorner     -5.7719999999999
cellsize      0.25
NODATA_value  -9999
0.004634526 0.00508579 0.007839589 0.01392579 0.01576274 0.01248263 0.01696894 0.01810457 0.01126428 0.009327994 0.04484003 0.02882308 0.07208137 0.06582221 0.0239028 0.05766854 0.02197531 0.009457268 0.002874084 0.003952968 0.009077441 0.01438075 0.02293954 0.02354204 0.01671131 0.0130666 0.0246774 0.04212279 0.05251976 0.04730415 0.05098494 0.04001049 0.06146428 0.04747597 0.03338282 0.03147636 0.03353179 0.02238086 0.02185795 0.02193345 0.01467041 0.01942298 0.01924953 0.01456451 0.01680457 0.01815549 0.01559686 0.0116329 0.01932965 0.01056784 0.006247109 0.01461952 0.003612919 0.005401737 0.01164554 0.02170814 
0.002725521 0.002614531 0.00488359 0.008643677 0.02305457 0.01149003 0.01298534 0.04157346 0.0111478 0.006613417 0.01689619 0.03552549 0.03010143 0.01535081 0.004195286 0.01117096 0.008915535 0.01694801 0.01102707 0.01237683 0.01181888 0.0126524 0.0159031 0.02502017 0.02672954 0.03512267 0.05674559 0.07282784 0.07855466 0.09150825 0.06377847 0.05241434 0.076167 0.06629923 0.05071957 0.03413785 0.03431318 0.02254183 0.0214166 0.01659298 0.02020493 0.01346802 0.01066782 0.01380777 0.01165536 0.0116758 0.02163871 0.01116714 0.01600415 0.01215498 0.004391465 0.003952435 0.001044974 0.00186203 0.004758444 0.0120653 
0.00795871 0.003472313 0.003671296 0.006795674 0.008742757 0.009162528 0.01019959 0.01037774 0.03127629 0.006893578 0.009945493 0.01809123 0.01055902 0.006369248 0.008046288 0.008607456 0.007582192 0.008055352 0.01501008 0.01055975 0.01429209 0.02128521 0.01666945 0.0309912 0.03523766 0.0624285 0.0830438 0.07270274 0.08006191 0.08593106 0.07492007 0.05181963 0.08950127 0.09908516 0.06160625 0.05489241 0.04542029 0.02238742 0.01044931 0.01077621 0.02636496 0.01436823 0.02443157 0.01448885 0.01275677 0.01275645 0.02109952 0.005572692 0.00313663 0.004457488 0.00244783 0.002198065 0.0001058557 0.001915965 0.002517996 0.001150203 
0.02185402 0.01438231 0.01298463 0.01779751 0.009867723 0.006503498 0.01038471 0.02337335 0.120167 0.009388005 0.00610907 0.01362108 0.01276685 0.01807992 0.01608983 0.01255346 0.009897104 0.01390607 0.02083312 0.01783201 0.05360242 0.02758822 0.01874122 0.05636472 0.08741812 0.08790503 0.1039431 0.07956891 0.07239667 0.08699318 0.08191435 0.05431579 0.06449967 0.06662628 0.03228736 0.03846204 0.02867848 0.01891905 0.01091454 0.01528686 0.01759724 0.01224401 0.01625623 0.01206083 0.02662132 0.02056747 0.04131769 0.007556212 0.00651072 0.001833493 0.0003146842 0.0008964474 0.0007201746 0.0007988175 0.001687433 0 
0.03199903 0.02369445 0.02673441 0.01723953 0.007543699 0.005926934 0.006164604 0.02511389 0.101211 0.01091126 0.006215955 0.008655172 0.007720438 0.01923201 0.01137719 0.009843481 0.02217948 0.01948763 0.0466396 0.01852416 0.0247668 0.02201569 0.01490211 0.04513248 0.04589797 0.06031041 0.08247639 0.06120596 0.06266683 0.05457672 0.06059692 0.06618891 0.06084593 0.07106626 0.03032838 0.02622966 0.02737076 0.006705396 0.01474246 0.02235022 0.02253111 0.02165384 0.02438066 0.01435766 0.01174154 0.008121461 0.01589122 0.004040726 0.002057394 0.0009881707 0.0008155139 0.0008594001 0.0003135967 0 0 0 
0.05129367 0.04458649 0.03936602 0.02052569 0.01100115 0.01398301 0.01258591 0.008541708 0.0118941 0.02537501 0.009415346 0.007501302 0.01634041 0.04666724 0.01008448 0.01530908 0.03528684 0.03516885 0.03677384 0.03768785 0.02877809 0.03604677 0.05964429 0.04410929 0.08711436 0.0790103 0.04374864 0.05240423 0.06118051 0.0557702 0.0626081 0.08482534 0.08883655 0.05527836 0.02571996 0.01199112 0.01621608 0.01265264 0.0122108 0.02163916 0.01413198 0.009415902 0.004593142 0.008028598 0.03245721 0.03224842 0.02194271 0.006798407 0.002958203 0.001289454 0.0002066696 0 7.729707e-005 0 0 0 
0.08338357 0.08491346 0.06401329 0.02869792 0.01783043 0.03118978 0.02548651 0.008703083 0.01909893 0.112846 0.01546061 0.01118191 0.01165514 0.02038532 0.0196363 0.02680109 0.05272982 0.03968634 0.09041607 0.03828911 0.04826171 0.04984019 0.09784415 0.06148634 0.119688 0.06732301 0.05276624 0.06241787 0.07230626 0.06849552 0.04477369 0.05950578 0.05028358 0.04859693 0.01822147 0.01494239 0.01838642 0.01415301 0.02657993 0.01969956 0.01343097 0.008873151 0.009931098 0.01286528 0.0159664 0.04368027 0.02520932 0.001941423 0.000901423 0.0004322667 0.0006337796 2.51519e-005 0.001712203 0.003142201 0 0 
0.1116099 0.0992303 0.1012078 0.05756292 0.02401526 0.00849802 0.009159414 0.00824545 0.006533058 0.03009811 0.01454055 0.03074831 0.03114025 0.04631687 0.05923627 0.04724712 0.051507 0.06521872 0.07442334 0.08041678 0.07974233 0.06222806 0.1313211 0.07721149 0.08289041 0.07075985 0.0527852 0.04688403 0.02884992 0.0516431 0.03925197 0.02766969 0.02263196 0.04203699 0.03051179 0.02756583 0.01520412 0.02673801 0.01724698 0.01839312 0.01267408 0.01337763 0.01294179 0.02970359 0.02469155 0.03534522 0.02106992 0.003994978 0.0006375487 0.001340714 0.0001237548 0.006519462 0.0009086372 0.0004485048 0.004461884 0 
0.1774881 0.2094986 0.2097064 0.1069817 0.06406237 0.02249969 0.007224721 0.01562667 0.02672352 0.02529457 0.1009687 0.04814012 0.05869627 0.1051439 0.06675013 0.06215285 0.04882558 0.07433511 0.08195302 0.07376653 0.05569214 0.04745689 0.04099167 0.04182609 0.04206647 0.0362432 0.02059787 0.02255457 0.01864477 0.02168805 0.02585719 0.03165998 0.02228125 0.02956299 0.02991151 0.03910726 0.01935846 0.01543117 0.01980732 0.02067277 0.02580311 0.02358291 0.02109437 0.04042347 0.04215152 0.01906494 0.002181525 0.00109145 0 0 0.0002512989 0.007710062 0.0004159095 0.000103318 0.0001894948 0 
0.205522 0.2846293 0.3263325 0.1515329 0.0771663 0.03864192 0.02180078 0.01480803 0.04628937 0.02855304 0.06917846 0.07537359 0.077309 0.1481506 0.06111672 0.06184004 0.05579723 0.08881826 0.09117586 0.0522352 0.04306031 0.01969075 0.0213239 0.03417087 0.03515913 0.05244898 0.02328159 0.02793184 0.02658643 0.02581043 0.02141315 0.02297598 0.01998709 0.02388978 0.02736601 0.02206264 0.02180323 0.01860168 0.01834387 0.03182396 0.02582825 0.029202 0.01933369 0.04538137 0.04669067 0.006153283 0.003323648 0.003917053 0.006402708 0.002394161 0 0.000695507 0.0005773621 0 0.01108432 0 
0.1839395 0.2370215 0.2563193 0.1421872 0.07354558 0.05310046 0.02879163 0.03593174 0.05951981 0.04663027 0.08685376 0.04832126 0.111462 0.06626726 0.04390985 0.03656589 0.03227912 0.06147099 0.07527874 0.05749831 0.04364252 0.02764782 0.02429069 0.03237037 0.02329791 0.02229065 0.03216628 0.02473034 0.01960966 0.02074131 0.01525527 0.0160769 0.02288244 0.03211967 0.02248589 0.02131953 0.03322102 0.02102307 0.01789938 0.01598954 0.01462996 0.02267548 0.02281622 0.02546379 0.0306193 0.01469005 0.006805595 0.01839591 0.03497908 0 0.0003901611 0.0006846318 0 0 0 0.0002313563 
0.1198177 0.1259716 0.09612164 0.06394988 0.04331376 0.05384552 0.03567929 0.03640517 0.04682638 0.04684119 0.03519332 0.05910705 0.07319826 0.05368015 0.04981391 0.0603491 0.04987477 0.06519873 0.08240061 0.07393616 0.04927285 0.06505937 0.07732268 0.1096743 0.1149753 0.07519095 0.07444111 0.03369007 0.02564801 0.03200681 0.03400491 0.03227947 0.02188814 0.02386712 0.02560124 0.02869395 0.03682787 0.02679025 0.0272764 0.01617631 0.01339883 0.01788909 0.01152617 0.01691118 0.04152446 0.01506396 0.004814891 0.02284533 0.004869867 0.002886624 0.001581809 0.001021123 0.0009276027 0.0008432074 0.0008001226 0.0007149004 
0.136362 0.156467 0.09655741 0.04808151 0.03697465 0.06164493 0.06761369 0.06397479 0.05638883 0.05349711 0.03716387 0.0914188 0.07505408 0.05553252 0.05705238 0.06008078 0.07922664 0.06965163 0.1067545 0.06219625 0.08416669 0.1012462 0.1003679 0.09672539 0.111747 0.1118148 0.09072846 0.05382429 0.05019937 0.1106076 0.06969161 0.03448997 0.04506358 0.04908415 0.04016694 0.03204742 0.07317437 0.0416888 0.02004898 0.02101969 0.01838147 0.01047408 0.01317237 0.01921486 0.01201172 0.02281645 0.03846559 0.03367608 0.03173824 0.0537477 0.01606222 0.0007168525 0.0007150561 0.0007143323 0.0007134231 0.0007150251 
0.1250754 0.2109531 0.1365511 0.1031445 0.06120182 0.06379736 0.07498282 0.06610501 0.09858111 0.08666497 0.08930031 0.09006335 0.06346405 0.07357402 0.06021517 0.07960368 0.08997108 0.09101054 0.08708388 0.07109231 0.09371777 0.105662 0.08381613 0.1189369 0.1196094 0.1396757 0.07483551 0.0770043 0.05960868 0.07513386 0.04459469 0.02040091 0.03738834 0.05145159 0.03506988 0.01931646 0.0417323 0.05510519 0.01694946 0.02958175 0.02596943 0.008569368 0.01533365 0.01609151 0.01493985 0.04062578 0.02779252 0.02296792 0.0007297868 0.004274286 0.0007203749 0.0007144776 0.0007104524 0.0007132897 0.0007141143 0.0007138827 
0.1262747 0.1666037 0.1184378 0.1205789 0.1210445 0.09610321 0.04914294 0.06891753 0.1353966 0.1506492 0.1339645 0.09832303 0.08236495 0.08129884 0.09455511 0.1266338 0.09496566 0.1065444 0.1094484 0.1368506 0.04087962 0.05962687 0.08591826 0.1868961 0.1132753 0.09615764 0.04728303 0.06824969 0.03865962 0.03515021 0.02539533 0.02546185 0.03417999 0.02658433 0.02015816 0.04305488 0.02637758 0.02891038 0.02252282 0.03144675 0.03480899 0.01965119 0.0245292 0.06285704 0.02501362 0.01634487 0.02587481 0.01600686 0.0007310533 0.0008430215 0.0007216603 0.001543931 0.001076981 0.0007115796 0.0007120515 0.0007150313 
0.1141869 0.1997162 0.2014635 0.2085825 0.2023675 0.1504419 0.05969216 0.0790706 0.1140287 0.2672628 0.2095677 0.1118556 0.08839048 0.09411536 0.09004172 0.08109544 0.1047286 0.09177992 0.07652989 0.1326212 0.04280837 0.0436105 0.06310729 0.1242871 0.1052643 0.09125554 0.03986385 0.02067729 0.01698134 0.01527168 0.01885255 0.008790444 0.01600651 0.008869012 0.01434795 0.02382055 0.0167395 0.01725252 0.01632658 0.03778715 0.01647502 0.01554089 0.02364066 0.06152896 0.04817622 0.02180069 0.02173343 0.01286737 0.001437119 0.001376368 0.001363951 0.004561489 0.001096898 0.0007097655 0.007435563 0.000713025 
0.1450628 0.1193382 0.1972819 0.3705251 0.3220175 0.2051958 0.06470887 0.0854285 0.1782998 0.2587361 0.114282 0.1585865 0.2171544 0.1498965 0.1344625 0.08468429 0.07778367 0.04482608 0.05406718 0.05739718 0.08744169 0.05728891 0.06769975 0.06766385 0.09541361 0.1011846 0.04599188 0.01531751 0.004094036 0.002841278 0.009215184 0.01581771 0.00889507 0.008061242 0.007662295 0.00673022 0.01264165 0.01767218 0.01411794 0.03718952 0.02978942 0.01437244 0.02507269 0.02449541 0.09312496 0.03144312 0.01002501 0.01151941 0.001503594 0.009618058 0.001414998 0.01434751 0.01765944 0.001081262 0.01140743 0.005587796 
0.07930952 0.05842551 0.1471024 0.4332793 0.2330657 0.1666555 0.0886621 0.08167812 0.1234017 0.1607725 0.1441451 0.1464203 0.2420194 0.1448769 0.1007944 0.09821749 0.1410774 0.0350808 0.02731387 0.04673007 0.07405467 0.0622412 0.05902736 0.06648805 0.0512807 0.04080552 0.02980389 0.01133315 0.004283015 0.005373803 0.007240363 0.01119566 0.01849059 0.01377408 0.01155798 0.01100716 0.03612012 0.01780848 0.01495174 0.05108257 0.06062264 0.02933762 0.03649002 0.04170578 0.04195124 0.02850352 0.001371339 0.00139282 0.002161578 0.002836356 0.004905367 0.01196041 0.001414022 0.001743572 0.002128161 0.01017978 
0.1668575 0.09619315 0.1347349 0.1829335 0.2005457 0.1491655 0.09274521 0.1033598 0.1445637 0.1167029 0.1219686 0.1495038 0.2216534 0.2262429 0.1918151 0.100433 0.08736613 0.06736697 0.05500166 0.07229106 0.08272213 0.07411316 0.03405868 0.04783182 0.06143132 0.09179728 0.03684132 0.01844542 0.01252015 0.005988703 0.005276257 0.007839441 0.01410596 0.0128998 0.01520524 0.01473506 0.010155 0.01882794 0.02606926 0.05103407 0.05180627 0.03917925 0.01471462 0.01844137 0.009395653 0.01886407 0.001397069 0.002196848 0.01394845 0.001374696 0.001358418 0.01702494 0.003137766 0.00434329 0.009425198 0.0286104 
0.2552973 0.2299979 0.1785281 0.169264 0.1327178 0.1630939 0.1350147 0.1078514 0.1542393 0.1994854 0.1519333 0.1381717 0.2636638 0.1674814 0.1754464 0.1267199 0.05823606 0.1084646 0.1259853 0.08528344 0.06247308 0.04036031 0.04337819 0.02443356 0.02587065 0.0322101 0.008769622 0.006942641 0.006750139 0.008480506 0.009322196 0.006836664 0.013819 0.01876887 0.009497125 0.01264891 0.01382226 0.01968418 0.02747315 0.04497153 0.03950447 0.03038887 0.005864343 0.01387522 0.01498834 0.008666316 0.004881009 0.005105648 0.005149412 0.004942155 0.004890046 0.008922501 0.01321428 0.02630972 0.01700767 0.03179245 
0.348067 0.2588857 0.2401726 0.1653999 0.1864094 0.1787624 0.1530864 0.1743241 0.2208019 0.1963191 0.1494137 0.1114412 0.1066453 0.1037838 0.08293686 0.1415292 0.058555 0.09085692 0.1162683 0.1455852 0.06791399 0.05510166 0.05001164 0.05552979 0.0750462 0.04210192 0.0174813 0.00607305 0.005343516 0.006983221 0.004702035 0.00550235 0.007497263 0.02476019 0.02913455 0.03293166 0.01905021 0.01537696 0.01736753 0.04635267 0.02991023 0.0244594 0.007454935 0.01592828 0.005047217 0.007179284 0.004389348 0.005082296 0.004952983 0.005220757 0.005043768 0.02867882 0.02830316 0.02964812 0.03922392 0.03491019 
0.2896915 0.2460769 0.2373412 0.1670075 0.1159886 0.2009174 0.2204266 0.1503854 0.1715353 0.1381353 0.08655337 0.09723208 0.09206017 0.09229003 0.05506285 0.1241539 0.106621 0.1544059 0.133084 0.1734235 0.1323219 0.07924889 0.09867537 0.05585903 0.1214228 0.0360711 0.02708536 0.02405571 0.0352841 0.008331652 0.00982936 0.009698035 0.008214024 0.02458529 0.02605195 0.0593933 0.05027213 0.02084725 0.01581748 0.04797617 0.03955197 0.02272193 0.01093842 0.007502298 0.005613817 0.01018247 0.00442549 0.005329566 0.005889507 0.006067537 0.02331406 0.05371857 0.03444348 0.03984596 0.05736941 0.08828306 
0.1867798 0.2220104 0.1815601 0.2247314 0.1667402 0.2377273 0.3531227 0.20308 0.1854122 0.07841827 0.03056781 0.07207925 0.1006393 0.1138447 0.07437371 0.09613933 0.1589373 0.1655952 0.1415575 0.1548463 0.232843 0.1707216 0.08144178 0.1046859 0.05424602 0.04972444 0.01795212 0.0203853 0.01617793 0.008760051 0.011488 0.01080616 0.007961997 0.01148242 0.02104231 0.0246683 0.01661017 0.04005646 0.04530194 0.03145488 0.0331477 0.01885444 0.009960422 0.009589386 0.006656847 0.006232897 0.005453744 0.006853537 0.01878641 0.006734542 0.007679914 0.02578054 0.02023495 0.02855167 0.05808866 0.07713655 
0.2381063 0.4410042 0.2350923 0.1830678 0.2321549 0.2570207 0.3171724 0.2883976 0.1140671 0.08378875 0.0672003 0.1157413 0.199658 0.1187247 0.08941841 0.1131322 0.1294151 0.1146618 0.1266057 0.1539265 0.1903203 0.1441274 0.1059711 0.1307631 0.05753407 0.04015588 0.02617534 0.02146053 0.02758122 0.01470506 0.01738453 0.01208219 0.01115436 0.0334334 0.03203109 0.05544075 0.03318839 0.06357393 0.05790239 0.04264477 0.0358697 0.03233767 0.03622943 0.02646882 0.007058592 0.005071955 0.005249391 0.01008217 0.009779882 0.01024631 0.007189369 0.02429618 0.02483772 0.01696047 0.1045356 0.06785681 
0.2284768 0.2533129 0.3821307 0.2190267 0.1792943 0.1811196 0.2763481 0.1692997 0.1200749 0.1006851 0.08990065 0.1249793 0.1370592 0.1268699 0.07177842 0.07947931 0.1263864 0.1619946 0.1424532 0.11976 0.1894071 0.1159082 0.1270841 0.1504199 0.06593177 0.04057545 0.04369632 0.03623987 0.03648146 0.03186717 0.02536777 0.02922242 0.01846559 0.0202237 0.01943914 0.04460781 0.04834941 0.05562955 0.0371626 0.03580393 0.03707955 0.03178583 0.04241438 0.02386921 0.008340104 0.005981819 0.006063817 0.008352037 0.01450418 0.009566616 0.01422632 0.0181622 0.02773781 0.0305185 0.09095102 0.07865888 
0.1764818 0.3019885 0.2718641 0.2544975 0.2097682 0.1238603 0.1966583 0.142362 0.11986 0.05585513 0.1117537 0.1533964 0.1210663 0.1231034 0.1074044 0.104138 0.1516307 0.2270381 0.2001499 0.1478924 0.1363917 0.1135702 0.09106516 0.1332347 0.08651021 0.07959657 0.05355915 0.06027498 0.05308765 0.07987288 0.03252182 0.0308688 0.02487109 0.02330946 0.03256771 0.04389735 0.05775251 0.04625224 0.0443407 0.03666233 0.04249202 0.02364623 0.01890501 0.01797957 0.02253329 0.02349768 0.03882002 0.02478704 0.008362366 0.008707184 0.03330722 0.0617205 0.0248327 0.04975899 0.05805026 0.007130023 
0.2804762 0.3263463 0.3447757 0.3038986 0.2393988 0.1931252 0.2371798 0.1632203 0.1051808 0.1029703 0.2633403 0.2205293 0.08237483 0.06483739 0.1362044 0.2027874 0.2440078 0.1818269 0.1735023 0.12739 0.1144873 0.1141877 0.1295758 0.09942973 0.1086425 0.09362736 0.05793605 0.07180402 0.09077032 0.06023196 0.04185313 0.08090451 0.0339836 0.025651 0.03225355 0.04673392 0.0616156 0.04509152 0.04216625 0.03336163 0.03406729 0.04188192 0.02157474 0.02362876 0.04148833 0.02808093 0.04471754 0.07621032 0.04693457 0.02356523 0.0876967 0.1345747 0.04868608 0.006650037 0.06168041 0.0343781 
0.3170012 0.3256177 0.2838784 0.2251138 0.2005375 0.212287 0.1824542 0.1668912 0.2028479 0.121597 0.2318821 0.1782469 0.1308528 0.09011823 0.1195246 0.1818753 0.2085928 0.189074 0.1692658 0.1932986 0.2011996 0.1654653 0.1827065 0.1187902 0.1217796 0.09227917 0.0732731 0.08609893 0.0691967 0.04974151 0.04736105 0.04876726 0.03578446 0.04558107 0.05821824 0.1068725 0.1146907 0.1184646 0.1108846 0.07906307 0.07137267 0.08494351 0.0767896 0.03620805 0.05744465 0.04162611 0.05673791 0.08700815 0.05688334 0.04826266 0.04470639 0.03711097 0.04538237 0.006340541 0.00278145 0.005831251 
0.3637778 0.3369205 0.4178767 0.2641938 0.1746864 0.1358084 0.1335417 0.1521867 0.1059894 0.06725989 0.1014742 0.165023 0.1868212 0.1130364 0.1047612 0.1218907 0.1373936 0.1313428 0.1450074 0.1342039 0.1457976 0.1454218 0.1384994 0.1373519 0.1249084 0.1378787 0.1347344 0.09206042 0.06663312 0.06636513 0.05461336 0.07904038 0.03336037 0.04028119 0.05609384 0.09573508 0.128852 0.1232485 0.1131424 0.09534728 0.09417827 0.1030442 0.06155723 0.04000343 0.06008843 0.07199359 0.07919084 0.05099085 0.04259031 0.026281 0.006942207 0.008007977 0.01245017 0.007528062 0.01508898 0.00132767 
0.2479642 0.2238768 0.3071284 0.2444714 0.2151597 0.09156596 0.1331905 0.09124219 0.08198798 0.07201495 0.09402484 0.1115736 0.1538932 0.1343096 0.1533431 0.1697358 0.1460871 0.1457441 0.1183112 0.1088178 0.1111073 0.09728511 0.09691653 0.1701643 0.1492359 0.1234353 0.0966471 0.07860493 0.05982886 0.05406823 0.04930089 0.03477554 0.03260593 0.04055461 0.05735477 0.0976541 0.1468187 0.164649 0.1754574 0.1436089 0.09068599 0.1045189 0.09711685 0.02731961 0.01733774 0.02452577 0.03645675 0.02782523 0.03350768 0.024596 0.005276645 0.004624267 0.009666741 0.006726119 0.01104049 0.001933124 
0.1877112 0.2186974 0.2028623 0.1494451 0.07284129 0.06898331 0.1371739 0.08017901 0.0699254 0.06400055 0.04490675 0.07280365 0.1212795 0.1102304 0.1265885 0.1503271 0.217422 0.2390876 0.279323 0.3615042 0.3287624 0.2166158 0.112913 0.1451509 0.1494095 0.1112521 0.1199682 0.09240154 0.06853178 0.0531754 0.0446557 0.03615056 0.03774693 0.05220007 0.070405 0.09485185 0.1514085 0.1634807 0.1653842 0.1240877 0.1214808 0.08992672 0.07096333 0.01643959 0.009882062 0.0124966 0.01935336 0.02574833 0.03457678 0.009607607 0.005663662 0.005294245 0.005437444 0.004285966 0.01655167 0.005244515 
0.2154045 0.2710839 0.2966202 0.1509788 0.06720459 0.04300834 0.04424734 0.1182435 0.07431012 0.08186632 0.1066052 0.1740692 0.1762481 0.1961736 0.2683594 0.2749506 0.2454749 0.3202638 0.4422687 0.4628279 0.3367786 0.2655901 0.1772585 0.1559432 0.1580257 0.1308891 0.09892479 0.09705648 0.0956558 0.07271907 0.05755171 0.03362604 0.0256733 0.03799352 0.07255071 0.1158694 0.1634561 0.1450628 0.1347129 0.09076999 0.1079199 0.1057439 0.06602991 0.009149047 0.01678989 0.02329789 0.01457877 0.003959679 0.02400082 0.02041559 0.004132473 0.004028558 0.004452865 0.02557064 0.001385981 0.0009343245 
0.1975346 0.1889743 0.08469012 0.07093241 0.05222009 0.05141026 0.04795448 0.0809895 0.08146565 0.0956933 0.1166187 0.1828676 0.1861116 0.2438637 0.2691467 0.2738339 0.3306557 0.3978326 0.4283235 0.3618189 0.3159113 0.2078482 0.1598995 0.1517998 0.1797809 0.1540323 0.1237191 0.1201635 0.1109957 0.07103543 0.04966558 0.03572351 0.0263085 0.04963737 0.07640562 0.1256963 0.1307788 0.1344539 0.1027704 0.05372561 0.05195765 0.06052278 0.0344623 0.01365892 0.02210354 0.00937681 0.008597823 0.004318612 0.09441269 0.03972984 0.003137556 0.02864071 0.01779215 0.003529767 0.003519737 0.0007226556 
0.3790858 0.1887565 0.08885352 0.05847833 0.03865506 0.08721949 0.08951073 0.0983963 0.117143 0.104907 0.1040239 0.1833205 0.2199124 0.2419866 0.2788802 0.3506371 0.4157818 0.3410367 0.3798513 0.3155274 0.245116 0.1640909 0.1355691 0.176473 0.1752729 0.17691 0.220003 0.2045953 0.1426114 0.0965 0.05072283 0.03643041 0.04468243 0.04102174 0.04804446 0.1078425 0.1179835 0.1141115 0.105028 0.08421409 0.04835792 0.04197858 0.0343706 0.007750926 0.0116425 0.02358366 0.002902818 0.02145285 0.04571479 0.04309519 0.02192322 0.004086773 0.01947407 0.0007595104 0.0005994785 0.0006503539 
0.2398456 0.1875106 0.115818 0.07921502 0.08756888 0.09110966 0.07642895 0.1045263 0.06848662 0.08920794 0.1345275 0.2024023 0.2416953 0.284368 0.3913019 0.4028551 0.4054541 0.3667879 0.2924266 0.2607422 0.193129 0.1550418 0.1321578 0.129737 0.1543605 0.2194917 0.2063656 0.2039843 0.1357311 0.08512272 0.06582074 0.04161705 0.09480329 0.0423027 0.04735622 0.08825766 0.09472924 0.08745421 0.1024318 0.08137343 0.07436847 0.04752734 0.03646854 0.007274632 0.02691139 0.0327769 0.00469846 0.04124538 0.0420536 0.04151348 0.02134852 0.005130601 0.001846088 0.0005735009 0.0005931373 0.003871655 
0.2225177 0.2610689 0.1887227 0.2360681 0.1379389 0.1660286 0.08460153 0.1124135 0.1058899 0.1662985 0.2081979 0.2151387 0.282054 0.3292899 0.417298 0.3731226 0.3451306 0.363911 0.2506763 0.1818201 0.1565942 0.1001839 0.1163293 0.1233371 0.1866492 0.1551821 0.1637033 0.1660558 0.1013593 0.05617409 0.05223377 0.05742369 0.05227355 0.06260724 0.0640723 0.0859122 0.07402532 0.04871431 0.05604244 0.06535137 0.03690326 0.03014015 0.04101947 0.01204469 0.005690642 0.002816853 0.003142332 0.03076825 0.004291643 0.02004011 0.01335405 0.01429874 0.007646646 0.001528334 0.001563696 0.0006349872 
0.3014305 0.2631018 0.142505 0.2107809 0.188879 0.1483621 0.1100722 0.1642437 0.08868487 0.1348714 0.1668731 0.2077219 0.281691 0.2947446 0.3896138 0.338784 0.3770487 0.353565 0.2294278 0.1096172 0.1064666 0.06394713 0.07224566 0.1250302 0.2102131 0.1476431 0.1517567 0.1810351 0.09878491 0.04318181 0.03292026 0.05312002 0.04804281 0.05365251 0.09168974 0.09102688 0.09400761 0.09042568 0.05385684 0.04123249 0.02610136 0.03393551 0.02608485 0.002418483 0.002363303 0.005952117 0.009249779 0.004236072 0.004691061 0.02216301 0.02507718 0.004513986 0.003279344 0.008599269 0.001585496 0.000620964 
0.4163283 0.2501349 0.1198584 0.09576643 0.1168625 0.1487344 0.1450136 0.1202358 0.09958621 0.1051779 0.1778238 0.2332619 0.2926897 0.3016584 0.3450599 0.2771049 0.3156406 0.321828 0.1968033 0.105063 0.07749303 0.07924405 0.09503747 0.1201844 0.1333465 0.1198259 0.1086372 0.1742127 0.08727636 0.04903854 0.03845154 0.03502232 0.05011911 0.07028075 0.05355145 0.08996084 0.08163774 0.08406101 0.0897704 0.02979033 0.02757423 0.02379299 0.02140689 0.01147859 0.009416625 0.008302614 0.003237563 0.004330911 0.01729671 0.0342529 0.03156134 0.02404831 0.01519617 0.002475849 0.001550951 0.0006514773 
0.4267577 0.2168334 0.1407515 0.1459408 0.1292091 0.1540738 0.1771604 0.1533434 0.1432229 0.1618032 0.1736265 0.2031062 0.2375222 0.268517 0.2771279 0.2467693 0.3106786 0.2862884 0.2136514 0.1326575 0.1514228 0.1143836 0.09963656 0.1741985 0.1029632 0.1017236 0.1519304 0.1172472 0.08019975 0.07053017 0.05738936 0.03467115 0.03810913 0.04732134 0.04484283 0.09131027 0.08441444 0.05793822 0.05067281 0.02713833 0.017913 0.0201605 0.02180814 0.02176445 0.02366456 0.0320259 0.01014257 0.01228905 0.01552523 0.07449102 0.01420296 0.005351109 0.0103033 0.003088099 0.001590047 0.0006280348 
0.3546478 0.2332087 0.1527543 0.1825138 0.2037933 0.2369947 0.1654816 0.1613039 0.1739042 0.1862059 0.1344582 0.1335075 0.1606089 0.1833034 0.1667658 0.1866248 0.165137 0.2177973 0.1607817 0.1121684 0.1118163 0.1077676 0.09520274 0.151313 0.1015856 0.1376291 0.1621519 0.1197875 0.06179466 0.06867976 0.05787651 0.05440084 0.03052692 0.03085435 0.02593739 0.04236669 0.04988133 0.05463118 0.04339973 0.03855647 0.02284874 0.024476 0.03245787 0.02585532 0.01135487 0.03370419 0.00736522 0.006717367 0.06230313 0.01686366 0.005278832 0.005250804 0.009222698 0.001662224 0.001645674 0.0006900937 
0.3873045 0.2619098 0.2566519 0.2376738 0.2442929 0.1994715 0.1519195 0.1772777 0.2037786 0.1523019 0.1330417 0.144566 0.174273 0.1515762 0.1479479 0.1232821 0.1171755 0.1243874 0.1472223 0.1269631 0.09774033 0.08088287 0.07666254 0.1498441 0.08116683 0.1437285 0.1967733 0.07761586 0.05502272 0.06882607 0.06025133 0.04668307 0.0473251 0.07020225 0.03826858 0.02968692 0.04005224 0.02596396 0.02261697 0.02245058 0.02700782 0.02917598 0.03195533 0.02299618 0.002713108 0.02804442 0.01266864 0.0406469 0.01078541 0.004552501 0.01024878 0.007928627 0.001726661 0.001710729 0.001684726 0.0006717506 
0.317175 0.2991044 0.2911802 0.4167596 0.2575488 0.2021314 0.1207269 0.1654774 0.1934768 0.1644092 0.1529435 0.160914 0.1674261 0.1594454 0.1752786 0.13897 0.1263327 0.1581153 0.2030602 0.1648459 0.1300821 0.1003298 0.1618216 0.2539049 0.1826282 0.09614627 0.08729842 0.07673003 0.04970947 0.04680029 0.03710816 0.05685866 0.04486163 0.04557265 0.02727263 0.0225697 0.02027515 0.0240359 0.0258393 0.01760002 0.03029007 0.02858579 0.04301937 0.03400475 0.004245359 0.01286508 0.01255569 0.003543322 0.003155315 0.00928897 0.007583456 0.001788231 0.001767582 0.001746494 0.001716445 0.0006812785 
0.232449 0.1673622 0.1586184 0.3038284 0.3005819 0.1972203 0.1727499 0.2299892 0.1631361 0.1593831 0.2243074 0.2422039 0.201887 0.1484591 0.2012423 0.2044553 0.1997365 0.1946939 0.2507156 0.249006 0.2010911 0.1656459 0.2104324 0.1918851 0.094382 0.08507122 0.1015881 0.1175246 0.07626542 0.05958971 0.03968281 0.04574466 0.05685814 0.02880198 0.02230956 0.02846926 0.04250538 0.01773332 0.0148043 0.02497526 0.02621633 0.02883846 0.0588104 0.0356303 0.003226498 0.01385318 0.003333735 0.002400205 0.00262495 0.003036447 0.003319657 0.001824498 0.001790899 0.001766933 0.00173824 0.0006920003 
0.1635534 0.1201619 0.1055376 0.1088127 0.173615 0.230472 0.1631596 0.1698266 0.172734 0.2225694 0.1974139 0.184277 0.16956 0.1701069 0.1983744 0.1694952 0.1430307 0.2149176 0.2385963 0.2693886 0.3086749 0.3546755 0.3680949 0.3503616 0.1749572 0.1442593 0.1398453 0.1256719 0.1221648 0.06258079 0.03906682 0.02253397 0.04183075 0.03186903 0.04635418 0.03629211 0.1666431 0.07381622 0.02342157 0.03183973 0.04475026 0.0250752 0.04883647 0.0497857 0.006673228 0.0152474 0.007123902 0.001722602 0.001833031 0.0019699 0.001674653 0.0009553813 0.001543027 0.003097516 0.002314643 0 
0.2822241 0.1787388 0.08655004 0.07180962 0.1282479 0.2098848 0.152829 0.2269695 0.2383933 0.21299 0.2357648 0.1762692 0.1635484 0.1632789 0.2014501 0.2309825 0.1718565 0.1537229 0.2266179 0.2742848 0.3279919 0.3316142 0.3699886 0.30524 0.2238234 0.1831395 0.1039243 0.05719072 0.05143829 0.02693667 0.03212592 0.0409571 0.0521298 0.06716853 0.05773313 0.01935937 0.02773328 0.01626238 0.01439069 0.05620296 0.07485954 0.05217459 0.07411375 0.07401456 0.05471665 0.008695616 0.003619984 0.007269021 0.001892436 0.002593725 0.00270709 0.001865402 0.001079435 0.001824339 0.001779887 0.001048387 
0.2590316 0.1430902 0.1155895 0.1182658 0.1030327 0.2075248 0.1974662 0.1985175 0.1622737 0.2080022 0.1888903 0.1283243 0.1230434 0.1399947 0.1908112 0.2273795 0.2398888 0.197513 0.1761209 0.3296407 0.3171797 0.2513825 0.2243805 0.203581 0.1513021 0.08050293 0.05062816 0.0525952 0.02681466 0.02674089 0.02886137 0.07088292 0.04557668 0.03893242 0.09352503 0.02493535 0.0144769 0.01968132 0.01516268 0.0278906 0.07914796 0.09078671 0.07176277 0.06099061 0.0818438 0.0221381 0.002489063 0.003640555 0.003786835 0.003128007 0.004623145 0.003776782 0.001998436 0.001229265 0.0008483396 0 
0.2068651 0.17331 0.1383887 0.1100595 0.07517529 0.1327551 0.1702979 0.2043274 0.1586329 0.2188219 0.1495752 0.1188765 0.1321612 0.1527282 0.16142 0.1472692 0.2026641 0.2320193 0.2544873 0.336681 0.3137384 0.2891551 0.2784716 0.2232254 0.07812468 0.06009066 0.06759422 0.1262188 0.04958753 0.06455933 0.0271238 0.03186721 0.05831984 0.03998504 0.03733598 0.02938137 0.02679799 0.03332415 0.0248163 0.02673758 0.01597472 0.04302166 0.04386106 0.03037933 0.01804311 0.02135724 0.006322433 0.005905512 0.003725442 0.00424784 0.003874619 0.001462475 0.001297969 0.0008501199 0.0008501199 0 
0.1521648 0.2377075 0.1967169 0.1019293 0.08389914 0.1431678 0.1716249 0.1549738 0.1008266 0.1343183 0.1502655 0.1426806 0.1679194 0.1728314 0.1740503 0.1957168 0.2174729 0.2622974 0.2855119 0.3172514 0.3079192 0.2783961 0.2364337 0.2354154 0.1210954 0.1241742 0.1998809 0.1810593 0.05837445 0.1042915 0.04485116 0.0860879 0.07040223 0.05022341 0.03440319 0.03859277 0.03933536 0.02731844 0.01389724 0.02405456 0.01918933 0.02895557 0.02525491 0.0154365 0.01006756 0.005698925 0.006779024 0.006127149 0.004719285 0.004674805 0.003875749 0 0 0 0 4.032258e-005 
0.1332191 0.1498291 0.1779122 0.1694956 0.1019303 0.1824322 0.2761326 0.2291551 0.1513625 0.1299042 0.1879383 0.1492434 0.1685592 0.2076726 0.2143599 0.237922 0.2738701 0.2992081 0.3287201 0.3076857 0.3146829 0.3158795 0.2982887 0.3031648 0.2889059 0.1908153 0.2905541 0.2387588 0.1192668 0.04807859 0.04991001 0.09448849 0.07009114 0.04207987 0.04750901 0.05232551 0.04926901 0.03581122 0.03027167 0.01708793 0.03005828 0.03311623 0.0244976 0.01792466 0.01591576 0.009410556 0.01481385 0.007258008 0.005802717 0.005589002 0.004951253 0 0 0 0 0 
0.1617127 0.1501138 0.1842734 0.119877 0.08689988 0.1200248 0.1663674 0.2176943 0.2322277 0.1729936 0.1636756 0.1839989 0.1571509 0.1711995 0.2397795 0.2358571 0.2861011 0.3107502 0.3518042 0.3711501 0.360193 0.3655299 0.3291686 0.2995081 0.3651871 0.2952907 0.2120806 0.1794 0.1062261 0.09972287 0.09515935 0.07416771 0.08342222 0.08398905 0.06190741 0.05552598 0.05866438 0.05416737 0.03699813 0.02473016 0.0399859 0.031245 0.02785707 0.01731496 0.01813892 0.01691889 0.01906338 0.0276209 0.0183972 0.008601825 0.01138191 0 0.0004435484 0 0.001290323 0.0001612903 
0.2440193 0.2156887 0.1573028 0.1775651 0.1197484 0.1078634 0.1524141 0.1857109 0.1511155 0.1709143 0.1876753 0.1757269 0.2254311 0.208098 0.2251761 0.2184372 0.2746454 0.3574218 0.4008235 0.3992325 0.4020013 0.3646584 0.2654313 0.254775 0.2812414 0.2349388 0.1914084 0.2676968 0.198837 0.1319686 0.1451347 0.1095437 0.09520733 0.1150431 0.09299714 0.06215312 0.04584764 0.04886767 0.05466584 0.03532025 0.05308376 0.02141992 0.02536277 0.02071446 0.01709015 0.02262557 0.01511264 0.01511917 0.01308346 0.01144596 0.01184245 0.0006048387 4.032258e-005 0.0003629032 0.0004838709 0.001048387 
0.2203768 0.2326963 0.2258869 0.1491689 0.1065216 0.09854282 0.1861887 0.1934782 0.1572951 0.1603964 0.1404968 0.1562897 0.2364116 0.218539 0.2255375 0.2512152 0.2599245 0.3243314 0.3719115 0.3487786 0.3235477 0.2921234 0.2144984 0.2146989 0.2934492 0.1735729 0.2016534 0.2340867 0.1617537 0.1328394 0.1289219 0.09501112 0.1022675 0.101741 0.0974269 0.07288881 0.05368893 0.059554 0.08540612 0.07805812 0.04068327 0.03409144 0.03426488 0.03251452 0.03152372 0.0386092 0.02600022 0.009274635 0.008875244 0.01034987 0.008185186 0.0009274193 0.0003225806 0.000766129 0.001854839 0.000766129 
0.1775407 0.2137654 0.257874 0.1872347 0.1687634 0.1439428 0.1254965 0.1437764 0.1783048 0.1491673 0.1296002 0.1562064 0.1882513 0.1890098 0.1888789 0.3006228 0.30607 0.3053801 0.3044677 0.332009 0.3215052 0.2599629 0.1964108 0.2262479 0.2337559 0.1613911 0.152915 0.1859835 0.2030542 0.1214705 0.1359976 0.1098487 0.101048 0.09496372 0.07925063 0.06625558 0.06869807 0.06842478 0.09793137 0.1121423 0.06759641 0.05671921 0.04877522 0.03678334 0.03330213 0.0337204 0.03089112 0.01484232 0.01084923 0.0121252 0.01122311 0.0006451613 8.064516e-005 0.000282258 0.001290323 0.002701613 
0.1745728 0.1512114 0.1808911 0.1310156 0.1117998 0.1518808 0.1181344 0.1097969 0.1713819 0.1900982 0.155724 0.1335073 0.1824651 0.2558533 0.2346718 0.2586526 0.267334 0.3533744 0.3427181 0.3173726 0.3262124 0.2461427 0.2028631 0.2152886 0.2540165 0.197821 0.1757812 0.2119835 0.2086381 0.1967153 0.1431517 0.132691 0.1203685 0.1075439 0.1338927 0.09350524 0.08271981 0.09784663 0.115979 0.1283519 0.09749781 0.05000718 0.04373984 0.03991646 0.04014196 0.03851559 0.03536783 0.0157179 0.01360894 0.0243293 0.01593739 0.0002419355 0.003104839 0.003669355 0.001774193 0.002540322 
