ncols         56
nrows         54
xllcorner     28.264
yllcorner     -5.7719999999999
cellsize      0.25
NODATA_value  -9999
0.04276052 0.04319682 0.04235989 0.03751524 0.02905057 0.02176205 0.01331306 0.01260614 0.02044713 0.01791302 0.01478719 0.01641264 0.01180263 0.01089901 0.008746869 0.008072784 0.005213945 0.004534128 0.007349163 0.006558523 0.009332979 0.01245203 0.01314079 0.01340235 0.01839464 0.02956936 0.0531329 0.04030621 0.05667053 0.03125917 0.04868504 0.06157108 0.0661875 0.06359859 0.05707352 0.06977598 0.06623904 0.04870505 0.03651769 0.04231226 0.04714115 0.0293743 0.03250444 0.02059531 0.01774647 0.02089007 0.03190159 0.02964857 0.03185443 0.03679891 0.0563931 0.08727562 0.06651603 0.0664924 0.03796423 0.07126681 
0.04865195 0.05144207 0.04934208 0.03256121 0.02555724 0.02447001 0.02867761 0.01529584 0.01208536 0.01446816 0.01341091 0.009291881 0.009984877 0.009602102 0.006869712 0.006885403 0.007699965 0.01461272 0.01296337 0.01289239 0.006120967 0.01411062 0.02605479 0.03571469 0.03065711 0.04077969 0.05781234 0.0539376 0.04548632 0.04053726 0.0477759 0.05947793 0.05948818 0.07161084 0.05672851 0.05544998 0.04925095 0.05661207 0.03365077 0.02767792 0.04229013 0.03475598 0.03243612 0.01822653 0.01248692 0.02993441 0.04138246 0.03277645 0.03914646 0.04148513 0.06994469 0.08247389 0.05391005 0.0476341 0.0349961 0.05720452 
0.05078523 0.04304691 0.04456407 0.03530226 0.03024345 0.02526474 0.02467904 0.02277033 0.0165929 0.01924159 0.01596695 0.01276777 0.01204956 0.01096729 0.01298022 0.00701736 0.01448727 0.01790644 0.01038848 0.004752562 0.008635161 0.01305178 0.02528911 0.04313341 0.03836223 0.04620471 0.04322499 0.06477696 0.05111255 0.04494205 0.03120841 0.04673257 0.05327116 0.07332794 0.05570488 0.03377722 0.0266398 0.04201124 0.0421536 0.03774391 0.03139222 0.02761471 0.04829242 0.0234489 0.02551244 0.02876489 0.05800212 0.05811282 0.06335228 0.07117831 0.1003022 0.09237057 0.06551509 0.04404998 0.0377335 0.05400172 
0.07716478 0.05081883 0.03766967 0.05982595 0.03399536 0.02140794 0.02360997 0.01410821 0.009898847 0.01062095 0.01497161 0.0143029 0.0145122 0.0120928 0.01459641 0.009988759 0.007547475 0.01652796 0.01035505 0.0119494 0.01269687 0.01207865 0.0165689 0.02601429 0.03090541 0.04928701 0.05743169 0.06993882 0.05244403 0.04166399 0.04003713 0.0431262 0.04816218 0.07039981 0.06756793 0.06258541 0.0685256 0.06187027 0.05383811 0.04447307 0.06097076 0.07348357 0.07360841 0.09584579 0.06405957 0.06332164 0.09960937 0.09311598 0.07814904 0.07377156 0.09194428 0.07163824 0.08586825 0.06037653 0.03377526 0.04967902 
0.1174446 0.0827347 0.031517 0.0428596 0.03102614 0.02722244 0.02232234 0.01819157 0.0137332 0.01493865 0.01942205 0.01601409 0.01411723 0.01295696 0.01515925 0.01074404 0.008076662 0.009742077 0.01351797 0.01389796 0.01764947 0.01060171 0.01248024 0.01784735 0.02606619 0.03638681 0.04378889 0.04526007 0.03938294 0.03987885 0.04837448 0.06552465 0.07012128 0.09106331 0.09378991 0.09459506 0.08605011 0.07227011 0.05166977 0.04758991 0.1003747 0.1253016 0.1525675 0.1575738 0.1394368 0.1376329 0.1654724 0.1116305 0.07199882 0.067256 0.1274322 0.08854517 0.04900697 0.04511053 0.01691894 0.02576895 
0.07431844 0.08626274 0.03655333 0.02602439 0.02916354 0.02034527 0.02337475 0.0337433 0.03193065 0.02623692 0.02428524 0.01548634 0.01655911 0.01751735 0.01443853 0.01096752 0.01328069 0.0203769 0.02040551 0.01905517 0.01284685 0.01319009 0.01575405 0.01787333 0.03263292 0.04280334 0.03464875 0.04535078 0.02424067 0.03224704 0.04953703 0.06751711 0.08113382 0.08682386 0.0645534 0.06878065 0.06979359 0.0619108 0.0382581 0.07268515 0.1031792 0.1328108 0.2237996 0.1382194 0.1761994 0.1817138 0.1981894 0.1429821 0.141789 0.07071607 0.07430373 0.04737463 0.03517603 0.04174617 0.009812894 0.01383028 
0.06324851 0.05646955 0.03661707 0.02915015 0.02711164 0.01842892 0.02749834 0.03293235 0.02800913 0.02971026 0.025474 0.01704827 0.01576899 0.01671612 0.01726838 0.02338305 0.02889702 0.02789216 0.02330139 0.02162159 0.01414565 0.01503496 0.01553416 0.023169 0.03642675 0.04509784 0.03121528 0.02469159 0.01983872 0.02320717 0.02850433 0.05472381 0.08297408 0.0632804 0.06191574 0.08683287 0.07650496 0.06823251 0.0544246 0.1149781 0.1451933 0.1330935 0.1328268 0.163851 0.178841 0.1948148 0.1491743 0.1390997 0.1121521 0.06016279 0.05173044 0.03368335 0.03497017 0.02579721 0.01536258 0.02157446 
0.04795166 0.03898646 0.04206058 0.03559364 0.01891552 0.01226255 0.01825418 0.02463349 0.02731493 0.02136286 0.02105826 0.01759601 0.01816893 0.01436619 0.02245322 0.02566643 0.02726831 0.02361192 0.01894085 0.01757752 0.02403314 0.01910556 0.01876374 0.02621448 0.0456696 0.04429084 0.03731856 0.04219332 0.04615133 0.04683826 0.05245447 0.05191163 0.07711673 0.06761865 0.0762245 0.08289094 0.07190639 0.04687057 0.06614353 0.09320867 0.1296337 0.161551 0.1322747 0.1297928 0.1352937 0.1586044 0.1514997 0.1130253 0.08523298 0.06000111 0.06535286 0.04342958 0.08258707 0.04818587 0.0483215 0.03568998 
0.05104965 0.04599867 0.0689852 0.06126476 0.03061106 0.0197725 0.02319294 0.03116347 0.02418848 0.02503379 0.01822967 0.02050936 0.0179037 0.01915434 0.03849585 0.05655637 0.0409432 0.03029125 0.03150189 0.03840354 0.03173596 0.02577242 0.01910251 0.02832221 0.04347013 0.0543819 0.04882902 0.08004763 0.06414022 0.05956971 0.06404381 0.06003449 0.08252712 0.06018438 0.06078203 0.09612246 0.06865872 0.08082462 0.08164556 0.09082725 0.1221711 0.1408731 0.1185295 0.115104 0.1043975 0.1244364 0.1243638 0.08636827 0.09596141 0.07527895 0.04769291 0.06916694 0.0784776 0.07909953 0.03944204 0.01859302 
0.08577999 0.106049 0.0992972 0.09741226 0.05340052 0.03536418 0.03474259 0.03851375 0.02892035 0.03775306 0.03045869 0.0242524 0.02587051 0.0420677 0.04124289 0.04945229 0.04799126 0.04857796 0.04097433 0.05044344 0.0376741 0.03764826 0.03432295 0.02565003 0.05021251 0.06621285 0.0531856 0.06539663 0.05804276 0.07479896 0.05912766 0.05148812 0.05346544 0.0436799 0.04620481 0.07481141 0.08034902 0.0855819 0.0854087 0.08577425 0.1162087 0.09304262 0.1013582 0.1345721 0.1025723 0.07812721 0.07871556 0.06572483 0.05891385 0.06254471 0.08524381 0.06929175 0.06483158 0.07894345 0.0270282 0.02051946 
0.1082396 0.1239035 0.09519979 0.07503904 0.05982427 0.06480493 0.04589507 0.03536714 0.03533069 0.04324515 0.03619769 0.03858824 0.04146418 0.04469907 0.04379676 0.04824095 0.06361421 0.06962933 0.05311938 0.05371752 0.0336739 0.02625024 0.01961149 0.02827111 0.0390241 0.04651244 0.04881221 0.04110445 0.05136121 0.06337138 0.07111052 0.04239677 0.06267793 0.04707767 0.03149172 0.06718591 0.1185933 0.09892063 0.107061 0.08365834 0.1010855 0.0884091 0.116977 0.09881352 0.09342676 0.08612499 0.05555966 0.04831357 0.04862158 0.08209163 0.1006199 0.07834236 0.04771591 0.05414284 0.04289163 0.06572293 
0.1062442 0.1447561 0.1245676 0.1241511 0.1100629 0.08973062 0.06083092 0.02878415 0.04962976 0.06785708 0.05480293 0.06141708 0.1077725 0.08732031 0.06929947 0.08336397 0.1213549 0.1118384 0.07194945 0.07232923 0.05697028 0.03888086 0.01757398 0.03239456 0.0342636 0.03379663 0.01912011 0.01852188 0.03972453 0.06433842 0.100062 0.07613353 0.05741588 0.05419162 0.07420336 0.07273113 0.0793312 0.08713698 0.09344124 0.08385034 0.09326623 0.07905331 0.09156471 0.08009187 0.08034907 0.08395372 0.05621832 0.03371983 0.04854155 0.04742287 0.07421642 0.05553573 0.03572541 0.04265878 0.04231683 0.04872899 
0.169908 0.2138134 0.2039653 0.2083448 0.1788746 0.1208161 0.08457784 0.08277149 0.0744343 0.07370162 0.08195315 0.1315109 0.1604752 0.1319148 0.1035933 0.1217839 0.1004244 0.1135195 0.08284356 0.07810771 0.05701464 0.04833007 0.03408946 0.02330875 0.03292312 0.0296744 0.0123962 0.03311114 0.04109463 0.06883502 0.1185158 0.08947855 0.07182308 0.04745375 0.04520066 0.06140753 0.07419098 0.08835961 0.0937951 0.05990786 0.05270736 0.06702869 0.07533687 0.07922532 0.09915062 0.1010417 0.07614496 0.03331167 0.03688703 0.02682484 0.03114203 0.04570334 0.02693687 0.06403302 0.03943495 0.02808444 
0.1770173 0.2382886 0.2374394 0.2437677 0.2032993 0.147956 0.1080546 0.1013364 0.1002111 0.1132298 0.1049773 0.1335658 0.1984674 0.1780162 0.1491944 0.1463606 0.1002864 0.09031023 0.06445502 0.05742627 0.06736021 0.06638491 0.04266951 0.02933475 0.04069294 0.0367284 0.02079359 0.02121468 0.03319474 0.04881964 0.05319625 0.06654365 0.1019476 0.09275917 0.05427871 0.04917261 0.0631653 0.07584932 0.0535656 0.05241553 0.06122224 0.06399632 0.06224653 0.06902399 0.07324408 0.05217939 0.04430605 0.02863427 0.03297459 0.01872105 0.02398939 0.02040716 0.01486795 0.01201625 0.01033747 0.01049255 
0.1781441 0.2183701 0.2504049 0.249709 0.2120991 0.1585782 0.1252983 0.1070267 0.1038076 0.1071978 0.1137869 0.1368661 0.1830568 0.1620434 0.140925 0.1635348 0.09925272 0.105408 0.0747826 0.06715182 0.05620012 0.059559 0.04583239 0.05382358 0.05373828 0.03012655 0.01840896 0.02218254 0.03570145 0.05099719 0.03902989 0.03384632 0.0355584 0.04029882 0.03835307 0.03454498 0.03038156 0.03472511 0.04038738 0.05671401 0.05893603 0.05862089 0.06042857 0.07717259 0.08218405 0.05057152 0.051742 0.03508737 0.02918343 0.01648109 0.02688816 0.04407282 0.01720224 0.0189783 0.01048336 0.008403955 
0.2555506 0.3050708 0.3014451 0.3418086 0.2363473 0.1800443 0.2362398 0.1987027 0.140173 0.1376396 0.1632669 0.1795185 0.1751119 0.1868813 0.1470921 0.1320512 0.1101574 0.1044441 0.09731562 0.1161617 0.1114806 0.09326509 0.06623187 0.09488893 0.05908107 0.01824592 0.02453473 0.02201811 0.02495051 0.03440079 0.0306405 0.02364809 0.01845299 0.01325365 0.01986909 0.02315669 0.02066568 0.02765716 0.02871263 0.06382944 0.07300171 0.06145879 0.05974788 0.06054476 0.0592895 0.04935365 0.07538826 0.03374669 0.0189022 0.01334563 0.01629005 0.02221142 0.01566443 0.01026387 0.008536198 0.01319503 
0.3140684 0.3171206 0.3220979 0.3325794 0.2786097 0.2034664 0.2297325 0.2037841 0.1656068 0.161571 0.1448437 0.1736819 0.1903463 0.1561668 0.1335608 0.1106184 0.09238318 0.1194533 0.1068579 0.1248379 0.148199 0.1360427 0.09306666 0.08778108 0.06735028 0.03294877 0.03205348 0.03448676 0.03852157 0.02783354 0.02612039 0.01520838 0.03805076 0.03286688 0.01509375 0.02731919 0.01994779 0.02134074 0.01824062 0.04309499 0.04755157 0.05464426 0.05945033 0.06089585 0.06931958 0.06389955 0.08492532 0.05378596 0.03294448 0.0215522 0.0239217 0.01722402 0.01028217 0.0121929 0.01111182 0.01274504 
0.3713523 0.3944939 0.2960899 0.357466 0.383364 0.249046 0.1848473 0.2293162 0.2458251 0.1978361 0.1308862 0.1199837 0.1861734 0.2063638 0.1369872 0.1779826 0.1209422 0.09605987 0.09235737 0.1436943 0.1195087 0.1138797 0.09088199 0.09848183 0.0921976 0.06590285 0.0780111 0.05033951 0.01718076 0.02327503 0.01247863 0.01240997 0.02035913 0.01502044 0.01367047 0.01607233 0.02237655 0.02475258 0.02118423 0.04677453 0.05119389 0.04724384 0.04736277 0.05734168 0.05612982 0.1006776 0.0804012 0.03984995 0.03091259 0.01892448 0.0223188 0.02068913 0.01662988 0.01953092 0.0157643 0.01500051 
0.3298511 0.336061 0.3006352 0.3134965 0.3578657 0.2314941 0.1812618 0.2231312 0.2546573 0.2333445 0.1562842 0.1327444 0.1534824 0.1796715 0.1826991 0.1756061 0.1419554 0.1320982 0.1278814 0.1338854 0.1351151 0.109724 0.09160563 0.1134231 0.09374931 0.08286288 0.1076355 0.03615302 0.01283236 0.0146736 0.0100261 0.00810678 0.01270488 0.01556478 0.01136914 0.01106617 0.01628138 0.02230324 0.02013896 0.04552062 0.04842793 0.04540214 0.04034702 0.03891582 0.04341136 0.04832555 0.05440054 0.02646591 0.01255047 0.01121319 0.01871806 0.02189121 0.01537356 0.02846545 0.02028567 0.0198544 
0.3884868 0.336629 0.3454399 0.3355277 0.341566 0.2639617 0.2298137 0.2019161 0.1667572 0.1896924 0.1858128 0.1557569 0.1369457 0.1563632 0.1780222 0.162477 0.2188375 0.1956459 0.1656878 0.1171696 0.1073039 0.1055494 0.1083413 0.1290443 0.1008738 0.09773886 0.07149216 0.03662226 0.01956973 0.02450232 0.02253026 0.01244208 0.00658626 0.006373123 0.01332596 0.01615552 0.01969698 0.01967615 0.01979803 0.02429459 0.04037531 0.03033092 0.02453336 0.03525209 0.03504141 0.03435707 0.02977487 0.02624343 0.03299078 0.03465092 0.03506512 0.02424924 0.03071809 0.04616011 0.037976 0.03312768 
0.4581925 0.4774618 0.4025126 0.4158107 0.4690137 0.4733785 0.3235033 0.2539422 0.1703665 0.1330999 0.1478524 0.1363495 0.1252771 0.2091151 0.2069258 0.1422462 0.1697397 0.1646068 0.1271296 0.1168841 0.1173842 0.1050969 0.1147454 0.1488859 0.1126612 0.08683867 0.06252835 0.03128 0.03116666 0.03300276 0.02592237 0.01479223 0.008943065 0.01072971 0.01192024 0.01802162 0.01718208 0.01983041 0.01894522 0.02848005 0.02826462 0.02433598 0.02326255 0.0318404 0.02742062 0.02527948 0.02325496 0.02570018 0.05142279 0.1009414 0.0608019 0.0341999 0.06537303 0.07994812 0.0764078 0.08119201 
0.5581232 0.563432 0.4165178 0.4060948 0.3928272 0.3791621 0.4351087 0.4704753 0.2233713 0.1405468 0.0951333 0.09451256 0.08463144 0.1405273 0.2028137 0.1636952 0.161731 0.1108418 0.1303979 0.1515031 0.143266 0.1412445 0.1332721 0.1891971 0.1660188 0.135978 0.1025994 0.06384594 0.05035071 0.04468926 0.02995777 0.0313191 0.03891036 0.02970779 0.01976008 0.0150137 0.02281893 0.01838223 0.01871146 0.02614238 0.02611282 0.02330845 0.02141251 0.02854585 0.02464807 0.02417134 0.02282121 0.04206333 0.09282097 0.06844305 0.04456272 0.05519395 0.07821582 0.09073303 0.1051163 0.1247907 
0.4302414 0.4313321 0.3840273 0.3845637 0.3604311 0.334139 0.3688886 0.3964005 0.2513006 0.1453079 0.1337283 0.1396653 0.1035563 0.1449077 0.2099215 0.2121312 0.1742448 0.118639 0.143543 0.1443766 0.1635491 0.1657601 0.1565342 0.1816415 0.1893443 0.176631 0.1013143 0.0946325 0.1036686 0.0824696 0.05782784 0.04626033 0.03610847 0.04291706 0.04548796 0.01955706 0.02086496 0.02285164 0.02336362 0.02491872 0.02644577 0.02778766 0.02351905 0.02782534 0.02244786 0.02033552 0.019482 0.04162913 0.06013822 0.03730169 0.03347007 0.03209568 0.06512731 0.0754099 0.07993215 0.1239732 
0.2724448 0.3124506 0.3148454 0.3587691 0.3177425 0.2865094 0.2886783 0.2728865 0.159261 0.129772 0.161032 0.2224019 0.1888573 0.2816257 0.2143915 0.2357962 0.1611443 0.1273215 0.1405856 0.1710305 0.1749404 0.3448813 0.3355351 0.2130364 0.1885771 0.159714 0.1508427 0.1490244 0.1673913 0.1536925 0.1191802 0.0942597 0.06276812 0.07536715 0.0863261 0.04358274 0.03129851 0.03096345 0.03339203 0.02886134 0.03028907 0.03137372 0.03256989 0.02729188 0.01947521 0.01425865 0.01946944 0.06089868 0.08082296 0.05535366 0.0477628 0.05895107 0.09480944 0.1324693 0.1406359 0.1229268 
0.2474598 0.2760398 0.3206744 0.3326773 0.2731126 0.2710053 0.2846975 0.1664985 0.1619612 0.09210426 0.189443 0.1805925 0.1715803 0.1738148 0.203086 0.1825006 0.1503614 0.1149237 0.09618555 0.1709347 0.3072462 0.3148118 0.2864647 0.2353575 0.2168449 0.1901401 0.1904744 0.1777839 0.1833185 0.1628331 0.1275963 0.1256835 0.1202969 0.1285253 0.09656736 0.06355789 0.04812182 0.05683714 0.05564909 0.03956778 0.03099078 0.03064507 0.02355612 0.01866452 0.01821749 0.01227256 0.01178693 0.02811944 0.04758425 0.03631385 0.05256644 0.07698143 0.1302289 0.1826586 0.1648072 0.1230338 
0.2641698 0.2809682 0.3094902 0.3789868 0.3328833 0.2255369 0.2198598 0.1917569 0.1362148 0.09664949 0.09614641 0.1391797 0.1749549 0.1071347 0.1251722 0.1603301 0.1542354 0.1132223 0.1124695 0.2196817 0.3632556 0.372082 0.3480129 0.3134742 0.2316116 0.2149036 0.1901003 0.2152604 0.1889965 0.1754671 0.172563 0.1921869 0.1903403 0.1632904 0.07485675 0.08711948 0.06120285 0.06310621 0.03905015 0.05037717 0.02934824 0.02929357 0.02460879 0.0182482 0.01480432 0.01103524 0.02895786 0.02892987 0.02793407 0.02338685 0.03892118 0.06875689 0.135772 0.1679739 0.1740022 0.1291854 
0.3550092 0.2768996 0.2170725 0.3353424 0.2869776 0.2414334 0.1604107 0.1609531 0.09688904 0.1298274 0.1211525 0.1583193 0.1474153 0.1191133 0.1507771 0.2095972 0.1818192 0.2360748 0.2705545 0.2440459 0.3409573 0.4668934 0.3979855 0.27266 0.2531151 0.2012115 0.2049241 0.2337878 0.2133836 0.199359 0.2057263 0.2381996 0.1689094 0.1415794 0.09242653 0.07191217 0.05147325 0.05486242 0.0386121 0.03786206 0.03103993 0.02740432 0.02264716 0.02350253 0.01695497 0.01198311 0.0323419 0.04057212 0.01955568 0.04398664 0.05698507 0.1186642 0.1236642 0.1133965 0.1202775 0.1513822 
0.3699077 0.3600766 0.307018 0.4081626 0.2440369 0.2384764 0.1941635 0.2488573 0.1810511 0.2382843 0.1638433 0.2415334 0.1819193 0.18683 0.2064097 0.1750246 0.1888212 0.2729368 0.3610726 0.3911329 0.3600251 0.4561982 0.3946037 0.266206 0.2870257 0.2290295 0.2173057 0.2426609 0.2257274 0.2238661 0.2090785 0.2457996 0.2113403 0.1761039 0.1324739 0.1222627 0.09726033 0.09360562 0.08745427 0.06137403 0.05690514 0.0527658 0.04169686 0.02169579 0.0212508 0.02541555 0.01346519 0.01650549 0.01842752 0.02060512 0.03583657 0.07976515 0.08553962 0.07262054 0.08385655 0.09161855 
0.4642064 0.3965373 0.2951522 0.2814869 0.2367363 0.2525736 0.2288836 0.2751965 0.2061972 0.1729154 0.1580974 0.1539677 0.1257384 0.1506327 0.1562832 0.1440161 0.1423046 0.2087344 0.3057235 0.2865621 0.3207291 0.4100134 0.4350528 0.3326282 0.3048847 0.3036318 0.2936891 0.2491022 0.2651153 0.2176919 0.1997489 0.2076849 0.1931572 0.15893 0.1362162 0.1212561 0.1174159 0.1037963 0.0991933 0.06554419 0.06055024 0.05293244 0.04326349 0.0221002 0.02756311 0.02537182 0.04137949 0.01461369 0.01983597 0.02288694 0.02712795 0.05680364 0.06948813 0.04782834 0.08632235 0.07418533 
0.4537682 0.459528 0.4779565 0.3816134 0.2530331 0.1908402 0.1785299 0.271457 0.2137937 0.1674501 0.1444096 0.1486807 0.1309255 0.1498802 0.1157274 0.1472247 0.1268239 0.1374797 0.3182623 0.3052187 0.3203005 0.2997233 0.3318208 0.3074784 0.3634541 0.4131314 0.3119918 0.2771921 0.2574007 0.2210485 0.1968347 0.1623187 0.1655149 0.1455732 0.1418839 0.1226676 0.1118715 0.1221479 0.1539021 0.09101641 0.06120619 0.06214998 0.04311071 0.02587348 0.02674646 0.02488462 0.03188123 0.01354061 0.0192218 0.02476338 0.03634517 0.03938922 0.04316831 0.0397245 0.07726403 0.07269108 
0.4809866 0.4013146 0.4190058 0.306776 0.1963755 0.1679312 0.1613772 0.1742302 0.1676368 0.1374683 0.1425849 0.155418 0.1608711 0.1213681 0.1046127 0.1275948 0.1195511 0.1620707 0.2620187 0.3153211 0.480552 0.4171865 0.3800083 0.3281403 0.3083514 0.3179004 0.3018968 0.2621161 0.2857997 0.2225953 0.2050114 0.2084034 0.1660846 0.1372256 0.1442399 0.1379934 0.1486397 0.141937 0.1631054 0.1252216 0.1007996 0.06083727 0.04305252 0.0215427 0.01431379 0.01073753 0.01248444 0.01862431 0.01975649 0.03253216 0.03932888 0.05189192 0.05416049 0.05332036 0.09401922 0.08856854 
0.5072776 0.4272007 0.3632503 0.3073783 0.2232103 0.1945747 0.133401 0.1508601 0.1417339 0.1016509 0.08964649 0.1441041 0.140207 0.1314906 0.1651628 0.1287318 0.1949582 0.2388867 0.27269 0.3161137 0.4384907 0.42257 0.3361757 0.2996639 0.3129619 0.2815181 0.2430167 0.2363998 0.2775502 0.2151837 0.2051673 0.2105896 0.1871482 0.1578744 0.1523528 0.1853953 0.2106144 0.1835164 0.152207 0.1577768 0.09561073 0.05738304 0.04229623 0.01558986 0.013509 0.0131847 0.01859767 0.02497478 0.02477236 0.04082116 0.05800208 0.09240402 0.08626223 0.1675675 0.1164583 0.04752492 
0.5280299 0.5237811 0.3450069 0.2131325 0.1428971 0.09535931 0.1219715 0.1201229 0.1024489 0.09585103 0.07612976 0.1134494 0.1140066 0.1406633 0.1742884 0.1955655 0.3043316 0.4328715 0.3367649 0.2916077 0.5047045 0.5092325 0.3626495 0.2982332 0.3203475 0.2884076 0.2826065 0.2833016 0.2808443 0.2200782 0.1883796 0.1856514 0.1872208 0.1755641 0.1566331 0.2002665 0.1942318 0.1708043 0.1341925 0.07316595 0.06456885 0.05300356 0.04062466 0.0132976 0.01138077 0.01496229 0.01366186 0.01944707 0.02427375 0.05108742 0.06530105 0.07210027 0.08083592 0.09766731 0.08556315 0.02762865 
0.4560089 0.3823387 0.2085144 0.1705789 0.1264135 0.1020354 0.1511471 0.1205392 0.09571868 0.1166616 0.08924204 0.1020165 0.1152418 0.1361801 0.2279327 0.2480863 0.3693379 0.3610913 0.3433304 0.4046412 0.4352499 0.4713644 0.3766063 0.3508047 0.3228105 0.3243867 0.2982889 0.2826487 0.3010857 0.2814654 0.2064852 0.1893141 0.1889326 0.1695499 0.1519437 0.2087714 0.1729477 0.1386003 0.1245345 0.06763114 0.05641059 0.05093367 0.03829576 0.01216074 0.009008209 0.01960785 0.03744141 0.02199967 0.02427318 0.0381675 0.0394715 0.06972692 0.07079934 0.1098626 0.04384629 0.01349173 
0.5137507 0.3404641 0.2096066 0.1664079 0.1211501 0.1558462 0.1764312 0.1061608 0.07974245 0.08263515 0.09304811 0.1011105 0.1149199 0.1257852 0.2098124 0.2542778 0.3964612 0.4345216 0.3903481 0.3396427 0.3813068 0.4175269 0.3085918 0.286318 0.3798872 0.3130385 0.3016705 0.2583859 0.2358529 0.22252 0.1919274 0.1684811 0.1590119 0.1583603 0.1510522 0.1683507 0.1481614 0.1232452 0.1095871 0.05961558 0.04967726 0.04139433 0.03629109 0.01181236 0.02091281 0.03738633 0.02773816 0.03160135 0.03779729 0.04288316 0.03697315 0.05770938 0.043952 0.04706951 0.02287596 0.01624873 
0.5839326 0.4749973 0.2232967 0.195358 0.149324 0.1298134 0.1171623 0.1252552 0.116116 0.1233778 0.1317369 0.1255221 0.1451998 0.175262 0.2261223 0.3344812 0.3430476 0.3615482 0.3416753 0.281737 0.2951116 0.290956 0.3081158 0.4136176 0.5126162 0.3885323 0.2880609 0.2433514 0.2043001 0.1726703 0.1480701 0.1578918 0.1372539 0.1359713 0.1346954 0.1435609 0.1245756 0.105305 0.09041828 0.04559957 0.03097535 0.03134691 0.02310751 0.01086877 0.01015192 0.0385194 0.02269386 0.05370927 0.06351209 0.07194101 0.07458819 0.08965182 0.07090706 0.0546029 0.04200603 0.01908708 
0.5056125 0.345173 0.1835152 0.1568543 0.1540817 0.1175813 0.1052047 0.1361327 0.1465394 0.137941 0.1360434 0.1385069 0.1604164 0.1706582 0.255821 0.3799137 0.3656624 0.4177604 0.4050979 0.3472982 0.3453187 0.2962121 0.3426862 0.5752448 0.6153315 0.3416669 0.2620892 0.2413515 0.1928259 0.1334938 0.1313211 0.1565652 0.1311924 0.1369065 0.1223493 0.122606 0.1125015 0.1011071 0.08668897 0.0359211 0.02683634 0.02409519 0.02080202 0.0152738 0.01445207 0.03648032 0.034855 0.07837586 0.08899522 0.1438134 0.1046229 0.1184498 0.08459666 0.07255647 0.06536289 0.03228663 
0.52689 0.2762567 0.1302185 0.1312273 0.1207933 0.1280351 0.1225436 0.1482895 0.1562482 0.158911 0.1585091 0.1698284 0.1678849 0.1927297 0.2713695 0.2920594 0.3599433 0.3832523 0.3759922 0.3538086 0.3127071 0.3076428 0.3751685 0.5116854 0.3524122 0.2617635 0.2090046 0.1934859 0.1866682 0.1376616 0.1086353 0.1860049 0.1368954 0.1166094 0.1116334 0.1050429 0.09549094 0.0823267 0.0702915 0.02647587 0.0228956 0.01863311 0.02543472 0.01822482 0.01909721 0.02427171 0.0388414 0.06482571 0.08796305 0.1058502 0.1407525 0.1105881 0.09156238 0.0897712 0.1022387 0.05263113 
0.4704071 0.1981341 0.1186988 0.1537901 0.1189208 0.1507374 0.1497397 0.1466648 0.1138839 0.1324322 0.1403782 0.1777627 0.1847701 0.2038588 0.299227 0.2465293 0.2233436 0.2789895 0.3071574 0.2635642 0.278304 0.2466459 0.3317384 0.3370852 0.2311834 0.1874454 0.1785748 0.1635709 0.144069 0.1210768 0.1243673 0.1457063 0.1163245 0.09741081 0.09164844 0.08715224 0.08451051 0.06806313 0.05414021 0.02027256 0.01551185 0.01487918 0.01983893 0.01655906 0.0232139 0.03909051 0.04912028 0.08280194 0.09790102 0.1358 0.1402003 0.138806 0.1202316 0.1489761 0.1180018 0.1140591 
0.3322154 0.1797979 0.1034224 0.1633281 0.1243425 0.1247614 0.1330087 0.1467034 0.1295384 0.1457403 0.1553241 0.1229661 0.1495979 0.167942 0.2381703 0.2071388 0.16388 0.199519 0.2154673 0.1778445 0.1996869 0.1875885 0.2123921 0.1959992 0.1941278 0.1596412 0.1355879 0.1161127 0.09895295 0.09798118 0.1279486 0.1081484 0.07119721 0.0501148 0.04370776 0.03522285 0.04067699 0.02540175 0.01975815 0.01162209 0.009568326 0.01144804 0.01599659 0.04436085 0.05824317 0.07888032 0.09854596 0.1136206 0.1326006 0.1611947 0.1627492 0.2067135 0.2010303 0.1896606 0.1610404 0.1981196 
0.3564387 0.1389524 0.090312 0.1411472 0.1291942 0.1294186 0.1380424 0.1497479 0.1558301 0.1793588 0.1634161 0.1180802 0.1167622 0.1324477 0.1524042 0.1193931 0.09682807 0.1384733 0.1157786 0.120087 0.1204644 0.1741439 0.139137 0.1566438 0.1539379 0.1491688 0.1266024 0.09760997 0.08149285 0.07377067 0.0664799 0.09149788 0.06251682 0.04502011 0.04897557 0.02629092 0.01895041 0.0190531 0.01631538 0.008665573 0.00657899 0.01308294 0.01870307 0.0571721 0.0721852 0.08393967 0.1070619 0.1151882 0.1358253 0.1699528 0.1897837 0.2088643 0.1868057 0.1890476 0.1816833 0.1932156 
0.3446331 0.1354607 0.07473566 0.1179398 0.1360257 0.1527905 0.1432233 0.1689894 0.166768 0.2028142 0.155142 0.09856897 0.09641757 0.09714745 0.1060895 0.07986637 0.08157907 0.06713954 0.09383936 0.1244308 0.114732 0.1372572 0.1321149 0.1363261 0.1097498 0.1052296 0.09985618 0.07885799 0.0704884 0.05125807 0.04168049 0.06191712 0.0333142 0.03411048 0.03534717 0.02592501 0.01864437 0.01578393 0.0119879 0.007698335 0.007199376 0.0106432 0.01861312 0.04967974 0.07554215 0.09396034 0.1189684 0.1394359 0.1367692 0.147789 0.240129 0.2090956 0.2035878 0.2214976 0.2060363 0.1835798 
0.399508 0.1998869 0.1446698 0.1421952 0.1689888 0.1503931 0.1786833 0.1628387 0.1468365 0.1183655 0.1194829 0.08885908 0.093379 0.1120434 0.09937575 0.08077765 0.06677131 0.07382599 0.07748859 0.08542565 0.08885194 0.08253209 0.08417088 0.08719581 0.08692951 0.07552108 0.07255799 0.05974487 0.06597209 0.04802422 0.04225077 0.03069467 0.02752716 0.02957238 0.023491 0.04264238 0.02835045 0.01989196 0.00920502 0.006775275 0.01102603 0.02260863 0.05141972 0.04916136 0.06842545 0.09411936 0.1233455 0.1472104 0.139428 0.1500583 0.2319293 0.2017858 0.1970381 0.2325797 0.2420784 0.1677369 
0.3663808 0.2145923 0.1739663 0.1300889 0.1139475 0.1137401 0.09889231 0.1015702 0.09598016 0.07652657 0.08251663 0.1021958 0.09645729 0.08403607 0.06271051 0.07674773 0.09306601 0.07636946 0.05806887 0.06930397 0.05041522 0.0622642 0.0622322 0.07333013 0.08938224 0.0559943 0.0513102 0.06297903 0.04260202 0.02687277 0.02607214 0.02404588 0.01978941 0.02550318 0.03110926 0.04830726 0.1619591 0.05751684 0.01739713 0.01166452 0.005408912 0.01278467 0.01741341 0.04977885 0.0700856 0.102249 0.1336669 0.185109 0.1793742 0.2135728 0.1937424 0.1924467 0.2097015 0.2869647 0.2503628 0.1427419 
0.2268534 0.1739274 0.1148887 0.09207698 0.07038611 0.08452017 0.0787848 0.06919459 0.07825658 0.0818288 0.1363382 0.1286887 0.1274627 0.1022762 0.08883242 0.09861945 0.09057072 0.06109669 0.05295233 0.06704289 0.0576325 0.05513356 0.05173713 0.04658261 0.08202456 0.05571448 0.03643027 0.02731605 0.01425249 0.01534663 0.01749329 0.02200677 0.03357992 0.05186932 0.04504538 0.0318664 0.02501581 0.01289993 0.02058017 0.006556799 0.01930242 0.01432558 0.01413181 0.04919951 0.07366291 0.09282655 0.1009609 0.1436122 0.1649902 0.1398785 0.1470172 0.1719483 0.2176752 0.261712 0.214644 0.1418548 
0.2351762 0.1317999 0.08377648 0.09101375 0.07150637 0.07451289 0.06041117 0.05851884 0.07332629 0.05204117 0.06280908 0.1209198 0.1057705 0.07504738 0.07923682 0.08046367 0.08987156 0.07851291 0.06500218 0.09061623 0.08908793 0.03870318 0.02856429 0.04940787 0.04829187 0.03637464 0.0351683 0.02416681 0.01184125 0.01066899 0.01467044 0.01631536 0.0177615 0.0128274 0.0126041 0.02948857 0.02072542 0.04103872 0.02631584 0.01738908 0.0196955 0.01486927 0.01565279 0.05365788 0.07404165 0.09527723 0.1166217 0.1499551 0.2068407 0.1396348 0.1269955 0.1566261 0.1967156 0.1785466 0.1630085 0.1609677 
0.1530223 0.09560798 0.06645813 0.06166191 0.08085506 0.06560775 0.05705391 0.06246828 0.05754242 0.04268995 0.05581529 0.08652586 0.1017876 0.06867256 0.07888002 0.08973235 0.07726675 0.09867655 0.07917476 0.06678715 0.05353735 0.03204764 0.02272683 0.03584274 0.02708687 0.03635966 0.03839666 0.01957446 0.0436945 0.0452168 0.01235968 0.01549762 0.01848987 0.04125036 0.01792653 0.01383402 0.02208842 0.02369903 0.01762479 0.02636357 0.0297253 0.01607415 0.02072095 0.057607 0.08074071 0.09823035 0.1333058 0.142848 0.134226 0.1351803 0.1362368 0.1505588 0.1887068 0.1717772 0.1543485 0.1568549 
0.09613433 0.06680572 0.04563728 0.07671047 0.09786762 0.1065548 0.08704737 0.05882575 0.05559433 0.05442286 0.07539152 0.08397732 0.0827564 0.0591034 0.07390516 0.08943494 0.07181321 0.07780833 0.04317103 0.05937296 0.03104575 0.02367806 0.02327714 0.0270363 0.05345554 0.04163848 0.02502676 0.03525035 0.04718406 0.03790713 0.03515289 0.01022597 0.005358167 0.02089539 0.01948167 0.01471824 0.01417485 0.01975398 0.02012174 0.01552692 0.01638139 0.01959099 0.03915996 0.07443914 0.09382193 0.1261731 0.2324561 0.1382044 0.1266238 0.1263182 0.1982441 0.2683065 0.1978226 0.1828226 0.2190726 0.2199597 
0.08925208 0.03677298 0.04097165 0.08226648 0.1119222 0.1397626 0.08094668 0.05989346 0.06335238 0.04885552 0.04512085 0.06178924 0.06103378 0.04244302 0.07452027 0.07434481 0.05896038 0.06768512 0.0252134 0.02849343 0.02089583 0.02880357 0.03445039 0.04178414 0.05435676 0.0212247 0.01478199 0.01840376 0.02562676 0.02739678 0.01208264 0.004381952 0.009976284 0.01573715 0.02162243 0.0193139 0.02075647 0.01257906 0.0269463 0.02328834 0.03567419 0.03072295 0.04328672 0.07320228 0.1058583 0.1431581 0.215409 0.1303449 0.1232024 0.1263974 0.1906257 0.2185484 0.1954838 0.2366129 0.257379 0.2560484 
0.05996564 0.06140633 0.07935166 0.1209246 0.1212857 0.09527874 0.07186347 0.06518043 0.04343182 0.03841393 0.03637946 0.04850566 0.03818611 0.03338838 0.05819795 0.04946062 0.0330983 0.05180808 0.01626873 0.01553636 0.01831959 0.03506357 0.02971238 0.02381778 0.02505021 0.01256618 0.005627235 0.01814871 0.01460351 0.01174646 0.009938525 0.008283931 0.02352007 0.008599811 0.01004191 0.01740183 0.01485499 0.02696642 0.02136723 0.02506633 0.03551855 0.03459049 0.0565464 0.07040247 0.09726014 0.1928664 0.2030827 0.1429162 0.1351622 0.1337076 0.1356313 0.2202822 0.1454032 0.1967339 0.2318145 0.264879 
0.03844955 0.05190941 0.1005162 0.1381922 0.12692 0.08414533 0.06480433 0.0669188 0.05407751 0.04145595 0.03454622 0.03894006 0.024298 0.0278333 0.0316317 0.04621053 0.03580295 0.02265871 0.0199898 0.01984038 0.0192153 0.03060289 0.0180143 0.0131822 0.00683783 0.005002647 0.004336305 0.01090892 0.01599267 0.02419361 0.03014864 0.02704605 0.009811452 0.005602682 0.006835165 0.01067146 0.0183799 0.02052273 0.02724151 0.02400378 0.02820805 0.05302606 0.07168788 0.09282257 0.1317147 0.1854787 0.1423538 0.1494568 0.1197124 0.1819289 0.1698699 0.2044355 0.211129 0.1866935 0.2325806 0.1905645 
0.04995912 0.06972306 0.1092403 0.1347898 0.1033704 0.08127484 0.06130027 0.05824563 0.0535543 0.03267626 0.02662411 0.0446265 0.03480342 0.02954383 0.03022239 0.0414473 0.02535022 0.02499624 0.0187737 0.01872075 0.02439341 0.01603452 0.009514176 0.005768261 0.01419963 0.01040091 0.01095917 0.01409421 0.01084814 0.01575608 0.0201086 0.02235022 0.02030147 0.01346743 0.01340141 0.0227834 0.02817171 0.02568918 0.04148093 0.07487679 0.07675425 0.09906469 0.1212337 0.1307911 0.1681246 0.2665691 0.1611272 0.1338449 0.1443585 0.1975445 0.2161195 0.2132661 0.2543145 0.1952419 0.2420564 0.26625 
0.08442646 0.07675169 0.07225238 0.07846238 0.07321729 0.08716062 0.07255676 0.08085594 0.03555007 0.02990667 0.02952392 0.0247847 0.02633632 0.02585978 0.03651231 0.04264606 0.02977882 0.02436381 0.02227893 0.0230684 0.01915327 0.0162995 0.007586599 0.007545824 0.01138645 0.0108362 0.009032386 0.0192769 0.01992046 0.01096626 0.00661663 0.009594993 0.01381773 0.008594145 0.01168638 0.02279275 0.02701951 0.03589214 0.0512625 0.071654 0.1092833 0.1190718 0.1121609 0.09099165 0.1336987 0.192846 0.1837205 0.1427121 0.1410919 0.1920414 0.1629139 0.1767339 0.2089113 0.2804032 0.3004033 0.2923387 
0.04749573 0.04929431 0.05822087 0.06150723 0.05869102 0.0700957 0.09217568 0.07255876 0.08023073 0.03722635 0.02205903 0.01672866 0.01756113 0.02450354 0.03309762 0.02973177 0.03616334 0.03069373 0.02192401 0.02905036 0.0209837 0.01296372 0.008048361 0.008194444 0.01028191 0.01206391 0.008041131 0.01439581 0.01569555 0.006431683 0.002134478 0.02335378 0.01678308 0.01448362 0.0251698 0.03004135 0.04899716 0.1031196 0.07357659 0.1251688 0.1548372 0.1960262 0.08903541 0.09046265 0.1227016 0.150876 0.161629 0.1802861 0.1953882 0.1850477 0.1703108 0.1596371 0.2077016 0.2635887 0.294879 0.2247984 
