ncols         56
nrows         54
xllcorner     28.264
yllcorner     -5.7719999999999
cellsize      0.25
NODATA_value  -9999
0.1020516 0.09382724 0.07448556 0.07603688 0.07290928 0.06390187 0.08524655 0.1056387 0.06921308 0.05309724 0.0518095 0.1166717 0.1328983 0.1742572 0.1217254 0.1157893 0.121665 0.08811427 0.07057068 0.1191591 0.134455 0.123606 0.0624981 0.06161924 0.04726098 0.05830542 0.06786835 0.1515097 0.2001788 0.1379266 0.1708143 0.1857883 0.1904734 0.1869471 0.1707999 0.1719638 0.1499329 0.1323112 0.1356431 0.09980424 0.07565276 0.08606374 0.06156319 0.08280413 0.09694267 0.131177 0.1273894 0.07690449 0.04486272 0.04092544 0.02597293 0.01007838 0.006408019 0.005727526 0.005925756 0.003960544 
0.09272125 0.08072671 0.05323948 0.06896105 0.06229227 0.05707268 0.0896702 0.1075957 0.08862639 0.05633034 0.05080191 0.06946067 0.1057374 0.1090832 0.05760832 0.1061036 0.1097691 0.08121351 0.08845977 0.08278231 0.07653948 0.07862602 0.06675398 0.07770894 0.0895699 0.08475631 0.09214187 0.1128165 0.1095903 0.121754 0.1198214 0.1632507 0.1496631 0.1630513 0.1817625 0.163847 0.1609092 0.1448651 0.1210127 0.07720983 0.06205923 0.07590377 0.08134161 0.08484452 0.07810457 0.07544889 0.05759861 0.06643247 0.05306918 0.03645409 0.0166791 0.008846555 0.007019235 0.004573232 0.003877996 0.003978958 
0.0688035 0.07433328 0.07597609 0.07569351 0.07967685 0.07469315 0.05374492 0.06209616 0.08315821 0.08940343 0.07035634 0.06753762 0.08270863 0.09935347 0.0678772 0.06960218 0.05852492 0.06595853 0.03973019 0.04894645 0.06702458 0.07324614 0.07007503 0.0669991 0.07432329 0.06713294 0.09193684 0.1043802 0.1176443 0.1446854 0.1037616 0.1326798 0.1422212 0.1547236 0.1529728 0.1606798 0.169103 0.141761 0.08917727 0.05652094 0.06080958 0.05167508 0.08110027 0.1326186 0.07529187 0.07343967 0.103204 0.05922427 0.01927821 0.0182865 0.01289652 0.005782145 0.005363075 0.004646307 0.003220931 0.002327154 
0.08969619 0.09416033 0.07464306 0.05473028 0.05111166 0.0397123 0.0284336 0.052655 0.0717829 0.09625801 0.06358963 0.0601522 0.07797877 0.08376187 0.05393229 0.07035325 0.04764993 0.05143509 0.06778864 0.07178877 0.06360894 0.07610115 0.07542689 0.1517397 0.1352779 0.1396859 0.1483525 0.1134763 0.09719229 0.08631171 0.07660983 0.09686121 0.1276972 0.1285294 0.1149802 0.09650934 0.08234831 0.08647258 0.05318275 0.05722826 0.05395719 0.07417986 0.1104537 0.1689375 0.08121334 0.05547308 0.05660938 0.02900304 0.02047556 0.02140673 0.01379847 0.008102531 0.005122688 0.004171611 0.003482325 0.001899692 
0.07988703 0.07039879 0.05781451 0.05422178 0.04747886 0.0491197 0.06100101 0.06619421 0.09102736 0.0896074 0.04267398 0.06686253 0.09942959 0.07566313 0.06538013 0.07154229 0.08248182 0.09251243 0.07720381 0.09313902 0.09340601 0.1047017 0.1288674 0.1663839 0.1250377 0.1303215 0.09003362 0.06951123 0.07585063 0.05318163 0.07202423 0.08144559 0.1019428 0.1373928 0.1287326 0.09600074 0.07924054 0.05129098 0.04182472 0.05215824 0.06491503 0.08234421 0.08955665 0.08861985 0.03901349 0.02198948 0.02378598 0.02821412 0.02805437 0.01796453 0.01227454 0.005314829 0.003968928 0.003004516 0.002448715 0.001256518 
0.1110513 0.09241413 0.06556042 0.06178928 0.07764047 0.07115834 0.08796098 0.09125093 0.09388794 0.09191222 0.0724267 0.07380283 0.06224153 0.06186025 0.07079218 0.1010912 0.0827385 0.08161052 0.09300146 0.1221527 0.105808 0.09909367 0.1097723 0.1154663 0.1027249 0.08895557 0.05511644 0.07165141 0.06131482 0.05379362 0.04775584 0.06871475 0.07512958 0.09990286 0.09496208 0.06457914 0.04694375 0.03599688 0.03760004 0.04231319 0.06934723 0.09642599 0.05649302 0.03689915 0.05350925 0.01576103 0.01577105 0.01598042 0.0177198 0.0108905 0.009215174 0.004263449 0.00301215 0.00214111 0.001699319 0.0008227806 
0.1036776 0.098519 0.08449048 0.07757866 0.09690486 0.08146989 0.06262032 0.0563022 0.07243127 0.06649474 0.03701394 0.05157107 0.04289443 0.05124023 0.08490334 0.07379992 0.08877486 0.08435955 0.08919217 0.1037233 0.1006066 0.09876783 0.07462072 0.07405621 0.09774876 0.05561279 0.02606859 0.03069909 0.03806573 0.03871895 0.0185917 0.04907093 0.05151268 0.06350119 0.04358438 0.03322475 0.03335158 0.03669975 0.0342373 0.0541887 0.06991932 0.05841882 0.04396301 0.02166593 0.01400915 0.01226702 0.01044257 0.0114381 0.009814528 0.008887626 0.006840863 0.005333376 0.002283279 0.001620144 0.002710101 0.003310176 
0.0928307 0.1040321 0.1161526 0.1212372 0.1663553 0.08905418 0.07485542 0.05325468 0.05399697 0.045662 0.03197026 0.05358657 0.07711265 0.07448507 0.09167803 0.08147858 0.1121582 0.07329825 0.08979505 0.1569404 0.1236837 0.1192493 0.05398415 0.06845716 0.05354699 0.03409019 0.01699823 0.02769 0.0251395 0.05138547 0.04928187 0.04309702 0.04131398 0.04893057 0.03004707 0.03729003 0.0344524 0.04513895 0.05021261 0.02867989 0.02213839 0.02285229 0.01898798 0.008462333 0.004931896 0.004208718 0.004217927 0.002414699 0.002494755 0.002086199 0.00142172 0.0008155425 0.0005596185 0.0003881845 0.000306657 0.0003821675 
0.08931041 0.07625416 0.104253 0.09509828 0.08441764 0.06499827 0.05199958 0.0480711 0.05529292 0.05138565 0.02828298 0.05094455 0.07137018 0.114947 0.138239 0.1301651 0.1619043 0.1349074 0.1661446 0.2656725 0.1517319 0.08899456 0.04265179 0.04555466 0.04300846 0.05720468 0.05287108 0.03809598 0.0120855 0.01734199 0.02022391 0.03947072 0.04375347 0.03771926 0.04002841 0.04492971 0.03914748 0.03243935 0.0311668 0.01963932 0.01668644 0.0112642 0.01013481 0.00630195 0.005415397 0.003439134 0.008041924 0.002489377 0.002195685 0.0007580896 0.0006155968 0.0003528846 0.0002410202 0.0001686356 0.0001357822 0.0001769994 
0.09549898 0.09533935 0.1144365 0.05843766 0.03452773 0.03194534 0.03987145 0.07928512 0.05972969 0.06293222 0.03387332 0.06024962 0.07475272 0.09613712 0.1516955 0.253772 0.3153819 0.2245147 0.2043353 0.1570288 0.0866894 0.04039457 0.01655885 0.01369358 0.01165175 0.03353681 0.03722282 0.02362392 0.01253214 0.0113823 0.01527241 0.02724766 0.03155835 0.07511014 0.05276692 0.03658099 0.03161329 0.02191852 0.01874732 0.01659959 0.01078144 0.008922994 0.007289766 0.002497051 0.003594183 0.001819861 0.001802144 0.001849525 0.002487963 0.0002103077 0.000173283 0.0001026961 7.483328e-005 5.785898e-005 5.132201e-005 7.726913e-005 
0.0986627 0.1086044 0.08331731 0.05849088 0.0563687 0.04023543 0.04318509 0.06442938 0.06590808 0.05116385 0.05565717 0.06714731 0.1240548 0.1489343 0.1348691 0.2289634 0.2434509 0.2225673 0.1920027 0.0662052 0.03094478 0.01234495 0.01598884 0.006553171 0.005424033 0.005794054 0.01816746 0.03343454 0.006911414 0.01012972 0.008150522 0.01323643 0.02631496 0.05679049 0.02585475 0.02216202 0.02174623 0.02276757 0.01694106 0.01252833 0.007762203 0.005545312 0.005385434 0.002325348 0.003273472 0.004062627 0.001546277 0.0019944 0.004137873 0.0006741991 0.0008771355 0.005212783 0.0002574785 6.194142e-005 5.639758e-005 8.809171e-005 
0.08896335 0.09464648 0.06075527 0.05410217 0.0483714 0.05668817 0.05364357 0.08946397 0.09701478 0.09449156 0.08152016 0.07075612 0.1143382 0.1459728 0.1274224 0.1880495 0.1140804 0.1177415 0.09207778 0.05906072 0.118303 0.007942941 0.003856496 0.008352223 0.02420512 0.01004854 0.008717311 0.008700461 0.005516449 0.003093096 0.009247826 0.006002211 0.00708673 0.01241114 0.01054191 0.01444969 0.01798374 0.01948156 0.01582013 0.008742893 0.003511876 0.001043382 0.0009963983 0.00081703 0.0005587364 0.0009017435 0.0008404924 0.0004659623 0.001525503 0.001689984 0.0002918773 0.0008456334 0.003230992 0.001873418 0.0004930164 0.0004541894 
0.1206079 0.1681727 0.140299 0.1154859 0.07116158 0.06480965 0.04245303 0.06685746 0.08136534 0.06617152 0.08967229 0.107946 0.1126751 0.1192841 0.2065744 0.1907883 0.1455896 0.09853531 0.05548253 0.0701816 0.08239251 0.02569591 0.01899682 0.01006776 0.01979477 0.008305482 0.006001754 0.01044973 0.0009130975 0.001020223 0.001158389 0.002960509 0.005481879 0.004120132 0.00835854 0.006710432 0.01385354 0.01579135 0.01594662 0.008553557 0.01120901 0.003760714 0.001155471 0.0001301602 7.745562e-005 5.000978e-005 4.834924e-005 0.001173411 0.0004603507 0.001240973 0.0007757297 0.0005602297 0.0005728343 0.0005635667 0.0005332889 0.0005014148 
0.115618 0.1724 0.1868867 0.149444 0.1124073 0.0600039 0.04270095 0.06120495 0.06175844 0.06406696 0.07031486 0.07317364 0.1241493 0.1553274 0.2035897 0.2189468 0.1445224 0.09775271 0.08457198 0.1013139 0.2247633 0.1182585 0.03637331 0.01001328 0.001339049 0.002763991 0.005001833 0.001763081 0.000312615 0.0003623269 0.004111069 0.002282791 0.001397055 0.001440208 0.002354611 0.007170049 0.0135849 0.01625842 0.01956898 0.01129696 0.01041067 0.007286134 0.008862455 0.005540388 0.004142899 0.003393402 0.002408653 0.003151007 0.002800996 0.002618379 0.002349439 0.001742878 0.001267092 0.0007499456 0.000557668 0.000533893 
0.1178198 0.1602599 0.1805447 0.1634248 0.1320442 0.1218884 0.06970165 0.06844582 0.05250586 0.07911855 0.0956196 0.08232497 0.1007333 0.1405827 0.1012964 0.1098743 0.1369802 0.1484808 0.1436304 0.08060919 0.07200277 0.08268949 0.02975537 0.003147295 0.001294158 0.003065591 0.0002959986 0.0002838077 0.001015662 0.006134726 0.001173773 0.0008970164 0.001025888 0.001051668 0.00334607 0.007318192 0.008603379 0.009397123 0.01374433 0.01176977 0.0198588 0.01365768 0.007662596 0.006341327 0.009789393 0.004440335 0.003949527 0.004474546 0.005225273 0.004000152 0.002655275 0.001828625 0.001188635 0.0006485285 0.0006098191 0.0005911641 
0.1317045 0.1716302 0.260498 0.1897097 0.1491726 0.1485808 0.09782274 0.1087751 0.08614622 0.1339076 0.08523151 0.08260071 0.08590649 0.1145474 0.1194564 0.07361177 0.1065364 0.08881638 0.08308454 0.1347268 0.08180435 0.0918347 0.08046658 0.0322492 0.009737386 0.001526555 0.0009949587 0.0002833305 0.0004101412 0.0001998361 0.0002348939 0.008061105 0.001132363 4.533547e-005 0.007481055 0.007819997 0.008944144 0.009827393 0.01032422 0.007738999 0.01675272 0.01599286 0.01294912 0.007487738 0.006535771 0.005480369 0.004551195 0.005109211 0.006967099 0.006221136 0.004575453 0.002597244 0.0008828278 0.0006166082 0.0006071645 0.0006855959 
0.1064335 0.1541818 0.2084586 0.1912703 0.1566844 0.1240449 0.09963024 0.1129941 0.09953769 0.1237151 0.07461245 0.111734 0.1243284 0.119193 0.1099371 0.08820524 0.074319 0.08229373 0.1273549 0.1132275 0.07996874 0.07451879 0.07756289 0.03112391 0.01232177 0.00218298 0.001726307 0.001481829 0.005453283 0.0001021702 0.001761262 0.006809696 0.003619972 6.023024e-005 0.002705923 0.006727717 0.009016779 0.009868399 0.01397038 0.007711042 0.007871008 0.009800892 0.008033812 0.009408189 0.007105548 0.007761553 0.004560476 0.004660015 0.003732328 0.005216847 0.005331601 0.00387714 0.003647442 0.00215322 0.001162369 0.000889626 
0.1375566 0.177262 0.1833951 0.1960636 0.1378665 0.09134026 0.08876324 0.1220501 0.1159855 0.08070128 0.07733434 0.1104993 0.09827843 0.09864362 0.1169851 0.1804262 0.1355738 0.1347515 0.08497258 0.09380478 0.07871182 0.05851592 0.09434152 0.04223016 0.01435001 0.004388029 0.003886633 0.003069397 0.004833 0.0002719724 0.0002100125 0.01580054 0.0133586 7.017895e-006 0.002161761 0.006089959 0.008380068 0.009230204 0.009674733 0.007216446 0.007462443 0.007469981 0.007407829 0.007463588 0.006384062 0.00515433 0.004108477 0.003980738 0.002844392 0.001838198 0.001213227 0.0004699614 0.0005512935 0.0005964796 0.0006360672 0.001779237 
0.1608284 0.1894566 0.1203828 0.1485445 0.1058848 0.08651144 0.0849618 0.09948281 0.1174101 0.09967633 0.07587611 0.05990405 0.09574024 0.1165684 0.1332768 0.1565203 0.1470999 0.1207112 0.05052866 0.09049671 0.1094949 0.06599105 0.1021587 0.04963702 0.03667057 0.02235954 0.01052125 0.001505513 0.0009204851 0.0007020943 0.0005481896 5.787764e-005 0.0243827 2.00849e-005 0.005119881 0.00507684 0.007306822 0.008166098 0.008433905 0.00620503 0.006398372 0.006325453 0.006266812 0.00633156 0.005345101 0.004154203 0.003147799 0.002691849 0.002227971 0.0005193001 0.0001809031 0.0004138476 0.0004929521 0.0005439189 0.0006194566 0.001059378 
0.2006469 0.1948691 0.1275499 0.1247486 0.09450906 0.08332993 0.07874933 0.08318865 0.1010994 0.1008074 0.05038604 0.07037859 0.09051335 0.1537521 0.1875745 0.1486276 0.1211585 0.1040127 0.1353972 0.1369789 0.1296007 0.141676 0.058084 0.03181764 0.03662374 0.02597735 0.01239097 0.008613244 0.006680065 0.005296262 0.004209841 0.001683282 0.01048154 0.0006052425 0.0006680416 0.002428904 0.003974047 0.004493161 0.004550647 0.004384429 0.004565788 0.004643208 0.004670721 0.004690084 0.003837642 0.00348514 0.001849241 0.0008708513 9.411654e-005 0.0001330427 0.0001847869 0.0001969669 0.0002406044 0.0002700923 0.0003184896 0.0003951575 
0.1766113 0.1806835 0.1605129 0.1258201 0.0987379 0.1166107 0.1036716 0.08877995 0.09253383 0.05196619 0.05640225 0.07891672 0.08357432 0.1175492 0.1122452 0.1407504 0.07916719 0.1173502 0.131519 0.1890636 0.1415054 0.1082963 0.04443146 0.02958056 0.02350851 0.0220789 0.0112059 0.012244 0.008900849 0.0114985 0.006171151 0.002291726 0.001408963 0.004620616 0.0006045509 0.001004181 0.002456707 0.002919323 0.006037132 0.006407206 0.00307566 0.004523643 0.003321983 0.00323603 0.002357072 0.001777711 0.0004003149 4.567329e-005 6.328806e-005 9.738912e-005 0.0001483059 0.0001665772 0.0002086897 0.0008019055 0.0007930782 0.003876263 
0.1463324 0.1447625 0.1111827 0.08439891 0.05225346 0.03971717 0.07617283 0.09518468 0.06714529 0.06376231 0.0404677 0.05903287 0.04927957 0.06179192 0.0834249 0.1326514 0.09397432 0.1661038 0.2388227 0.17419 0.09570493 0.05561703 0.05521884 0.04718756 0.03822346 0.04364609 0.02623083 0.03893071 0.01678178 0.01666502 0.01492022 0.008168675 0.003361327 0.00245479 0.001782715 0.001605873 0.0005802496 0.001046418 0.003724893 0.00107193 0.001414474 0.001737998 0.001912761 0.001777398 0.002692265 0.0002298476 0 3.015002e-005 4.196363e-005 7.126499e-005 0.0001178148 0.0001370999 0.0001755621 0.0003446204 0.002066286 0.002271291 
0.129358 0.154772 0.1181123 0.09903583 0.09757844 0.04714508 0.03803267 0.07284708 0.06047149 0.04800955 0.02101774 0.02149157 0.02427142 0.06369849 0.06492245 0.1454263 0.1044977 0.1287092 0.1186109 0.1109374 0.08867069 0.06888421 0.05460688 0.07171832 0.07256975 0.04219643 0.04177604 0.03996175 0.03040861 0.03074714 0.02605315 0.01152751 0.006638948 0.005246988 0.004156104 6.840108e-006 2.335866e-006 7.415721e-008 0.0006472628 0 0.001702462 0.000760488 0.0009152114 0.0007500161 0 0 0 2.187009e-005 3.061177e-005 5.429851e-005 9.284787e-005 0.0006804799 0.002259105 0.01046082 0.0005042413 0.001005836 
0.1903049 0.2093528 0.1059006 0.1355843 0.1182494 0.09088079 0.08214311 0.05691929 0.03563323 0.02992073 0.04058937 0.01356192 0.04373071 0.09413596 0.08123537 0.1195783 0.06572057 0.1143798 0.1344054 0.07656602 0.07720114 0.1147467 0.07243029 0.114161 0.1115122 0.1093823 0.08901933 0.09425772 0.0754601 0.07749225 0.06147918 0.02593255 0.01862576 0.01510851 0.01173433 0.0007886894 0.0001707497 0.003309709 0.005443591 0.003300514 0.00191389 0.0008015114 0.001789007 0.0009310191 0.001407412 0.001441329 0.001646935 0.005295873 0.004708737 1.380174e-006 2.524226e-006 0.002957896 0.0007014643 0.001458358 0.003512779 0.002480763 
0.1692976 0.1404044 0.1133626 0.09580179 0.08199576 0.05536519 0.07812194 0.05232608 0.03843639 0.02935062 0.05533239 0.02271955 0.03350599 0.05722431 0.05657922 0.08076409 0.03200803 0.0627621 0.1147281 0.08461057 0.07067284 0.09277577 0.08508451 0.09770216 0.1089384 0.1277313 0.1048154 0.1198515 0.09863394 0.09503148 0.07571283 0.04019395 0.0296394 0.04364802 0.03136656 0.006183515 0.0007595989 0.00451291 0.003848094 0.001534918 8.93871e-005 7.067235e-005 5.081796e-005 0 0 0.0003508549 0.001391191 0.00883988 0.007362621 0.005096719 1.602848e-006 0.0001998726 0.006331228 0.004661091 0.002912526 0.001330724 
0.1847159 0.1700394 0.1386585 0.07980103 0.1023194 0.1339447 0.05670715 0.1376062 0.07622002 0.02329203 0.05665267 0.04670999 0.08168928 0.03821867 0.03151524 0.05371552 0.03189046 0.05436562 0.128045 0.1063062 0.07499502 0.1215845 0.08829609 0.1045289 0.1224895 0.1281299 0.1000567 0.126645 0.13782 0.1101037 0.08788048 0.04913189 0.0480573 0.07527342 0.03348169 0.01078865 0.005268577 0.004358082 0.0008583975 0.001561788 0.0001534115 0.0001227774 0.0001231871 0 0 3.009229e-005 0.001277841 0.004072115 0.003754421 0.002785658 0.001518752 3.154155e-005 4.182132e-005 0.01030153 0.01808496 0.00756444 
0.1560704 0.1414053 0.1228195 0.1121605 0.1130572 0.1178756 0.07433847 0.08612698 0.04553653 0.04372582 0.02489547 0.05365552 0.06477185 0.04037844 0.02730852 0.09309313 0.06080422 0.06456368 0.09098283 0.1742806 0.06587721 0.09095567 0.08607898 0.08717015 0.1021592 0.1212955 0.1099637 0.1308625 0.1736749 0.1219195 0.1047745 0.04705582 0.04524433 0.06864227 0.06098314 0.01272204 0.001770407 0.003744668 1.961962e-005 0.002825463 0.003827137 0.001314046 0.0001503365 0 0.0003300078 0.001332253 0.00167675 0.001485901 4.628125e-006 0.001436935 0.002246819 0.02228142 0.03163512 0.01358363 0.02123961 0.0004689812 
0.1186433 0.1181369 0.1355179 0.1023131 0.1267672 0.1523489 0.05525845 0.0440941 0.03997372 0.02299037 0.02831275 0.06286991 0.06723916 0.0623666 0.05706737 0.07520993 0.05420531 0.08139743 0.0736905 0.1326992 0.110385 0.05861829 0.05725725 0.1064694 0.1149723 0.1193675 0.1257639 0.1577864 0.1465732 0.1378795 0.1126654 0.06957962 0.06631082 0.04487794 0.02880027 0.004225657 0.00351505 0.004267152 0.000193279 0.0005818324 0.0005006609 0.0004069922 0.0002976031 1.726949e-005 0.001418395 0.001846541 1.502191e-005 7.450592e-005 0.000101849 0.0002041735 0.0003797751 0.0005309808 0.004303078 0.03366645 0.02031559 0.01210267 
0.1472596 0.117446 0.1165536 0.1176684 0.1233822 0.07934749 0.05519862 0.02614881 0.02881282 0.02905516 0.01871975 0.04442923 0.06525205 0.06741154 0.06737269 0.05832455 0.04226525 0.04348681 0.06555182 0.08424034 0.05878471 0.1294683 0.07984812 0.1069012 0.1138634 0.1138707 0.1361675 0.1657013 0.1525667 0.1274626 0.1116393 0.08224244 0.05602867 0.03902362 0.0302726 0.00382098 0.002045698 0.0002778412 0.000247687 0.001475344 0.0006421698 0.003723682 0.008792587 2.24398e-005 0.0005586572 0.001797464 0.003013811 0.0001036733 0.0001414875 0.0002834092 0.0005247378 0.009906208 0.00915923 0.05119353 0.06642915 0.01962559 
0.1031272 0.1064404 0.1026942 0.1055941 0.09841468 0.05787751 0.06593683 0.02348055 0.01031332 0.02059742 0.0241456 0.04211429 0.04523702 0.05017377 0.04651057 0.03796289 0.03772735 0.03744027 0.04422756 0.05547732 0.07410648 0.06244691 0.0453275 0.09497189 0.1171894 0.1520022 0.1478064 0.1708836 0.1699791 0.1291911 0.1146228 0.06539232 0.04431263 0.02871416 0.02249595 0.01452753 0.01128051 0.0003406837 0.002338794 0.00220566 0.0007712884 0.000632078 0.0004782077 2.997466e-005 1.558227e-005 0.0007266804 6.293793e-005 0.0003102265 0.0004217066 0.0006630367 0.00481909 0.001275747 0.02157525 0.03757685 0.05706161 0.01894838 
0.1228699 0.1643834 0.1877458 0.09179828 0.04530782 0.04313061 0.02646458 0.01780436 0.03046727 0.01499572 0.009124613 0.03393825 0.03578674 0.02698643 0.02417309 0.0319598 0.03619788 0.03796653 0.02996738 0.0422177 0.1076925 0.06638215 0.03523436 0.06612545 0.08728948 0.1538559 0.1433385 0.1326122 0.1473945 0.1037555 0.08732107 0.06694207 0.06416637 0.02722209 0.01737273 0.01188199 0.02676935 0.0009554238 0.0009103807 0.001049506 0.0008897998 0.0007328961 0.003154179 3.997217e-005 2.581633e-005 0.001212931 0.0001410321 0.007159476 0.0009367118 0.001330715 0.001853816 0.002282679 0.002812061 0.01693044 0.04461623 0.03274038 
0.2114974 0.2204595 0.08866924 0.03114923 0.02461364 0.01592965 0.02257654 0.03351862 0.02650104 0.01855609 0.01871876 0.03704476 0.03548462 0.03508125 0.03550058 0.04447076 0.0486042 0.0523012 0.06566904 0.1139011 0.08306762 0.04772637 0.03848911 0.05507709 0.06188692 0.08979166 0.09332899 0.09261249 0.138883 0.09588055 0.06216808 0.05127991 0.03493504 0.0218382 0.0124242 0.01643137 0.03884359 0.006650446 0.005178869 0.002048745 0.002372864 0.0007069178 0.00391621 0.04676226 0.01890427 0.0001508677 0.0003560135 0.002434621 0.003269532 0.0120534 0.006426314 0.007947455 0.01579736 0.02389989 0.02708297 0.03654355 
0.1532532 0.2278055 0.0513158 0.009736389 0.01741844 0.0168841 0.01998896 0.01387361 0.01276334 0.009327614 0.009404466 0.03637469 0.03628333 0.03735296 0.04178861 0.1027549 0.1561337 0.11139 0.07197528 0.066184 0.04693219 0.04088064 0.02720406 0.04215989 0.05225381 0.06223649 0.06045308 0.07466348 0.09203448 0.09108297 0.07702713 0.03775804 0.0242987 0.02817094 0.01132155 0.008929346 0.01112751 0.005355458 0.003977833 0.003434238 0.01016897 0.002325778 0.0006706792 9.767877e-005 7.553422e-005 0.0002040678 0.0004808808 0.003246277 0.004496347 0.007230382 0.01755365 0.01031294 0.02689747 0.02822559 0.02946778 0.03649465 
0.183491 0.1807827 0.03755867 0.02081682 0.007408311 0.00909374 0.009442588 0.009860036 0.008901918 0.007327449 0.007756094 0.03949259 0.05086865 0.04091388 0.0535256 0.1138524 0.1211144 0.08960312 0.08408558 0.05778881 0.02935627 0.04611448 0.02308073 0.03304939 0.04034436 0.05731675 0.1083829 0.06555583 0.07157271 0.04898991 0.04479988 0.01839093 0.0229039 0.009363219 0.007225662 0.005096986 0.003435253 0.002220568 0.00169584 0.003013388 0.002159503 0.0009636102 0.001125935 0.0002371964 0.0002736607 0.000478491 0.0008481011 0.005370532 0.008860027 0.01805407 0.01465021 0.01851046 0.02172955 0.02456496 0.02938044 0.04949957 
0.1678339 0.1946137 0.0433613 0.05743415 0.01361831 0.02178942 0.01504486 0.007171062 0.009603502 0.008636718 0.01087327 0.03728427 0.04131188 0.04331243 0.05380832 0.09551983 0.108596 0.07848364 0.06088841 0.03395844 0.02407007 0.03668758 0.01797774 0.03223835 0.04260357 0.04728235 0.05908833 0.05359988 0.04288816 0.03425322 0.03936131 0.01451197 0.03206854 0.00704822 0.006765279 0.004970436 0.003940667 0.002513782 0.001863352 0.001262991 0.001650306 0.001150197 0.001930217 0.0005347676 0.0006487892 0.0009640564 0.001878966 0.008479657 0.009823103 0.01188356 0.01980154 0.01896455 0.01819814 0.01238619 0.03106003 0.05566318 
0.3268902 0.1279452 0.06046016 0.04269058 0.04484356 0.01501269 0.01170412 0.01021376 0.01206476 0.0125776 0.01111207 0.03074159 0.03455256 0.06630282 0.1082116 0.108816 0.06466196 0.04529221 0.02729175 0.02387393 0.04137147 0.05405611 0.02125784 0.02451858 0.03843174 0.08969279 0.09870063 0.09576643 0.03266272 0.02307238 0.007953177 0.01511165 0.01564897 0.0115255 0.01184531 0.00851998 0.007054818 0.005057523 0.00613866 0.009455289 0.015358 0.0005667006 0.003279106 0.005817995 0.003014964 0.00449606 0.009419932 0.01794031 0.02183655 0.02268383 0.02897109 0.03501685 0.03229647 0.04156769 0.04789287 0.08177754 
0.3633035 0.130055 0.04521905 0.03634265 0.02732881 0.01370915 0.01782524 0.01205525 0.0104494 0.01252217 0.01028403 0.03077454 0.03658051 0.08773301 0.09515581 0.09672944 0.07264183 0.04804544 0.02388946 0.01410886 0.003200765 0.005696183 0.03716444 0.04321586 0.07703123 0.1210037 0.09134948 0.03465224 0.01649334 0.008662371 0.005617297 0.01485833 0.01601247 0.01055923 0.01599608 0.007702598 0.006803681 0.005863413 0.003593812 0.000459491 0.000696966 0.0003128394 0.003216405 0.01967437 0.02470906 0.0132701 0.01088933 0.02072514 0.02397109 0.02519458 0.03551932 0.03440218 0.05146056 0.0455884 0.05967092 0.1181578 
0.3094262 0.175705 0.03533784 0.0236086 0.01132132 0.009684619 0.009015008 0.009702718 0.01025588 0.01486918 0.01886543 0.02991154 0.03178258 0.04955559 0.09460474 0.05898823 0.04521958 0.03434743 0.01694681 0.01568099 0.01037539 0.01530051 0.07305562 0.04148873 0.07836781 0.07904811 0.03947159 0.0153231 0.009769722 0.007049507 0.005792946 0.007835104 0.007700604 0.007496906 0.006578689 0.006281182 0.005440453 0.004789718 0.003323075 0.0005520935 0.00456267 0.007835803 0.0009425673 0.003868007 0.006115044 0.008311536 0.01054938 0.02287395 0.02454219 0.02796331 0.03032581 0.05381371 0.05649837 0.04130224 0.07363353 0.09931192 
0.2828535 0.085399 0.02253305 0.01558855 0.0299373 0.01393511 0.008809909 0.01094041 0.009800574 0.01540151 0.02882627 0.03536537 0.03454635 0.05967728 0.04277762 0.02692265 0.02218029 0.01761466 0.01291918 0.01166413 0.03643161 0.02446811 0.08549608 0.02237469 0.03599407 0.0699431 0.0204199 0.01010795 0.009218125 0.002695134 0.004167224 0.006199619 0.00661945 0.006496064 0.006507487 0.007019056 0.007721866 0.003488696 0.003483655 0.002638177 0.002433403 0.004318112 0.00114727 0.00468749 0.006198385 0.009375214 0.01085141 0.02785066 0.02803427 0.03317856 0.03946207 0.05484062 0.04325862 0.05829858 0.08223826 0.07913128 
0.2128016 0.06679419 0.02531022 0.02650279 0.01645567 0.01522383 0.0107274 0.01096278 0.01331565 0.01444635 0.02556328 0.02966992 0.03190969 0.01373941 0.01061537 0.0118607 0.009426647 0.007523546 0.006422302 0.003257319 0.02683582 0.04403254 0.03253315 0.01248712 0.02960251 0.01494296 0.01630695 0.005148845 0.004736163 0.004591877 0.003492612 0.004629638 0.003591353 0.004245355 0.002992017 0.001720593 0.001358411 0.001082401 0.0008969879 0.004704455 0.0002192667 0.0006979818 0.00268567 0.01243267 0.01669107 0.01923182 0.02172746 0.03484575 0.03905326 0.05651206 0.06242782 0.04950313 0.06229674 0.08311269 0.1042279 0.08579621 
0.1535039 0.03611267 0.02866673 0.01695282 0.008927242 0.009111569 0.01091463 0.01430476 0.020281 0.04853861 0.02546246 0.01220926 0.01199145 0.0117305 0.02114294 0.01455436 0.01022653 0.006136053 0.004639457 0.004758287 0.002591359 0.002295768 0.001638108 5.249157e-005 0.05036836 0.003956879 0.01012197 0.001994733 0.003998233 0.007650039 0.00494747 0.003167449 0.004083073 0.00387093 0.002336873 0.001276827 0.0009336395 0.0007277757 0.000659354 0.002043064 0.0001919671 0.001027567 0.002440318 0.01265908 0.01594282 0.0195882 0.03459683 0.04123396 0.05319095 0.05511728 0.05767328 0.03887044 0.0645601 0.09018701 0.08728395 0.08736208 
0.1195603 0.02235497 0.009227209 0.009607465 0.008595805 0.009152378 0.008466691 0.009840854 0.01673366 0.05176452 0.01726632 0.01053183 0.009883393 0.009144227 0.009026319 0.01213999 0.006327357 0.00670809 0.01025355 0.01312983 0.009528744 0.0002841236 4.948596e-005 1.730557e-005 0.0006093035 0.004195594 0.0005774585 0.0003362329 0.001711173 0.006939505 0.002702343 0.003923068 0.003599226 0.002491893 0.001929024 0.001038907 0.0007477344 0.0006295043 0.0006899899 0.0003294585 0.0002984102 0.001184579 0.002239829 0.01260973 0.01900034 0.02301397 0.02623863 0.03863493 0.03864919 0.04649033 0.06454906 0.04424892 0.055507 0.08088034 0.08560361 0.09154219 
0.1014411 0.07091455 0.007300626 0.007425969 0.007966463 0.009933623 0.009567623 0.008773165 0.009639834 0.009623605 0.009592185 0.008939973 0.008168954 0.007165978 0.008414471 0.007077667 0.005084362 0.003268644 0.01161349 0.000852159 0.0003677182 5.307924e-005 4.686414e-005 1.752305e-005 1.483116e-005 2.527368e-005 4.901415e-005 0.003411523 0.002989156 0.005276429 0.008328903 0.002020587 0.002114121 0.002090429 0.001785473 0.001012909 0.006436738 0.002833579 0.0009872535 0.008249096 0.004154045 0.001389879 0.002617515 0.01317903 0.01766832 0.02073915 0.02934939 0.03654912 0.03307423 0.06683048 0.08249912 0.05196687 0.05502419 0.08980034 0.09979182 0.08164845 
0.1166959 0.1293911 0.0501372 0.008564784 0.006819527 0.008813414 0.007751717 0.0126549 0.02647657 0.02954338 0.01520771 0.005104238 0.005039028 0.005477767 0.003841238 0.002503466 0.001553489 0.0008387698 0.0006243322 0.0003532396 0.001289792 5.419055e-005 0.0005871619 0.0004827747 0.0005371036 0.0002094659 0.0005631691 0.0008561959 0.001097734 0.00670899 0.002377247 0.001700492 0.0017407 0.00263515 0.002011252 0.003259676 0.049001 0.002923954 0.001438278 0.002586942 0.003191933 0.005212511 0.008712417 0.01662457 0.02545515 0.03245827 0.03331868 0.02981821 0.03126936 0.06471904 0.08088195 0.05510838 0.07823745 0.07791486 0.09532555 0.08306452 
0.1069241 0.1352342 0.07218396 0.006168065 0.01339284 0.00651163 0.01053018 0.01327962 0.009696665 0.01706698 0.004202662 0.004714118 0.006281434 0.003775038 0.002396599 0.001352964 0.0008392545 0.0005144916 0.000383425 0.0002209425 0.003662792 4.763017e-005 4.784503e-005 0.0002192908 0.00025264 0.0001428965 0.004826965 0.00221183 0.002285902 0.0014467 0.003059932 0.001398606 0.001474688 0.003903294 0.001728471 0.001441358 0.002276256 0.0021428 0.002664388 0.007138124 0.004647681 0.005143713 0.006788154 0.01717407 0.02238362 0.02944457 0.04344267 0.03333545 0.03425421 0.04491784 0.06447112 0.06660739 0.0915811 0.05955921 0.09107909 0.07318548 
0.1083026 0.09875328 0.03404189 0.006040869 0.02351085 0.008321119 0.006214655 0.009554887 0.03914899 0.02381342 0.03761707 0.004350804 0.003794923 0.002920285 0.001876645 0.001007016 0.0009392824 0.0005683296 0.004880376 0.001023906 7.083227e-005 3.908249e-005 4.157675e-005 0.0002541351 0.0006132016 0.0001376541 0.0002384679 0.005937837 0.001414832 0.0009020487 0.01691519 0.001454836 0.001412047 0.001320584 0.00132704 0.002978399 0.002595967 0.002910724 0.003684428 0.005412356 0.003456005 0.004860798 0.007469079 0.01813225 0.02287154 0.03044591 0.03623625 0.04234434 0.06603629 0.05373374 0.06071724 0.06331346 0.06449065 0.07642905 0.09248041 0.05274194 
0.06063632 0.08304479 0.02707062 0.006026037 0.0170199 0.006483859 0.005883361 0.00619205 0.01720227 0.02550228 0.02793923 0.004692888 0.00563672 0.002852021 0.001695524 0.004103293 0.002154378 0.0008862564 0.0007143202 0.0001040968 5.260999e-005 2.870233e-005 3.198503e-005 0.0002402552 6.892291e-005 0.0001165108 0.0003667893 0.0005241094 0.002963355 0.0007853478 0.001009778 0.001256305 0.001326785 0.001262113 0.001316514 0.001084577 0.001126557 0.001901753 0.003713126 0.003361008 0.004811058 0.009598023 0.0106317 0.01972258 0.0237735 0.03282026 0.04683616 0.0505796 0.05466286 0.07155796 0.05902587 0.05840058 0.04792968 0.08969355 0.08972748 0.07415324 
0.03270746 0.03755733 0.02248663 0.01852032 0.01781316 0.02585568 0.01450375 0.02077649 0.04715971 0.02496823 0.02299232 0.003220415 0.01340725 0.003963165 0.001597709 0.001197168 0.002345158 0.003802425 0.001604462 0.0002150441 0.002073993 0 0.0006175387 0.001054508 0.009641076 0.0002271117 0.001945734 0.001105891 0.002357684 0.0005771626 0.0005764402 0.0006397684 0.001496152 0.002040979 0.001715519 0.0006240378 0.000668295 0.001088096 0.002269142 0.005643697 0.01133055 0.00642439 0.008267501 0.02105384 0.0236764 0.03365671 0.03710585 0.04599043 0.03892451 0.06707186 0.05019214 0.07637098 0.05947581 0.05528226 0.09379032 0.09120969 
0.00744909 0.005432907 0.01558014 0.02228101 0.01436949 0.02787903 0.01377277 0.04160179 0.06041231 0.009420021 0.008113878 0.002974285 0.003355627 0.002267306 0.001396774 0.0006503855 0.00173207 0.001657058 0.0005942968 2.122516e-005 0 0 0.0006433207 0.0002228952 7.420612e-005 9.366383e-005 9.6571e-005 0.0002724728 0.0003578285 0.0008489927 0.001020721 0.000571162 0.0006351368 0.000711147 0.000797434 0.0006410419 0.0007033052 0.001225737 0.003382966 0.004681859 0.005467245 0.007293801 0.01520999 0.02328748 0.02529547 0.02854394 0.04789719 0.039217 0.03548953 0.05090766 0.04929394 0.06431451 0.04875 0.03814516 0.06782259 0.07225806 
0.003013149 0.003008579 0.009870878 0.01834168 0.01382718 0.02837298 0.01764921 0.06152217 0.04815134 0.02196716 0.007732753 0.002838584 0.002244422 0.002154361 0.004841912 0.001015119 0.001946241 0.001125652 0.0005937589 5.860011e-005 0.0003743937 0 0 0.0001147261 2.012303e-005 3.990149e-005 0.0002098468 0.000210796 0.0002774821 0.0003451175 0.0004152741 0.001054157 0.0005555074 0.0006466167 0.0007608024 0.0006344289 0.0007143946 0.001252125 0.00368101 0.007233026 0.03357543 0.01727986 0.01430766 0.02767804 0.03042192 0.02599045 0.03409511 0.04661494 0.037807 0.04025075 0.05518525 0.05834677 0.04524194 0.03548387 0.06737904 0.04661291 
0.01069865 0.00888582 0.007103909 0.01751182 0.01450144 0.02197929 0.01916118 0.02579485 0.02380787 0.02282392 0.03703597 0.01391637 0.002203266 0.001703645 0.001278523 0.002319102 0.002749578 0.001500057 0.002893756 0.0003771001 0 0.0005214391 0 1.027312e-005 0.003811914 0.0001587574 0.0002371208 0.0001541129 0.0002033229 0.0002899152 0.0003230895 0.000604569 0.0004524215 0.000554552 0.0006923397 0.0006814528 0.0007004219 0.001182173 0.002054568 0.01758256 0.03989733 0.02011412 0.01765892 0.02376061 0.03248404 0.04963291 0.02834897 0.03462607 0.04177307 0.04369437 0.04393154 0.04758064 0.04258065 0.05108871 0.03834677 0.0366129 
0.04213805 0.04957134 0.002170797 0.0171038 0.02924381 0.02743885 0.2245322 0.03437655 0.02616742 0.03959072 0.02342813 0.00693032 0.002296044 0.001785825 0.00688916 0.003678568 0.002944407 0.004133061 0.003332861 0.0008385355 0.002712856 0.001250981 0.0005047118 0.0001752656 0.000325644 0 0 3.979735e-005 5.265603e-005 7.108365e-005 9.4742e-005 0.0008496617 0.001499844 0.0004836062 0.0006585923 0.0006761024 0.0008116202 0.00131354 0.00214918 0.005619222 0.01139833 0.01413944 0.01670927 0.02043943 0.02202353 0.04691623 0.0183286 0.02196088 0.03114926 0.03637193 0.02282484 0.04463709 0.04649194 0.04165323 0.03790322 0.02975806 
0.04417051 0.04358238 0.001547252 0.01132073 0.01138684 0.04146497 0.1551445 0.04008425 0.009962904 0.009395259 0.007712319 0.006584697 0.00286127 0.002836579 0.002254597 0.003654642 0.003866917 0.002685087 0.005659231 0.001688242 0.0004195044 0.001079821 0.0006083854 0.0004847105 0.0002233351 0 0 1.653175e-005 2.210138e-005 3.556528e-005 5.679556e-005 0.0002018484 0.0002563176 0.0004164431 0.0005860739 0.0006376342 0.0007994708 0.00123282 0.001923045 0.01178976 0.009470904 0.01604625 0.01373235 0.02088518 0.02532666 0.04694028 0.02355764 0.02348685 0.02993124 0.03400299 0.04162003 0.04919355 0.03592743 0.0371371 0.03064516 0.03358871 
0.001556649 0.001546939 0.001536429 0.01114073 0.0111865 0.01095541 0.3129066 0.0311256 0.00975331 0.008797106 0.007994632 0.003972077 0.002207428 0.001886585 0.002783942 0.002485272 0.002521752 0.002046556 0.001987557 0.002612754 0.001161359 0.001010804 0.0007249653 0.0006933147 0.0004875822 0.0004210881 0 4.261125e-006 5.957416e-006 1.727268e-005 0.0002244147 0.000153199 0.0002071259 0.0003388295 0.0005476401 0.00065227 0.0007799822 0.001191734 0.003740454 0.007643136 0.01103136 0.03866146 0.01741771 0.0200706 0.02490879 0.02777578 0.02238503 0.0243973 0.03233282 0.04127828 0.04555832 0.03391128 0.0371371 0.03415322 0.03568549 0.03407258 
