ncols         56
nrows         54
xllcorner     28.264
yllcorner     -5.7719999999999
cellsize      0.25
NODATA_value  -9999
0.0208511 0.0157422 0.006060936 0.005370997 0.005361078 0.005344105 0.009155519 0.01737342 0.01560751 0.00790001 0.009905572 0.02944598 0.03380375 0.0253048 0.02590766 0.04116071 0.05969607 0.06067265 0.06777476 0.04993849 0.04607481 0.06648235 0.06972941 0.06396195 0.1061952 0.1345322 0.1089494 0.1287447 0.1209527 0.13511 0.1159391 0.1347208 0.1108241 0.1039632 0.09797639 0.06352656 0.06343298 0.05646712 0.04635875 0.04025506 0.03922629 0.04306845 0.0456277 0.05216587 0.05943448 0.058137 0.06014732 0.07471991 0.08200789 0.08514501 0.09515765 0.1240887 0.1238029 0.1287265 0.129948 0.1035154 
0.04615374 0.035462 0.01942648 0.01057234 0.008247582 0.02883919 0.02561905 0.01522205 0.01442471 0.01219563 0.01481913 0.03421767 0.03197857 0.03468191 0.02915737 0.04855687 0.06283065 0.09371503 0.08325322 0.05072251 0.06168482 0.06459256 0.05444143 0.07532904 0.08698602 0.1283859 0.1516046 0.1577314 0.1096503 0.1171439 0.1298104 0.1367557 0.1192381 0.1078579 0.1075042 0.07828636 0.07532559 0.06459588 0.05315879 0.04695299 0.04692692 0.04855393 0.0527448 0.05742017 0.06685652 0.06401111 0.07022136 0.08287217 0.08718134 0.1015556 0.1147795 0.1152432 0.117624 0.1209249 0.1155486 0.09309492 
0.07947246 0.06454845 0.03810852 0.02622089 0.0271426 0.02658448 0.01454036 0.02388565 0.01629302 0.01350897 0.01680819 0.03906061 0.04003369 0.05600324 0.05514525 0.06906371 0.06218801 0.07009151 0.07890718 0.05569185 0.06818957 0.06608956 0.05989152 0.0720662 0.09034148 0.1103063 0.142336 0.1475937 0.1174178 0.1336371 0.1283767 0.1752322 0.1290142 0.13475 0.1379907 0.09476039 0.1017355 0.07606953 0.06306042 0.05428747 0.0560203 0.06296515 0.06152021 0.06838205 0.07089075 0.07429569 0.07735575 0.08699755 0.09467458 0.1131814 0.1089546 0.1302979 0.1222201 0.1126183 0.1126481 0.087773 
0.1086387 0.08858573 0.0740535 0.06115066 0.05692922 0.04560747 0.03670723 0.02419033 0.02397622 0.01293166 0.00456701 0.01634732 0.01682858 0.01677889 0.03725687 0.04640245 0.04486216 0.04575069 0.05183622 0.07119218 0.07781687 0.07914475 0.06793933 0.07443931 0.09538901 0.1140265 0.1368692 0.2032209 0.181789 0.1609129 0.1505863 0.2399482 0.2080961 0.1919395 0.1898041 0.2062633 0.1686583 0.1261783 0.09331959 0.08712026 0.1043399 0.09610548 0.08631423 0.1026551 0.09746546 0.1090339 0.1289769 0.1408904 0.1380263 0.1380913 0.1451315 0.137999 0.1155101 0.1084911 0.1020019 0.0499342 
0.1150154 0.1039561 0.08850925 0.08605721 0.07004533 0.05490971 0.05281176 0.02595009 0.01961995 0.008581641 0.01329665 0.0160055 0.01796388 0.01999134 0.05664749 0.03954296 0.04179761 0.03679403 0.03937108 0.0513191 0.05463603 0.07079933 0.07340328 0.08417169 0.09286418 0.1065604 0.1211907 0.167264 0.1635792 0.1478516 0.1469282 0.2369294 0.2225941 0.1977732 0.1807913 0.180212 0.1882838 0.1259459 0.1023173 0.093629 0.1227225 0.110461 0.1034993 0.1143631 0.1148645 0.136959 0.1504428 0.1400842 0.1611186 0.1551411 0.1496156 0.1155103 0.1374589 0.1278185 0.112876 0.05309548 
0.1398069 0.1151747 0.1279259 0.1358218 0.1009771 0.09653785 0.09110314 0.03347113 0.01870212 0.02594029 0.02593808 0.02215425 0.02188371 0.02153949 0.03734058 0.04349076 0.03669794 0.03652015 0.03812194 0.0593712 0.05801247 0.05805265 0.06878927 0.09292212 0.1060455 0.1111787 0.1273516 0.1565462 0.159097 0.1587573 0.1593852 0.2335894 0.2219561 0.2105981 0.2231659 0.20811 0.1653519 0.126711 0.1199284 0.1033034 0.1177918 0.1138495 0.1004727 0.1188171 0.1217072 0.1335852 0.1422929 0.1529882 0.164587 0.1653977 0.1593807 0.1226287 0.1466351 0.1364874 0.1221146 0.06186922 
0.1673341 0.1478796 0.1862456 0.1901781 0.1397066 0.1601845 0.1075419 0.03330934 0.03938859 0.05599995 0.03128811 0.02949981 0.03313348 0.03906551 0.0352626 0.0448663 0.03756686 0.03820449 0.03915217 0.05077181 0.06524479 0.08639228 0.09905188 0.1237173 0.1311271 0.1413213 0.1530213 0.1575177 0.148393 0.1538099 0.1720894 0.2761998 0.2594995 0.2305638 0.2294489 0.2178017 0.1772452 0.143163 0.134074 0.1175903 0.1148527 0.1077883 0.1252525 0.1404909 0.1419623 0.1565452 0.1624398 0.1536902 0.1647144 0.1752415 0.1621914 0.1379526 0.1525005 0.182967 0.1672391 0.07965022 
0.1423398 0.1585886 0.2361476 0.1588432 0.1396951 0.1117437 0.1062889 0.07087729 0.0579286 0.07404238 0.04729639 0.04887786 0.03911091 0.04902834 0.05664489 0.05624947 0.08253899 0.04301227 0.04660697 0.06583219 0.06382657 0.06865726 0.08094992 0.0953182 0.109455 0.09987322 0.113571 0.118529 0.09928762 0.1002804 0.09829667 0.1725197 0.1638069 0.1402839 0.1236505 0.168275 0.1447069 0.1076218 0.1168642 0.1079356 0.1114143 0.1182907 0.1331416 0.1447631 0.1532691 0.1634147 0.1548774 0.09134015 0.110938 0.119335 0.1308598 0.1207957 0.1436988 0.1848404 0.2225589 0.1028591 
0.1412867 0.13933 0.1397328 0.134377 0.1263488 0.09784918 0.1035405 0.1050774 0.08924256 0.1278382 0.08921371 0.05348016 0.05489989 0.05221923 0.09473152 0.08712118 0.06704457 0.09508365 0.04918525 0.07162056 0.05896806 0.06529645 0.07895285 0.09629068 0.09981512 0.0930071 0.1072359 0.1096285 0.09954795 0.09015334 0.09382337 0.141595 0.1381402 0.1714429 0.137495 0.1471304 0.1473399 0.1370951 0.1058153 0.1097135 0.1335068 0.1201791 0.1215512 0.1601322 0.1470419 0.1579233 0.1665297 0.1067303 0.1006702 0.1086536 0.113543 0.09108781 0.09805914 0.1447248 0.2144332 0.09389997 
0.1680733 0.1532278 0.1487025 0.1240116 0.1139163 0.1031164 0.1134999 0.1323059 0.1185453 0.1323997 0.1105861 0.07733507 0.0690645 0.07002354 0.08291676 0.08908062 0.08387185 0.06760886 0.06288704 0.07743294 0.07220425 0.06259046 0.07394718 0.1089341 0.0955366 0.08119708 0.1112123 0.09682973 0.09284607 0.1000566 0.08543244 0.1393406 0.1244912 0.14274 0.1225873 0.102897 0.1150533 0.09870955 0.09881387 0.1114692 0.1126052 0.1160825 0.129532 0.1503116 0.153346 0.1457013 0.1507124 0.1131503 0.1034698 0.1034 0.1214368 0.07886533 0.08312946 0.1151659 0.1321506 0.07177716 
0.1420386 0.1574391 0.1286555 0.1220701 0.1303127 0.1415872 0.1389095 0.177047 0.1664181 0.1469462 0.139769 0.09742565 0.09550657 0.103462 0.1084718 0.1086197 0.1198755 0.1043712 0.06895021 0.07377049 0.07428793 0.07062275 0.08199129 0.09499618 0.08990696 0.1181845 0.09154733 0.06928588 0.08280876 0.08639515 0.07947986 0.1160874 0.1184764 0.1018191 0.1118262 0.1196232 0.0774667 0.0766661 0.08043356 0.10072 0.1167725 0.1117102 0.1266631 0.1412375 0.1430428 0.1282339 0.1215058 0.1039042 0.1018292 0.1036885 0.1080663 0.07763986 0.08034561 0.09275482 0.1056919 0.07554256 
0.2321954 0.1889848 0.2012372 0.2464844 0.1972467 0.2209672 0.1974898 0.1599232 0.1449609 0.1298676 0.0982753 0.1064496 0.1048113 0.1215547 0.1371588 0.1555946 0.1406672 0.1466031 0.1186378 0.08204551 0.0549074 0.04847034 0.03979688 0.04216755 0.04961067 0.06666887 0.04870927 0.04424101 0.03756371 0.04136079 0.04154744 0.03253279 0.03633382 0.05105398 0.04706496 0.0894663 0.07684195 0.06206945 0.05976051 0.08841208 0.1014058 0.09810399 0.1127203 0.1094719 0.09720892 0.1084627 0.1057786 0.1009019 0.09284148 0.09195754 0.09181837 0.02515444 0.02391469 0.0235436 0.02603248 0.03179123 
0.2300331 0.2122777 0.2151991 0.1928605 0.1589891 0.1705385 0.1955778 0.1649118 0.1655652 0.1262895 0.09923261 0.1164203 0.1009012 0.1305591 0.1152598 0.160363 0.1557083 0.1332283 0.1174285 0.07416348 0.05531998 0.04544673 0.02167336 0.03433549 0.05115779 0.04193628 0.07964509 0.03592646 0.03218545 0.03367032 0.03554788 0.02975586 0.03898166 0.04526335 0.04292711 0.06273518 0.06076203 0.05443342 0.04942076 0.08667252 0.0911148 0.1054608 0.1083235 0.1033105 0.09634969 0.1059248 0.111188 0.1074298 0.0913347 0.09047004 0.09364836 0.02654113 0.02765135 0.03166731 0.02959244 0.03577218 
0.3335282 0.2415643 0.2509353 0.232167 0.1836544 0.181626 0.189219 0.1698348 0.1973943 0.1388507 0.1568636 0.1464914 0.1090269 0.1080111 0.1195426 0.1645883 0.1548772 0.138204 0.1233525 0.08889617 0.06394465 0.05652725 0.03982858 0.05722438 0.05781225 0.03338845 0.0459045 0.02836923 0.0305958 0.02896927 0.02800957 0.02635707 0.04151736 0.05621277 0.05181832 0.07371652 0.05565099 0.04849233 0.04466614 0.08931822 0.09543882 0.1107589 0.09853233 0.1108356 0.09837172 0.1050133 0.1108277 0.1001675 0.1020497 0.09438587 0.1019422 0.05379616 0.03503599 0.03978485 0.03773704 0.04074802 
0.2419344 0.2483771 0.2818353 0.2328931 0.1673955 0.1318811 0.1817387 0.2077683 0.2095013 0.2306909 0.2186075 0.1495321 0.121409 0.1045642 0.1279694 0.1668615 0.152041 0.1474733 0.1305878 0.07070784 0.05687762 0.05354664 0.05273511 0.05184873 0.06014891 0.05099465 0.02641009 0.02438878 0.02327904 0.02471768 0.03205237 0.02771672 0.02853978 0.03031802 0.03928605 0.0507849 0.04570026 0.04264662 0.04975864 0.09197738 0.09991632 0.1015342 0.1106191 0.1217588 0.1027844 0.1011013 0.1082844 0.09535665 0.1141912 0.1091973 0.1208222 0.05833916 0.03702714 0.0408145 0.04976796 0.05076382 
0.1777501 0.1898722 0.1842982 0.1284892 0.09261713 0.06511159 0.08172313 0.2224125 0.2156716 0.226602 0.1896966 0.1029988 0.07465953 0.06596245 0.1060324 0.1399188 0.1227919 0.1543134 0.1374162 0.06854098 0.0568869 0.05227474 0.05258099 0.04446322 0.0400301 0.02565071 0.01725274 0.01267336 0.01240859 0.01873845 0.01820137 0.06939458 0.03820459 0.04535217 0.05304246 0.04352323 0.04931165 0.0529384 0.05668575 0.08348469 0.09544901 0.1016264 0.1031446 0.06848227 0.06818195 0.07395245 0.08145348 0.09103329 0.1254905 0.153783 0.1189621 0.06789034 0.05216472 0.06346535 0.09216642 0.10401 
0.1781401 0.1460284 0.1332263 0.09700025 0.09185033 0.07446826 0.05600677 0.1904632 0.1879442 0.1679738 0.1263479 0.07473151 0.08134449 0.107368 0.1358742 0.1575331 0.1492212 0.2029417 0.2136485 0.1165515 0.09313001 0.0639554 0.04295185 0.04126218 0.02661172 0.0204966 0.01846953 0.01424016 0.03085448 0.02352288 0.01730003 0.0414739 0.03952178 0.04391222 0.05161812 0.04498839 0.05102996 0.05754432 0.05581288 0.09344789 0.1022982 0.1031762 0.1032981 0.08354603 0.07268018 0.08939712 0.09451386 0.1016369 0.108446 0.1163487 0.1302546 0.06411783 0.05978791 0.06113002 0.1397161 0.1119045 
0.1624825 0.1281373 0.1010772 0.0993224 0.07458871 0.06373441 0.07577972 0.1183625 0.1334939 0.1250071 0.1120584 0.1010704 0.0860371 0.1390847 0.1182992 0.199369 0.2006031 0.2009967 0.2039188 0.1698597 0.07997459 0.06496157 0.03471597 0.03483117 0.03287657 0.02949574 0.02304439 0.02739911 0.01719459 0.02090272 0.02423772 0.0375757 0.04069392 0.04686592 0.05454215 0.04712685 0.05279769 0.06583629 0.05931697 0.09205068 0.1060708 0.1053965 0.1056277 0.08635253 0.08985317 0.09401315 0.0955759 0.1591319 0.1344249 0.1131731 0.1189287 0.05837352 0.06254821 0.09171016 0.1349872 0.1315871 
0.1360852 0.1110462 0.09290245 0.1007334 0.08914858 0.08202329 0.08382779 0.09135494 0.07806368 0.106529 0.1470911 0.1110405 0.1205544 0.1125708 0.1431997 0.151858 0.2091509 0.2303776 0.239487 0.1826298 0.1349891 0.1142603 0.05188974 0.05529111 0.04607634 0.03988306 0.03677776 0.03290831 0.02372064 0.02255621 0.02417517 0.04100731 0.04522444 0.05055993 0.05819841 0.04969901 0.05533234 0.05861747 0.05939216 0.08895463 0.09791461 0.1024777 0.1038354 0.09307348 0.09666816 0.1111824 0.1175995 0.2100148 0.1727978 0.147369 0.1288096 0.06481075 0.08033241 0.09812984 0.1219293 0.1752847 
0.1252354 0.139259 0.1645786 0.1244453 0.1246473 0.1236414 0.1191326 0.07433549 0.05497667 0.06716225 0.09141961 0.173712 0.1911579 0.1988267 0.1730018 0.1343095 0.1700014 0.1699028 0.2318771 0.2218021 0.1711293 0.1689341 0.1768793 0.1096039 0.07840399 0.08050185 0.08416115 0.08480664 0.08339094 0.05627365 0.05963068 0.06757583 0.0726697 0.07302807 0.08213425 0.07259975 0.07565673 0.08490662 0.07644702 0.1142235 0.1213835 0.1253466 0.1421197 0.1402883 0.1360345 0.1480179 0.169452 0.1365721 0.1495124 0.1773204 0.1889633 0.1682168 0.1577169 0.139683 0.1484819 0.1796464 
0.1031656 0.1472046 0.2400628 0.1512698 0.1235893 0.1034272 0.07367089 0.06131569 0.05805684 0.0650968 0.05196403 0.1328394 0.1355328 0.1665336 0.1596157 0.1124095 0.1628766 0.1849302 0.260481 0.2382957 0.2103965 0.1898595 0.1838696 0.101945 0.0829433 0.09417176 0.09848468 0.1061458 0.12942 0.08686612 0.07588961 0.08698752 0.08224165 0.08235644 0.09254283 0.08608063 0.08631705 0.09086315 0.0803292 0.1147926 0.127134 0.1330661 0.139622 0.1454029 0.1349017 0.1447911 0.156349 0.1500478 0.1559064 0.2054725 0.2652027 0.2241705 0.175224 0.1408449 0.1289549 0.1394706 
0.1190636 0.1591761 0.1924996 0.1661435 0.1017404 0.06843969 0.06635473 0.07789492 0.05059023 0.04102135 0.0462202 0.1253991 0.1197433 0.1182557 0.1292286 0.1377999 0.1294889 0.1857098 0.2272546 0.2258892 0.2480606 0.2341578 0.185366 0.1193881 0.1008478 0.1073291 0.1215462 0.1563526 0.134003 0.1105249 0.09750348 0.1107132 0.1025711 0.09716118 0.1003441 0.07772337 0.09237641 0.0966661 0.09782128 0.1310207 0.1342919 0.1332104 0.1434731 0.1359213 0.1350438 0.1468865 0.1580959 0.1529124 0.147376 0.1679102 0.227163 0.2056836 0.153519 0.1340002 0.1200987 0.150942 
0.1464547 0.140128 0.1455501 0.1394699 0.1403812 0.1010028 0.06423266 0.0579317 0.03583654 0.03257893 0.04133802 0.1070149 0.09356701 0.1551998 0.1585065 0.1107926 0.1469239 0.1366945 0.1743975 0.2336612 0.2354301 0.307886 0.1378707 0.1605749 0.1304986 0.130425 0.1453806 0.185151 0.1658476 0.1312378 0.1247348 0.134674 0.1248735 0.1184776 0.1159875 0.08587805 0.08633199 0.0880948 0.1081895 0.1530499 0.1480589 0.1331089 0.1366424 0.1366784 0.1390761 0.1429455 0.1623373 0.125047 0.1212949 0.1462481 0.2007311 0.1873573 0.1429885 0.1319199 0.1342693 0.1440765 
0.1813344 0.1844643 0.1393628 0.1058918 0.1360338 0.09607086 0.07161343 0.06756134 0.0619707 0.04891924 0.02599787 0.05112909 0.08073805 0.1359521 0.1225236 0.1282802 0.1615559 0.2074267 0.2463171 0.1719322 0.1730338 0.1708336 0.1398754 0.1662838 0.1480761 0.1561637 0.1547108 0.180208 0.1832078 0.1728305 0.2087888 0.2175249 0.1530688 0.1457124 0.1414245 0.1272805 0.1196615 0.1221967 0.1417952 0.1224195 0.1204633 0.1159893 0.1148547 0.03975836 0.03885158 0.04579735 0.05110202 0.05728869 0.07652643 0.07963464 0.1476154 0.1295945 0.2024118 0.1513346 0.09720772 0.1054588 
0.2055902 0.2111562 0.1240612 0.09650458 0.09480587 0.07105899 0.08038299 0.06783577 0.08111762 0.06098156 0.02593979 0.03851343 0.05102131 0.08247083 0.05941325 0.1147842 0.1404781 0.1835629 0.2472582 0.1541917 0.158657 0.1654284 0.1309172 0.1727786 0.1665443 0.1605459 0.1485501 0.168145 0.1944709 0.1717106 0.1944844 0.2174218 0.1606811 0.1483141 0.1429965 0.1379551 0.146474 0.1312871 0.1381297 0.1258889 0.127251 0.1263752 0.1252191 0.04087409 0.03867485 0.04030453 0.04360724 0.06297224 0.07672425 0.0715171 0.08014071 0.09318077 0.1549755 0.1231802 0.1258391 0.1551535 
0.1783873 0.1897885 0.1594045 0.1064682 0.1145248 0.1053906 0.06963244 0.09605394 0.08904061 0.05453205 0.03498835 0.06778888 0.04458621 0.1318911 0.120268 0.1413496 0.129103 0.168315 0.251098 0.1653824 0.1351851 0.1224447 0.136862 0.1918609 0.1860693 0.1802323 0.1626427 0.1779354 0.1974994 0.2005818 0.1793462 0.1856846 0.1697913 0.1537748 0.1494133 0.1422538 0.1554111 0.1454466 0.1337493 0.1265647 0.1277407 0.1344522 0.1318527 0.06626668 0.04001465 0.03961796 0.06823845 0.05841142 0.06564703 0.09202389 0.0943919 0.103647 0.07003971 0.09331495 0.1154674 0.09878261 
0.2138777 0.1766627 0.1652265 0.07694625 0.1012817 0.1167524 0.07118338 0.09020395 0.0625346 0.03760182 0.04923579 0.06781374 0.07474096 0.1043389 0.09614943 0.195182 0.206982 0.2253585 0.2521281 0.191527 0.1514605 0.1345575 0.1408793 0.2150575 0.2303662 0.1978118 0.1765634 0.205873 0.187179 0.2058638 0.1977537 0.1851464 0.1704439 0.1558429 0.1463503 0.1359883 0.1403526 0.1419697 0.1336757 0.1390066 0.1460057 0.1360281 0.1671911 0.0898619 0.04910154 0.05294127 0.05300666 0.0467577 0.07309014 0.07805695 0.1545346 0.1209401 0.0808835 0.07605098 0.08741582 0.1263865 
0.189828 0.1122353 0.07128179 0.1077813 0.06789824 0.06727636 0.05237821 0.08726935 0.1377463 0.1180032 0.1226308 0.1791062 0.1892908 0.1821934 0.09773293 0.160004 0.2432101 0.1889403 0.1765063 0.174954 0.1874326 0.2677212 0.2855495 0.303642 0.3337745 0.2926422 0.2714546 0.2126178 0.2092115 0.1995042 0.1710713 0.1587336 0.149969 0.1413253 0.1364684 0.1382937 0.1426422 0.1457431 0.1418061 0.1636303 0.1739489 0.1770857 0.1883569 0.1212821 0.1109179 0.1100783 0.08134281 0.06769801 0.07220419 0.07100629 0.1090984 0.1577751 0.1857725 0.187531 0.1676319 0.2523737 
0.2274391 0.1060425 0.0663156 0.08282394 0.06161381 0.02920291 0.03168196 0.08308228 0.08875338 0.1169778 0.1229191 0.1887505 0.1598573 0.133884 0.1150695 0.108795 0.1318996 0.1550129 0.1564501 0.2344908 0.2313469 0.2319667 0.3438739 0.3461882 0.3853714 0.3454645 0.3223634 0.2339667 0.2145798 0.1942586 0.1704243 0.1528837 0.1456985 0.1418205 0.13874 0.1351267 0.1393957 0.1407695 0.141319 0.1579976 0.1568238 0.1527009 0.1537668 0.1244174 0.09956675 0.1118329 0.1111062 0.06208861 0.06612812 0.06923733 0.07429808 0.1230552 0.1520605 0.1925472 0.1745302 0.2038254 
0.2279953 0.1592941 0.05731336 0.07353102 0.05720603 0.02114447 0.03961017 0.06983449 0.06035262 0.09876452 0.1018904 0.1356596 0.1314959 0.1356257 0.1248649 0.1635759 0.1786034 0.1852329 0.1649766 0.263519 0.2659847 0.2318211 0.3657252 0.3948161 0.3893446 0.3733588 0.3489099 0.2537194 0.2187144 0.2067637 0.1657024 0.165949 0.1429134 0.1388465 0.1334489 0.161021 0.1473019 0.1507412 0.1789555 0.1690537 0.154872 0.130096 0.1461326 0.1172372 0.1115474 0.1031928 0.09322684 0.05611342 0.08037639 0.080723 0.0725628 0.1038041 0.1199216 0.1507343 0.1891368 0.2012046 
0.2785265 0.1781905 0.1077461 0.06945007 0.1086797 0.05559521 0.02819128 0.03178041 0.06785793 0.06208234 0.08478676 0.1218176 0.1109325 0.1127444 0.1665159 0.2742182 0.2769039 0.1940134 0.1890545 0.308425 0.3050645 0.2892211 0.373697 0.4136602 0.4359217 0.4367945 0.3671102 0.2574685 0.2136855 0.187917 0.1628765 0.1494145 0.1321521 0.1352341 0.1544444 0.1658076 0.1536857 0.1457238 0.158471 0.1645004 0.1516292 0.126703 0.1303614 0.1183261 0.117886 0.1146012 0.08934589 0.08035629 0.09417665 0.1279997 0.09375424 0.1614262 0.192546 0.1941279 0.284058 0.1898782 
0.2917606 0.1615662 0.06745584 0.1060477 0.1178194 0.06572269 0.06324917 0.1012723 0.1226078 0.1122905 0.1313373 0.1107356 0.1378285 0.2195002 0.3585462 0.6484783 0.7596629 0.755682 0.9335929 0.7080781 0.5695028 0.5236228 0.5441845 0.5046577 0.5532586 0.5185732 0.3803988 0.2556474 0.2297087 0.1938514 0.1769821 0.1538148 0.1345949 0.1353602 0.1341236 0.1668625 0.1723064 0.1614861 0.1600544 0.1382461 0.1194249 0.1268545 0.1443233 0.1029172 0.08742516 0.09286394 0.08087885 0.105387 0.1416496 0.1599197 0.1359826 0.2551035 0.2277105 0.1820935 0.2106375 0.08471715 
0.2051041 0.1784101 0.06634559 0.09259624 0.06193215 0.05575221 0.06427585 0.1122143 0.1181585 0.1173628 0.104106 0.1161442 0.1535249 0.2811523 0.3973556 0.7631956 0.8603583 0.8456182 0.8865588 0.626773 0.5566814 0.4897942 0.505992 0.5512054 0.5471693 0.4910811 0.4776563 0.2749425 0.2404224 0.1964539 0.183888 0.1633541 0.1372065 0.1351815 0.1372863 0.1559861 0.1718065 0.1529326 0.1515958 0.1262807 0.1200272 0.1386563 0.1312086 0.1036618 0.09122305 0.1028579 0.08762828 0.1326022 0.1389857 0.1230818 0.1859932 0.3154671 0.2639934 0.2271821 0.2255541 0.04843916 
0.1624256 0.09403922 0.07157238 0.07196486 0.06234819 0.05650164 0.06303506 0.08668117 0.09627037 0.1021852 0.1022165 0.1535241 0.186036 0.3847974 0.3722948 0.915882 0.9118385 0.8263491 0.8634055 0.5678309 0.5126541 0.4737539 0.533974 0.4520203 0.5016466 0.4841036 0.4276213 0.2862059 0.2506589 0.1998959 0.1706669 0.152884 0.1269758 0.1410803 0.1504901 0.1577725 0.167612 0.1565708 0.1548395 0.1442289 0.1216257 0.1773875 0.1544084 0.1153237 0.1026741 0.08515882 0.08228457 0.1340301 0.1313626 0.1297395 0.225414 0.2958667 0.2221059 0.2050748 0.1587811 0.07786686 
0.1120947 0.08419687 0.07230639 0.07913217 0.06864684 0.06343748 0.05758234 0.074266 0.08432712 0.09513863 0.1044181 0.1563086 0.2073691 0.3968212 0.4601023 0.9454962 0.9394293 0.9014768 0.8877581 0.5616945 0.5079038 0.482273 0.5450268 0.4217142 0.585743 0.5225285 0.4281536 0.2582195 0.2143162 0.1957732 0.1602066 0.1602832 0.1360253 0.1254507 0.1488494 0.1782479 0.1669114 0.1526343 0.1365282 0.1276856 0.12556 0.1315597 0.1463133 0.1312204 0.133608 0.08520919 0.07043968 0.1428547 0.1442334 0.1753889 0.2375183 0.3224341 0.2554698 0.2218872 0.1689278 0.1247811 
0.1025065 0.06124415 0.07193567 0.09210986 0.09086514 0.08795731 0.07827186 0.08824242 0.08845446 0.1086608 0.1373138 0.1622952 0.1771698 0.2939366 0.4731941 0.5249411 0.5092772 0.5099909 0.4694423 0.457702 0.4083816 0.3912902 0.4571926 0.508339 0.4453599 0.4346197 0.3910795 0.2179515 0.1706694 0.1547996 0.1573482 0.1698746 0.1310518 0.1192942 0.1168637 0.1276918 0.121763 0.1219232 0.1157576 0.1340136 0.1182088 0.120526 0.134982 0.1009571 0.1053051 0.1205187 0.1210626 0.1935597 0.2481235 0.2124954 0.2000316 0.2669117 0.2156182 0.1489018 0.1378776 0.1538018 
0.1179926 0.06510992 0.05157584 0.09507627 0.08476693 0.07699855 0.07139193 0.09131399 0.09471959 0.1042586 0.1104765 0.1667276 0.204373 0.2535935 0.3898594 0.4649743 0.444144 0.4512562 0.4976867 0.3738231 0.3351801 0.3426 0.3834169 0.4601424 0.3745456 0.338269 0.3137254 0.2177398 0.1631151 0.1489507 0.1594095 0.1599035 0.1247643 0.1167717 0.0932922 0.120809 0.1194681 0.1138463 0.1208181 0.125981 0.1266448 0.1465097 0.1767289 0.1314005 0.096348 0.1235153 0.1520206 0.1727658 0.3607229 0.2775933 0.2211166 0.1408446 0.1232459 0.1124478 0.117502 0.2134368 
0.1019851 0.0733249 0.06568898 0.06569083 0.07481799 0.07591856 0.08886097 0.1227159 0.1188781 0.1012321 0.1064248 0.2157969 0.1965435 0.3037932 0.3460329 0.4346895 0.4231649 0.4396363 0.4140139 0.3069343 0.2850182 0.3155831 0.3986122 0.3574834 0.3333708 0.2667133 0.3065991 0.187796 0.1717731 0.1448417 0.1648697 0.1704044 0.1365404 0.1160772 0.09721813 0.1161902 0.1289911 0.1398771 0.1306961 0.163349 0.144432 0.1611951 0.1759193 0.1135158 0.1205892 0.1191906 0.1918043 0.1794439 0.26842 0.2018072 0.1993038 0.1540837 0.1230163 0.119019 0.132818 0.1216738 
0.1321992 0.0966734 0.08062346 0.06848325 0.06604484 0.1057677 0.1055396 0.1137517 0.1079644 0.108154 0.1157506 0.2043953 0.2027432 0.2376854 0.2726529 0.3142489 0.37763 0.4084636 0.3806655 0.3125949 0.2904898 0.326661 0.4099485 0.3242749 0.2986699 0.2379651 0.2491113 0.2184876 0.1745162 0.1653588 0.1706116 0.1724576 0.1545425 0.1366489 0.1239955 0.1493153 0.1706134 0.1507755 0.1442804 0.1676399 0.1781712 0.1522492 0.1729069 0.1236475 0.1296547 0.1385206 0.1505649 0.1753923 0.1850477 0.1583848 0.1715506 0.1468261 0.1123653 0.1196389 0.09273855 0.1470816 
0.1909551 0.1268914 0.09798464 0.08260917 0.06724197 0.08761487 0.1178128 0.1454314 0.1308331 0.1778247 0.1214873 0.1543763 0.1566845 0.1646282 0.1796275 0.1637639 0.1588341 0.1651937 0.1551065 0.2362948 0.1953236 0.2876864 0.3360387 0.307918 0.2471687 0.1156196 0.1148731 0.1574653 0.1597822 0.1689749 0.2289093 0.1871146 0.1860173 0.1744654 0.1731619 0.1437611 0.1393329 0.1235223 0.1265792 0.1466217 0.1454752 0.1596797 0.1710795 0.1865246 0.2014666 0.2044173 0.2020296 0.2432303 0.2374344 0.2757807 0.2733833 0.268647 0.2573603 0.1783765 0.2019429 0.1920601 
0.166629 0.1027106 0.07736496 0.08843826 0.09410711 0.07416055 0.07809642 0.132299 0.1250582 0.133674 0.1618935 0.1440562 0.1436433 0.1449315 0.1541544 0.1825807 0.1377814 0.1280455 0.129272 0.1562521 0.1607253 0.1727049 0.3066872 0.2672735 0.1605294 0.1008991 0.08051462 0.1646804 0.1674148 0.1632039 0.1780184 0.214555 0.2276057 0.2016327 0.1775894 0.167317 0.1460006 0.1405124 0.1517832 0.1825924 0.1745136 0.1974695 0.2028593 0.2140329 0.2278109 0.2494873 0.2422321 0.2401454 0.2481977 0.289364 0.3279157 0.2958753 0.1964097 0.2053463 0.2202743 0.1676395 
0.149227 0.07495096 0.07103188 0.1270767 0.1324268 0.08194213 0.05984362 0.1145024 0.1020943 0.1217532 0.1439961 0.1503645 0.1444897 0.1393303 0.1521605 0.1372957 0.1278686 0.1215168 0.2310016 0.3057214 0.192047 0.1817997 0.2237248 0.1425808 0.1409243 0.1289292 0.1147305 0.1836728 0.181964 0.1794064 0.2835554 0.2379141 0.2388263 0.2280116 0.2078443 0.1780296 0.1693911 0.1632151 0.1753908 0.2067291 0.2181874 0.2171416 0.2399993 0.2459998 0.2457552 0.2376768 0.2450994 0.2492897 0.2866274 0.3249226 0.3082017 0.2136017 0.2497473 0.2423751 0.2505146 0.1920172 
0.1659145 0.0962607 0.08685583 0.09940302 0.1198841 0.08372475 0.08022925 0.1418129 0.1147101 0.1267809 0.1364322 0.144018 0.1308853 0.1247819 0.2117431 0.216075 0.1662235 0.1404939 0.3057095 0.4016288 0.1519945 0.2236029 0.1982404 0.1039961 0.1243224 0.1361774 0.1407304 0.2128335 0.2036023 0.2240607 0.2482303 0.2691604 0.2795735 0.2572692 0.2323424 0.2395831 0.24936 0.1926259 0.199839 0.2448213 0.2798789 0.2773678 0.2851726 0.2839783 0.2561855 0.2599286 0.2610562 0.2642797 0.3457835 0.3452249 0.3696674 0.2621506 0.2786323 0.3208131 0.3051713 0.2193992 
0.2088503 0.1096045 0.1123486 0.1022685 0.08629654 0.07295294 0.06236466 0.1285834 0.1131182 0.08860892 0.05977128 0.09377868 0.09040398 0.08568035 0.1373831 0.197816 0.1798138 0.1787646 0.3345076 0.3395179 0.1819176 0.1504426 0.1145949 0.110505 0.08453152 0.1172235 0.1537677 0.2654455 0.2075974 0.2161493 0.195032 0.2538695 0.2583556 0.2339133 0.2222815 0.2737244 0.3682075 0.2470874 0.2293967 0.2809218 0.3506556 0.2918614 0.3045469 0.2739565 0.2667234 0.2547987 0.2751115 0.2853809 0.3251877 0.3788319 0.2886502 0.253691 0.2397425 0.2294421 0.2127897 0.3113734 
0.1297483 0.08023513 0.07726624 0.1093951 0.08354605 0.09226055 0.08427629 0.1056665 0.1038512 0.1007646 0.115058 0.1079337 0.1193932 0.1048062 0.1358999 0.1858787 0.1903842 0.2415729 0.2819628 0.2939947 0.2855678 0.18379 0.1327563 0.1498594 0.1185146 0.1392078 0.1237083 0.1890459 0.1650266 0.2017443 0.2138782 0.3233663 0.2814196 0.2651849 0.2704517 0.2976628 0.3010469 0.2808188 0.2681505 0.3131032 0.3803588 0.2989174 0.3064245 0.2977878 0.2648604 0.2586389 0.2881158 0.333716 0.3810025 0.3165685 0.3440546 0.2330043 0.2191416 0.221073 0.2177682 0.294206 
0.06859453 0.06040514 0.06703594 0.1068583 0.07885826 0.06446847 0.04853316 0.08335821 0.08855761 0.1213976 0.1461968 0.1529605 0.1316848 0.1288528 0.1694279 0.199945 0.2145388 0.2225722 0.2927995 0.247037 0.2559392 0.1964228 0.1810642 0.1102137 0.1023363 0.1348145 0.1107244 0.1502377 0.1413063 0.1840365 0.1842895 0.3289046 0.2809025 0.2754197 0.2761015 0.3146794 0.3071399 0.3089073 0.301824 0.3311085 0.3154307 0.2720742 0.3058495 0.2933546 0.2733673 0.2851312 0.2883612 0.3943875 0.4801116 0.3682981 0.3407101 0.2361207 0.2385837 0.2560944 0.2670386 0.3175107 
0.04130604 0.04613273 0.1139707 0.06644762 0.0372239 0.08311159 0.05317942 0.07864729 0.1043968 0.1810836 0.141771 0.1628557 0.1436395 0.1590413 0.2003532 0.2136132 0.1857639 0.2006619 0.2228278 0.2092914 0.1802025 0.1832239 0.166739 0.1272506 0.1139162 0.1318557 0.09366101 0.1695153 0.1608087 0.1927682 0.1805978 0.3009066 0.292887 0.2771474 0.2645364 0.3257748 0.3123199 0.3110992 0.3177108 0.3046901 0.2791973 0.2796758 0.3013631 0.2779709 0.2674341 0.2819696 0.3061758 0.5161011 0.361137 0.3627877 0.3235214 0.2431896 0.2756035 0.3380687 0.3309013 0.3724464 
0.04248611 0.03421873 0.06692477 0.0663562 0.04483875 0.07430892 0.09657488 0.1176633 0.1437138 0.1844436 0.2054695 0.1755288 0.1651773 0.199533 0.2301984 0.2446359 0.1895232 0.1465336 0.1867067 0.1596139 0.1741608 0.1479277 0.1439843 0.1619628 0.1485311 0.2303398 0.2044663 0.1746428 0.1874138 0.2427375 0.2010492 0.2871213 0.2453713 0.2163242 0.2100256 0.2886119 0.3342391 0.2839226 0.2810232 0.3408308 0.3228435 0.3353755 0.341182 0.2948798 0.2969638 0.2912056 0.3617626 0.4360345 0.4169397 0.3934052 0.3372414 0.3566811 0.3650862 0.3747846 0.3243348 0.3645065 
0.05498889 0.05498439 0.06628656 0.06481802 0.09045643 0.087833 0.09904151 0.1508624 0.1359696 0.1570071 0.2035596 0.2155783 0.2039478 0.179722 0.178852 0.1917519 0.1903782 0.1642141 0.2376324 0.1657031 0.1643696 0.1378668 0.1245575 0.1552899 0.1647605 0.1560744 0.1730501 0.1893551 0.2212995 0.204593 0.2685626 0.319504 0.2553258 0.2344369 0.2450696 0.3216885 0.3340085 0.2880944 0.302795 0.3217816 0.3205423 0.3145076 0.3290869 0.3220293 0.3343408 0.3112333 0.3866481 0.4087069 0.4515948 0.4011206 0.3882759 0.3981896 0.3684483 0.3220259 0.3047845 0.3261207 
0.06451633 0.06206909 0.05094871 0.1619269 0.1528597 0.123336 0.1342783 0.1600213 0.1512814 0.1852107 0.231574 0.2415346 0.2881785 0.2380849 0.2790335 0.2068437 0.1678525 0.2197784 0.2322395 0.195012 0.1743843 0.1430167 0.1296142 0.1898967 0.1919013 0.1829863 0.2495426 0.2733806 0.262632 0.255098 0.2818649 0.317148 0.2756964 0.2380245 0.2477424 0.3123448 0.3103177 0.2968419 0.2813188 0.309 0.3017956 0.3102974 0.3105349 0.3467514 0.3396162 0.3492147 0.3866158 0.3821121 0.468362 0.4198275 0.4488362 0.4335776 0.3607328 0.3520259 0.3121121 0.2828879 
0.05472813 0.06943174 0.09265644 0.2258442 0.178854 0.1529585 0.1869643 0.2018174 0.1787046 0.1760261 0.2043588 0.2273259 0.2661526 0.2731712 0.309002 0.2231713 0.2079564 0.2042776 0.206123 0.1383952 0.1591893 0.1801806 0.153658 0.2159047 0.2159836 0.2096221 0.242027 0.3130177 0.3748514 0.277392 0.2857912 0.3061579 0.2797678 0.2373299 0.2303591 0.3067658 0.2899852 0.2702785 0.2665536 0.2524473 0.2793231 0.3145393 0.3094014 0.36418 0.3536629 0.3856756 0.2913426 0.3860776 0.4378017 0.4730172 0.4734913 0.392931 0.3433621 0.3098276 0.3112068 0.2640086 
0.08856398 0.149583 0.1766455 0.5134625 0.4294054 0.3996108 0.4075373 0.3088451 0.2066135 0.2246695 0.2143006 0.2593195 0.2626874 0.3247659 0.2957857 0.1695109 0.1444085 0.1454635 0.179998 0.1370912 0.1314968 0.2034309 0.1495268 0.3171594 0.2722324 0.2648355 0.3308867 0.3413486 0.3384665 0.3452201 0.2764922 0.2082862 0.1630425 0.1613802 0.1610954 0.2069673 0.236954 0.302342 0.2465212 0.2510988 0.2972124 0.3036957 0.3614756 0.459975 0.4956945 0.5036386 0.3784473 0.4281035 0.4520258 0.4212069 0.3962931 0.267069 0.2285345 0.1942241 0.1650862 0.1658621 
0.08669238 0.158444 0.2067015 0.4550098 0.4347118 0.3992681 0.3675726 0.3672982 0.2358282 0.2248011 0.2154942 0.2287293 0.244735 0.297693 0.3833054 0.148842 0.1200641 0.09412262 0.1448098 0.1160224 0.09931669 0.158569 0.2365088 0.3590949 0.343248 0.2502809 0.2889268 0.3580887 0.4759792 0.4504007 0.3405435 0.1937313 0.1313742 0.1603654 0.1989306 0.1947572 0.2851817 0.3166038 0.3109509 0.2346028 0.2722399 0.2924106 0.3098552 0.4637588 0.5301349 0.5257215 0.4157345 0.4424138 0.4336638 0.3857759 0.3839225 0.2331465 0.1915086 0.1669828 0.1616379 0.1617672 
0.1021137 0.1529747 0.1439378 0.4089267 0.3985044 0.3918503 0.3521582 0.2784654 0.2179615 0.2818201 0.253195 0.2721796 0.211553 0.3909497 0.3159029 0.1189007 0.1250214 0.1423337 0.147558 0.1530888 0.121392 0.1182758 0.2549635 0.3860598 0.3137786 0.2335516 0.2523241 0.2850147 0.228721 0.3399737 0.2826283 0.1888707 0.1467131 0.1640774 0.1999037 0.2113049 0.2933596 0.3176492 0.2487611 0.2585599 0.2605017 0.3133378 0.2843002 0.4609661 0.5232903 0.5675415 0.4567218 0.4846122 0.4913794 0.4426293 0.3842241 0.2272845 0.2042672 0.1931466 0.1502586 0.1429741 
