ncols         56
nrows         54
xllcorner     28.264
yllcorner     -5.7719999999999
cellsize      0.25
NODATA_value  -9999
0.1572572 0.1239469 0.09291576 0.07296908 0.07467306 0.1160499 0.1514873 0.2504228 0.32486 0.3259856 0.3207268 0.5373086 0.2201339 0.1891866 0.1839404 0.2137149 0.1627087 0.2578697 0.1255666 0.1101099 0.09805661 0.09826914 0.09346931 0.2088299 0.2242532 0.2132657 0.2247408 0.2674105 0.3146889 0.2787222 0.2758646 0.2955498 0.2630809 0.2587395 0.2709601 0.2766203 0.2337121 0.2187827 0.1754346 0.1494699 0.1511812 0.1509392 0.1414693 0.165812 0.1569139 0.1471874 0.1603161 0.1837689 0.1653397 0.1578369 0.1475613 0.09376036 0.08655787 0.07650974 0.06426544 0.03450993 
0.1368686 0.1216987 0.1074744 0.08071703 0.07973271 0.08608089 0.1550603 0.2689205 0.3061716 0.2559743 0.331527 0.5930791 0.319689 0.2618397 0.393906 0.3249823 0.1888777 0.1947141 0.1372298 0.1113256 0.1007354 0.1120049 0.1652849 0.2407646 0.2014538 0.2002613 0.2150723 0.2653666 0.2584268 0.2462448 0.2544365 0.280674 0.2541001 0.2355586 0.2543603 0.2505562 0.1984248 0.1909416 0.159013 0.1540208 0.1457814 0.1482082 0.1469793 0.1614601 0.150767 0.1465979 0.156679 0.1695094 0.175099 0.1606751 0.1392273 0.07964308 0.06594137 0.05884687 0.05578649 0.02456803 
0.1605285 0.1361635 0.1116159 0.09039816 0.08973459 0.09859841 0.1691616 0.3257645 0.2656964 0.2918048 0.4277445 0.7658197 0.4377511 0.3897857 0.3874763 0.5059738 0.2280963 0.19108 0.1386041 0.111945 0.09401909 0.09072086 0.1153921 0.231229 0.2063697 0.1907269 0.2155168 0.2884585 0.2440785 0.2341395 0.2336865 0.2745901 0.2402163 0.2606041 0.212679 0.2115812 0.1869754 0.1636735 0.1526952 0.1525901 0.1510359 0.1587769 0.1477641 0.1563574 0.1493174 0.1443552 0.1577527 0.1640939 0.1632002 0.143192 0.1167045 0.07129334 0.06601042 0.0578039 0.04928019 0.01943509 
0.2017885 0.1529464 0.1734728 0.1775703 0.1151199 0.09427926 0.139933 0.2144119 0.2149683 0.2917152 0.5333433 0.5655802 0.3709845 0.3803845 0.685414 0.7381827 0.3893903 0.3008294 0.1836216 0.2141282 0.2247273 0.1149548 0.1124314 0.1978077 0.1780497 0.1814403 0.2294376 0.2741802 0.2432087 0.2463663 0.2366488 0.2614054 0.2701701 0.2443705 0.2641873 0.1963682 0.1758134 0.1351485 0.1219476 0.1677021 0.1636843 0.1701956 0.1634653 0.164661 0.1466093 0.1355892 0.1412988 0.1300804 0.1322945 0.1203917 0.09250724 0.05513144 0.04816804 0.0409403 0.03576463 0.02084915 
0.14686 0.1983403 0.2088068 0.2291313 0.1025047 0.09934708 0.1174322 0.1346163 0.1434399 0.1586947 0.3438361 0.279231 0.2138933 0.2555071 0.4471963 0.5976454 0.3460213 0.1757479 0.1957002 0.2852776 0.217273 0.1028531 0.149252 0.1489276 0.143223 0.1704008 0.1670329 0.215278 0.2067048 0.2104388 0.2041577 0.2480504 0.2223039 0.2079026 0.2435718 0.1591513 0.1430272 0.1096286 0.1065264 0.1676191 0.1488731 0.143039 0.1504414 0.1506693 0.1401703 0.1318943 0.1335013 0.1155832 0.1121354 0.1113841 0.08521602 0.04997662 0.04576216 0.04130284 0.031123 0.01523871 
0.1317386 0.172021 0.2068786 0.1772609 0.09666625 0.07682123 0.08102992 0.08418261 0.1361805 0.1496665 0.2274889 0.205252 0.2417357 0.2122547 0.4271382 0.485834 0.284716 0.2899184 0.2670611 0.3572822 0.2031036 0.1250494 0.1553087 0.1498153 0.1638919 0.1059143 0.112087 0.1686968 0.1763739 0.1805684 0.1540682 0.1949795 0.1621693 0.1631095 0.149297 0.1183839 0.1224872 0.09516659 0.1030404 0.1510573 0.1430461 0.1360776 0.1406706 0.1257781 0.121552 0.1251039 0.1164517 0.1080056 0.1011642 0.08843412 0.08052507 0.04616706 0.04323507 0.03716478 0.02833954 0.01408326 
0.1841528 0.2014567 0.1820187 0.14145 0.1086491 0.09609095 0.07534056 0.06200066 0.07331478 0.1148828 0.1619086 0.1804283 0.2583751 0.3455081 0.3783513 0.4678549 0.2905639 0.2138305 0.290704 0.3514193 0.272467 0.1700157 0.1645958 0.1278964 0.1201477 0.1132035 0.1106366 0.1204752 0.1275568 0.1256478 0.1173058 0.1485113 0.1306488 0.1351497 0.1197543 0.1019399 0.09925195 0.07410062 0.08513508 0.1257559 0.1332637 0.1311558 0.1393019 0.1176263 0.1083979 0.1106241 0.1017284 0.09148739 0.07641669 0.0732787 0.07168271 0.04295241 0.04141629 0.03461297 0.02678503 0.01286762 
0.1976807 0.1431016 0.1540324 0.1688181 0.119854 0.1003295 0.1168927 0.08202171 0.09347224 0.1517657 0.1492622 0.3806242 0.2779793 0.3070655 0.5546842 0.5475413 0.4652064 0.4025317 0.4831545 0.2753844 0.2706956 0.1722404 0.1455011 0.1714776 0.1844679 0.1774045 0.08479368 0.04990445 0.06144948 0.05406113 0.06354443 0.08165868 0.07330579 0.09661354 0.09307525 0.1076441 0.08602042 0.06797587 0.08778277 0.09465796 0.09662383 0.08889566 0.08640574 0.09414448 0.07834715 0.0752734 0.060333 0.04326951 0.03040876 0.02934293 0.03108635 0.008806604 0.01008578 0.007276157 0.005597822 0.01437927 
0.144762 0.1268602 0.1219057 0.1312273 0.07649388 0.09944349 0.09678938 0.09004399 0.1161109 0.2296494 0.148647 0.3374342 0.2524203 0.3057756 0.3054261 0.5827292 0.3222897 0.3483148 0.2527424 0.1480854 0.2005429 0.09530031 0.07831483 0.1622621 0.1217518 0.08883307 0.03652786 0.03509287 0.03922793 0.03766862 0.03636796 0.06325091 0.06504094 0.06459321 0.08221989 0.07396156 0.07414515 0.07590493 0.07479646 0.07527991 0.0826804 0.07697909 0.07376776 0.07540457 0.06340264 0.05860487 0.04957445 0.02830929 0.02614625 0.02121737 0.02560432 0.007268818 0.006088856 0.006270189 0.008317146 0.01595131 
0.1654918 0.0891945 0.1549866 0.1433395 0.08547766 0.07269954 0.05556154 0.08684674 0.07572992 0.1160923 0.1502733 0.3311156 0.2711224 0.2874037 0.2671976 0.3455169 0.3019401 0.2453327 0.2364014 0.1314966 0.1176945 0.08923194 0.0595376 0.08624763 0.0487756 0.02855125 0.02108513 0.02534389 0.02391944 0.02002806 0.02374087 0.05303113 0.0474792 0.04467134 0.04422576 0.07495057 0.08121273 0.06585992 0.07148642 0.09224094 0.06772611 0.07162406 0.06278242 0.069275 0.05573716 0.04856003 0.04140474 0.02355312 0.0210749 0.0202727 0.01836893 0.005459351 0.004477474 0.005899266 0.005232848 0.01032773 
0.1364733 0.1365269 0.1530572 0.122571 0.06483696 0.05524691 0.07101022 0.08272697 0.0728082 0.1450658 0.189808 0.3358201 0.2881606 0.2465472 0.2423196 0.3034612 0.3899003 0.2282943 0.1845073 0.1867677 0.109369 0.06495389 0.04512516 0.04925638 0.02358603 0.02637342 0.02154844 0.01841282 0.01521871 0.01526604 0.01578774 0.03246444 0.03028034 0.0395629 0.0288021 0.06109277 0.06025019 0.06626745 0.06547806 0.07445918 0.06090463 0.06336013 0.05793862 0.06452505 0.05330049 0.04823569 0.04008679 0.02074253 0.01763833 0.01519179 0.0149823 0.004112778 0.003292418 0.004129542 0.005199031 0.01019097 
0.1191397 0.1310208 0.1386064 0.09988736 0.1127932 0.07376384 0.09582733 0.09855455 0.09394975 0.09922543 0.124659 0.2397281 0.2297031 0.1861628 0.2018161 0.1805308 0.1693737 0.1700672 0.1995032 0.1722978 0.1333667 0.09429774 0.07496787 0.02608917 0.01886045 0.01858104 0.01242256 0.009511111 0.009022462 0.008690754 0.01028698 0.01509371 0.01734897 0.02532256 0.02305263 0.03150748 0.03819221 0.04679635 0.04066638 0.0226071 0.02843924 0.04074634 0.03276885 0.02363521 0.02083252 0.01966266 0.01953457 0.01847101 0.01646421 0.0159694 0.01461416 0.002025844 0.002393831 0.002699105 0.003333765 0.00637543 
0.09961282 0.1043022 0.1188719 0.08880746 0.1204608 0.1290891 0.09058091 0.09177389 0.0746049 0.1092517 0.121612 0.2173975 0.2264869 0.1614814 0.229751 0.1784144 0.1726528 0.2867782 0.1583467 0.1415297 0.1065672 0.07881361 0.06412648 0.06247849 0.01252142 0.00800948 0.007776097 0.005091177 0.004662354 0.004778991 0.005166288 0.008834333 0.01139214 0.01381952 0.01499666 0.02330676 0.02873185 0.02337719 0.0246743 0.01642685 0.01780681 0.0226688 0.02385046 0.02127419 0.01993204 0.01290474 0.01278043 0.01176308 0.0111595 0.01103893 0.01063877 0.001526974 0.001976547 0.002535985 0.003021585 0.004256391 
0.1027027 0.08598297 0.09300689 0.1233756 0.1496501 0.09392981 0.06516317 0.09469173 0.09672222 0.1393553 0.1147213 0.1851738 0.1525016 0.1328523 0.1242571 0.1196915 0.1366173 0.1789135 0.1007672 0.1054958 0.08960698 0.07994917 0.04904 0.01292246 0.01082393 0.00606899 0.007934315 0.003394713 0.002643527 0.002489163 0.002950981 0.005872197 0.007033222 0.008378179 0.009856955 0.01644694 0.01848462 0.01766125 0.01951515 0.01156054 0.01099071 0.01064523 0.01211956 0.009192189 0.008632939 0.007390487 0.007168381 0.007241423 0.007706236 0.007828739 0.008047197 0.001148612 0.00194799 0.002278107 0.003002332 0.002993887 
0.1592666 0.1024308 0.1491564 0.1610732 0.1097072 0.07326245 0.0464748 0.06428257 0.1043874 0.1243926 0.1122635 0.1608571 0.1165172 0.09741076 0.07207986 0.09230009 0.1055849 0.156062 0.1343005 0.0922289 0.07084807 0.06595817 0.0339026 0.01379118 0.009173947 0.006376182 0.00491892 0.00318948 0.00246918 0.002092519 0.002382444 0.004634089 0.005679345 0.006083819 0.007115012 0.01210655 0.01223574 0.01170851 0.0126453 0.008184802 0.007513713 0.007275915 0.008299281 0.00607257 0.005653906 0.005573937 0.005662297 0.0055665 0.00630232 0.006448464 0.006803132 0.001112182 0.001804353 0.002590393 0.003167631 0.00234605 
0.2976161 0.1724536 0.1885853 0.1217536 0.1008358 0.05737285 0.05565797 0.08642159 0.09729818 0.1451252 0.1692056 0.233339 0.1847705 0.1327737 0.1290457 0.1365474 0.1549663 0.1450382 0.1408032 0.1108993 0.04960511 0.02627447 0.02436548 0.01970156 0.01418384 0.01158108 0.009702907 0.001807163 0.001112661 0.0009104792 0.001095213 0.002860863 0.003202611 0.00348289 0.003700881 0.003479622 0.003649315 0.003654168 0.00347509 0.003790975 0.003563089 0.003384278 0.003275548 0.001578251 0.001506622 0.00149005 0.001534733 0.003016131 0.003845454 0.006941819 0.009500193 0.02516579 0.01836629 0.008242087 0.007698776 0.0007205436 
0.1573759 0.2036543 0.2085112 0.1120843 0.09188016 0.05483665 0.05521948 0.1171877 0.1331008 0.1313408 0.1522066 0.212715 0.1779549 0.155754 0.140547 0.1284449 0.1659194 0.1433696 0.1463822 0.1268864 0.06692541 0.0573132 0.02255981 0.02416469 0.01555233 0.01216881 0.009487845 0.001775807 0.0009927328 0.0006303797 0.000691165 0.001871375 0.00199247 0.002134648 0.002294454 0.001996775 0.002125024 0.002122397 0.003085295 0.002104655 0.001928269 0.001783813 0.001665439 0.0007821731 0.0007165512 0.000683564 0.0006848893 0.001739883 0.002539888 0.003548891 0.007934988 0.00992277 0.01114442 0.0100628 0.00252672 3.616092e-005 
0.1609839 0.1664468 0.1314868 0.09529033 0.07487253 0.06240681 0.0698962 0.1228153 0.1326445 0.135049 0.1572369 0.2457924 0.1830179 0.187349 0.1731222 0.1504674 0.1863615 0.1669056 0.1753466 0.1473471 0.06873937 0.03965843 0.03297596 0.03073462 0.01900511 0.01441414 0.01061812 0.002320358 0.00141309 0.000919082 0.0008514243 0.001916241 0.001785815 0.001738528 0.001776018 0.001341109 0.001343001 0.001283331 0.00116708 0.00119615 0.001054333 0.0009281471 0.0008166472 0.0003548168 0.0003458332 0.0002521456 0.0002310991 0.001210932 0.001392673 0.002316034 0.004558731 0.009219684 0.008394523 0.007531869 0.00104754 1.171116e-005 
0.1977861 0.183732 0.169892 0.1821937 0.112121 0.1056052 0.08160499 0.1196239 0.1165474 0.1395496 0.1684437 0.2706382 0.2252869 0.2362263 0.2691453 0.1948 0.149968 0.178452 0.208677 0.1649054 0.1632764 0.1070593 0.05239643 0.06703966 0.03396528 0.02536709 0.01303706 0.003290692 0.002333662 0.001766258 0.00156663 0.002717683 0.002305456 0.002016567 0.001847312 0.001559579 0.001371291 0.001215894 0.001105766 0.001122343 0.0009849619 0.0008647193 0.0007541815 0.0003258353 0.0002677091 0.0002274861 0.0002047093 0.001271904 0.001538197 0.001586814 0.003444693 0.008530986 0.007483505 0.002269011 0.00388709 0.003299725 
0.2484784 0.2761032 0.2841421 0.3273225 0.1499668 0.1037749 0.1087578 0.1053824 0.06914971 0.08388281 0.1248846 0.2289066 0.2306455 0.3551812 0.2067855 0.1951559 0.1580753 0.1504283 0.2501105 0.1970039 0.1692597 0.1220788 0.07008822 0.06186498 0.04116027 0.03227531 0.02609376 0.01484961 0.01133454 0.009069263 0.007911188 0.00793409 0.007146289 0.006232345 0.006617941 0.01006242 0.005676007 0.005679979 0.00584276 0.001631573 0.00142746 0.001251406 0.001081843 0.0008702339 0.0007059185 0.0005882725 0.0005165224 0.001777718 0.001366231 0.00142426 0.001744215 0.001760443 0.0009961842 0.01286674 0.0009016313 0.001327002 
0.2722263 0.3006626 0.2940173 0.2477778 0.1335787 0.09396441 0.0861199 0.06708594 0.06714318 0.06945708 0.07943185 0.2013267 0.1995359 0.2243413 0.2007976 0.1909915 0.1741678 0.1797004 0.1985915 0.1744573 0.1279902 0.1021445 0.08028817 0.05802561 0.04548701 0.04089788 0.03081852 0.01811699 0.01445719 0.01181138 0.01021782 0.01006403 0.008659923 0.007284623 0.006974694 0.005999545 0.005664406 0.001136642 0.001020765 0.001524464 0.001329019 0.001151924 0.000987975 0.0007896425 0.0006310192 0.0005121485 0.0004364408 0.0004401114 0.0004494664 0.0007151546 0.0008374156 0.002335687 0.006830841 0.02304897 0.01218591 0.009852032 
0.2949213 0.2963514 0.2923203 0.2708779 0.1525351 0.1035666 0.08273774 0.07298175 0.07431514 0.07781331 0.08383041 0.1616182 0.1620038 0.1852213 0.1842828 0.1707623 0.1723831 0.1855424 0.2049769 0.1528566 0.1457011 0.1198127 0.09188526 0.07185341 0.05859719 0.05288591 0.04130656 0.02321013 0.01836064 0.01556035 0.01347374 0.01314339 0.01068073 0.009280855 0.008450538 0.006408294 0.005814432 0.005579515 0.005810383 0.001650288 0.001405583 0.001192958 0.001012771 0.000793395 0.0006207367 0.000492761 0.0004104743 0.0002850644 0.000213636 0.0004459024 0.0006676109 0.002750267 0.00720787 0.002827363 0.008163325 0.01407988 
0.2809485 0.2972727 0.2758424 0.2997651 0.1983911 0.1287196 0.1103572 0.15471 0.07165153 0.06056816 0.06773417 0.1525985 0.1465797 0.1551353 0.1812581 0.2053903 0.1953943 0.1704632 0.2101838 0.1989715 0.1584609 0.1480892 0.1328355 0.08209108 0.06922808 0.0553893 0.04989265 0.0288127 0.02296893 0.02012082 0.01752459 0.01721507 0.01411414 0.01157681 0.01057412 0.007141673 0.006220732 0.005775505 0.001427698 0.00204332 0.001662712 0.003652541 0.001147868 0.0008855268 0.0006777218 0.0005265655 0.000438031 0.0003029447 0.0003414791 0.0004830919 0.000669334 0.004000745 0.002788506 0.002616367 0.002509268 0.007021953 
0.2549763 0.301203 0.3067215 0.2207264 0.1625114 0.104307 0.116261 0.1662212 0.07855009 0.0571123 0.05056841 0.1187457 0.09390628 0.1210573 0.1357279 0.1559358 0.1815156 0.1690446 0.2049641 0.2088765 0.1763494 0.1567932 0.1737249 0.1105832 0.08855473 0.06894805 0.05511971 0.04284018 0.03924906 0.0333157 0.0270038 0.02816349 0.02305358 0.0188205 0.0164622 0.008274223 0.006055507 0.005525715 0.00534736 0.002834449 0.002398577 0.00159927 0.001331411 0.0006558497 0.0004938916 0.0003771945 0.0003125358 0.0004906699 0.001039252 0.001559612 0.002490267 0.008077047 0.01228339 0.01228143 0.01299416 0.01068033 
0.2148104 0.2312452 0.2565511 0.18827 0.1234991 0.1113973 0.1206709 0.06719135 0.0602738 0.03487453 0.04119844 0.08957976 0.08899447 0.1169764 0.1028473 0.1057747 0.1146644 0.1287483 0.134789 0.1772544 0.1568295 0.1576078 0.1709473 0.1047659 0.0946063 0.08351218 0.06247067 0.04779343 0.04624461 0.04533439 0.03404238 0.0334572 0.02760397 0.02242864 0.01795172 0.008941771 0.005643657 0.005265094 0.004905973 0.003209996 0.002249111 0.001785467 0.001477131 0.0007157768 0.00053099 0.0004002877 0.0003322168 0.0005065949 0.001100549 0.001250729 0.00281074 0.007862533 0.01659693 0.01754027 0.01303347 0.01269706 
0.1682874 0.1786 0.1750532 0.1454672 0.1223509 0.1079812 0.1200229 0.07041666 0.06247834 0.04260369 0.04231397 0.09243899 0.08561904 0.08424546 0.07674726 0.09006647 0.09740089 0.09780328 0.1096801 0.1832002 0.1709906 0.1549716 0.1473293 0.1072417 0.1024602 0.08959486 0.07496021 0.05606291 0.05531158 0.05502125 0.0402453 0.03802451 0.03192808 0.02588567 0.02047237 0.01076221 0.006300277 0.004463408 0.003890969 0.00325298 0.002558929 0.002048186 0.001713115 0.0008463294 0.0006453477 0.0005133543 0.009213048 0.005135191 0.0005591204 0.001422037 0.002484847 0.01166732 0.01625696 0.01515862 0.01745169 0.01870181 
0.1872178 0.2076838 0.2199292 0.1908274 0.1315916 0.09031752 0.08015373 0.06303599 0.07296947 0.04841295 0.05534213 0.09841982 0.07997754 0.07054146 0.07225614 0.08751653 0.09748688 0.1017958 0.1149799 0.2066515 0.1807349 0.1606159 0.1469488 0.1123014 0.1003483 0.09266369 0.07751356 0.06321909 0.05104699 0.0492266 0.03971209 0.04240998 0.04031438 0.02586521 0.02096814 0.01094763 0.006488414 0.004585891 0.003915718 0.003671173 0.00293311 0.002387085 0.002039995 0.00195052 0.002534496 0.0007107062 0.02056541 0.002603426 0.001407511 0.0020123 0.002396868 0.01987098 0.01665936 0.02100154 0.02291348 0.02738673 
0.2960278 0.3661107 0.260672 0.1802173 0.1172156 0.1109868 0.08769695 0.06140745 0.07817221 0.06494251 0.08087555 0.09935512 0.08469611 0.07326141 0.0646157 0.0714978 0.07305881 0.07443374 0.09696815 0.1291118 0.1476775 0.173008 0.1644395 0.1286017 0.1234471 0.1126487 0.1265819 0.06575247 0.05494146 0.04972494 0.04730387 0.03791309 0.03848376 0.0280143 0.02239028 0.01236727 0.007873666 0.006196605 0.004928043 0.004531049 0.003662163 0.00363724 0.003193721 0.002666918 0.006140518 0.009080847 0.005128045 0.004883967 0.004446615 0.004409297 0.005290036 0.007260263 0.01740209 0.0192919 0.02203289 0.02395521 
0.2679918 0.2682116 0.18171 0.1136428 0.1844817 0.09708888 0.07701892 0.07047305 0.07384937 0.0708759 0.06825653 0.09373955 0.08804083 0.07717714 0.05850393 0.06547388 0.06305709 0.06166616 0.06910017 0.1075932 0.1220664 0.1530114 0.1499669 0.1297014 0.1478838 0.1174231 0.122611 0.07335682 0.05486906 0.0518495 0.04446132 0.04219361 0.03638151 0.02833032 0.02336668 0.01294171 0.008843011 0.00621191 0.005398999 0.004993505 0.004060741 0.003398721 0.003090263 0.002997596 0.007023436 0.009019864 0.01567915 0.005293427 0.004768834 0.005995009 0.007134686 0.01318397 0.01592802 0.01112336 0.0226338 0.01740837 
0.2072034 0.2543098 0.1582124 0.08633637 0.09043562 0.07682589 0.07861912 0.07023875 0.08356009 0.08657178 0.06748437 0.1018506 0.1063652 0.08147583 0.06296488 0.06828745 0.06249327 0.06664792 0.06299196 0.08054046 0.08391006 0.08946601 0.105161 0.1220168 0.1426344 0.1311844 0.1268313 0.0781467 0.06208901 0.05051902 0.0438772 0.04172754 0.03385199 0.02859796 0.02312232 0.01296117 0.009350832 0.006286286 0.005464775 0.005144334 0.00423834 0.003615507 0.003432708 0.003305894 0.002894188 0.00776101 0.009583633 0.00590764 0.006842637 0.007207024 0.008232655 0.01182296 0.01334849 0.01030262 0.01834966 0.01633627 
0.1863291 0.1634019 0.1616884 0.09699216 0.09605624 0.04938338 0.05545047 0.08084038 0.09099066 0.06943724 0.09937252 0.1131676 0.09029888 0.09086856 0.07257878 0.06828493 0.06233814 0.07359862 0.06389037 0.07381348 0.07432983 0.07957058 0.08261836 0.1188952 0.1406246 0.1285918 0.1291257 0.1028784 0.06693024 0.04866757 0.0456651 0.04692956 0.03486533 0.02997612 0.02461668 0.01647083 0.02108293 0.006448695 0.005211356 0.004947673 0.004124544 0.003895479 0.003839183 0.004571751 0.00410747 0.004701041 0.005532514 0.007607658 0.008370226 0.01264188 0.009206355 0.0138362 0.008593776 0.01222989 0.01681923 0.01568918 
0.1467227 0.1363913 0.1085168 0.1140801 0.08192783 0.0640355 0.05791412 0.1021631 0.1190864 0.1148291 0.1184744 0.1112266 0.101866 0.1042009 0.07823283 0.1182939 0.1235165 0.09708098 0.08823991 0.09932447 0.06976482 0.07215002 0.07989525 0.1295217 0.1394585 0.1538638 0.1481845 0.08953054 0.09020796 0.05344196 0.04601146 0.04286652 0.03464273 0.0264097 0.02140114 0.01528312 0.04242215 0.006819883 0.006406247 0.004254259 0.003583907 0.005928293 0.006016831 0.007856952 0.007296431 0.008265532 0.008201731 0.01212912 0.0108679 0.01208798 0.01403396 0.02536797 0.01492629 0.01552716 0.01700602 0.02608586 
0.1801511 0.1424385 0.1095077 0.09369495 0.0797326 0.05764959 0.07058621 0.1062782 0.08873963 0.09225377 0.08951557 0.1012438 0.1035508 0.08354703 0.06252481 0.1239929 0.1184598 0.1208019 0.1136985 0.08122888 0.06684051 0.07082283 0.07607581 0.1242981 0.1272631 0.1393849 0.1359423 0.09093051 0.07106656 0.06017502 0.04601633 0.0392049 0.03200586 0.02779927 0.01930437 0.01443214 0.00804083 0.005934898 0.005803768 0.004070648 0.00350564 0.00620115 0.006413306 0.008076737 0.00885672 0.008878514 0.008988756 0.02252671 0.02045458 0.01472254 0.01670848 0.01483442 0.01478004 0.01555032 0.01792188 0.02623594 
0.1896666 0.1748605 0.1436145 0.08454895 0.1049868 0.102823 0.08701377 0.08831675 0.07687912 0.07754976 0.07914603 0.09218609 0.08866887 0.06988751 0.05819474 0.1268145 0.125392 0.1344634 0.1169819 0.06897774 0.07028633 0.05973628 0.0590426 0.08154383 0.1245925 0.1195302 0.09638277 0.06859845 0.06518384 0.05798315 0.05402892 0.03348464 0.03423473 0.02142977 0.0160794 0.01074334 0.00753204 0.005737497 0.005129185 0.003869782 0.003456768 0.00656036 0.007124101 0.008851566 0.009814153 0.009664882 0.01009895 0.01522647 0.03105738 0.0156497 0.01657985 0.01495364 0.01625262 0.01905806 0.02146004 0.02183644 
0.2158203 0.187584 0.1723538 0.1101745 0.1151741 0.1202507 0.08712353 0.08076609 0.08688813 0.07160455 0.06925157 0.0958803 0.07673106 0.07046805 0.05830168 0.1296639 0.1230513 0.1316341 0.1359704 0.06727417 0.05226752 0.04988076 0.04992982 0.07508269 0.1185805 0.1091442 0.08337842 0.06088427 0.05408097 0.04613124 0.03900564 0.02982701 0.03305148 0.01799267 0.01354683 0.008961145 0.005833947 0.00429863 0.00418754 0.003585951 0.003475936 0.007215533 0.008374369 0.01015197 0.01001137 0.01138151 0.01163016 0.01753935 0.03317676 0.01988135 0.02010989 0.01862468 0.02027977 0.01940474 0.02274616 0.03112679 
0.2196748 0.1833527 0.1884339 0.1479179 0.1222002 0.1202838 0.08629607 0.07319427 0.06424984 0.06653833 0.07407753 0.09356727 0.08889259 0.09235166 0.08714936 0.1127499 0.1011174 0.1054548 0.1188764 0.05355567 0.03730911 0.04520925 0.04924398 0.1390521 0.1579344 0.1238004 0.1050157 0.05249302 0.0397451 0.03332577 0.02964949 0.01924275 0.01234809 0.0104523 0.008802704 0.003936836 0.00236935 0.001840114 0.001956459 0.002814932 0.002962818 0.005028792 0.006549914 0.01255616 0.01336061 0.01441316 0.01559234 0.01614675 0.0183537 0.02074321 0.02183236 0.02346163 0.02798467 0.02980331 0.02930063 0.03568641 
0.2511916 0.230642 0.2004212 0.1128834 0.09795023 0.09429803 0.09001485 0.06748436 0.05518181 0.04872648 0.06097243 0.07896069 0.07988682 0.08792498 0.07733145 0.09589983 0.0905832 0.09592248 0.1030543 0.04204409 0.03166258 0.03480867 0.04065456 0.1182184 0.1183534 0.117561 0.08768865 0.05027469 0.04159717 0.03047414 0.023806 0.01567443 0.009139333 0.008079805 0.008268489 0.002966233 0.00160724 0.001308481 0.001604992 0.002580986 0.002975111 0.005556803 0.007572739 0.01376692 0.01513765 0.01634644 0.0174792 0.01824721 0.02152766 0.02373399 0.02430872 0.02605033 0.02775284 0.02979071 0.03370821 0.04852264 
0.2136578 0.1726898 0.2151783 0.09001318 0.08446262 0.07851938 0.07198985 0.07594431 0.07136173 0.06242297 0.05411531 0.07830843 0.0772396 0.07636617 0.07284466 0.09540668 0.07967636 0.09244177 0.1152628 0.03724184 0.02592891 0.03242656 0.03241046 0.09279751 0.08534905 0.09556528 0.05545779 0.04136016 0.0332544 0.02873388 0.02309677 0.01102467 0.007473727 0.006734631 0.005442203 0.002413332 0.001245689 0.001133451 0.001558681 0.002738451 0.003339142 0.006326358 0.008931647 0.01550377 0.0182254 0.01973886 0.02076762 0.0217437 0.02483427 0.02666517 0.02722126 0.0331501 0.03347323 0.03070459 0.03418794 0.02254167 
0.2043807 0.1704733 0.1673264 0.07638892 0.07358172 0.06929757 0.06800038 0.06959939 0.06002081 0.05116108 0.05197358 0.07942619 0.07871494 0.07585034 0.0725549 0.08903035 0.08916379 0.1065524 0.09813171 0.04128923 0.02749679 0.03415292 0.03534297 0.06484628 0.06561741 0.04580187 0.05181068 0.02862178 0.02534915 0.02153463 0.0189027 0.009517835 0.009532548 0.004586264 0.004801504 0.002295377 0.001226625 0.001230871 0.001823209 0.004022984 0.0040478 0.007476724 0.01076596 0.01866682 0.02155121 0.02329834 0.02475454 0.02421999 0.02840851 0.02892119 0.03052322 0.03228617 0.03709694 0.02863995 0.02503062 0.016875 
0.1810936 0.1073933 0.07839868 0.07368138 0.07269681 0.07830156 0.06791867 0.06698128 0.06304997 0.05674698 0.05584598 0.06936675 0.07011298 0.07542052 0.06970084 0.07079322 0.06839166 0.05916975 0.05689229 0.04315057 0.02565666 0.0336377 0.02955871 0.0254376 0.03463545 0.02869203 0.03515459 0.01227385 0.0156155 0.01346767 0.008489992 0.008329996 0.005775496 0.004102561 0.003389055 0.00244759 0.001881209 0.002069777 0.003177835 0.006459179 0.006953336 0.01118344 0.01595593 0.02687758 0.03069488 0.03381548 0.03632157 0.04171381 0.04440288 0.05412315 0.04493649 0.04867997 0.04681847 0.03508667 0.03473223 0.01404167 
0.1165585 0.09226318 0.04973187 0.06582272 0.07796841 0.08106647 0.07317005 0.07449172 0.06356311 0.0786677 0.0619358 0.06413785 0.06420085 0.06486844 0.06918024 0.05862544 0.05648872 0.0447468 0.03530407 0.02581258 0.02137708 0.02561842 0.03126888 0.03211882 0.03182993 0.02344146 0.02310124 0.009982578 0.00941823 0.01016476 0.006872414 0.006725998 0.004808 0.003509924 0.002990622 0.002406715 0.002006615 0.002366093 0.003661634 0.007242553 0.007958957 0.01255088 0.01811947 0.03093953 0.03722042 0.03916455 0.04166277 0.04598951 0.05067013 0.04872911 0.0510935 0.05241999 0.03682115 0.0374788 0.03624221 0.01016667 
0.09415361 0.07689259 0.05958031 0.06299647 0.07282037 0.08145611 0.07823464 0.08112309 0.06854894 0.07237146 0.05523401 0.06593072 0.05910145 0.054004 0.05336188 0.06667078 0.043939 0.02956526 0.02531078 0.02312295 0.01907338 0.02282767 0.02579951 0.02220908 0.02956739 0.01605343 0.01454692 0.008236307 0.007709092 0.006831571 0.01060277 0.0058858 0.004328201 0.003363689 0.00303225 0.002617497 0.00250818 0.003084873 0.004482392 0.009888542 0.009919602 0.01390349 0.01979317 0.03384602 0.04091921 0.04349615 0.04471651 0.05354721 0.05358586 0.0563775 0.06174363 0.04180382 0.03820887 0.03711636 0.03417478 0.02283333 
0.09709316 0.05807493 0.046638 0.056359 0.05790562 0.06242479 0.06330021 0.08012404 0.06861895 0.05673777 0.0549009 0.05926232 0.05293397 0.04831596 0.05315868 0.04367998 0.03361979 0.03141515 0.02538034 0.02709527 0.01792416 0.01625541 0.01505411 0.01569504 0.02141166 0.01140002 0.01042561 0.007173837 0.006699405 0.00745439 0.007545736 0.005515195 0.004447719 0.003660969 0.003532883 0.004387718 0.007783248 0.004119792 0.005397928 0.01095025 0.0120002 0.01604481 0.02114796 0.03604498 0.04357281 0.04652829 0.04996124 0.05719009 0.06062884 0.06409203 0.07102587 0.04674972 0.03958321 0.04552003 0.03774604 0.03558333 
0.1052302 0.06374118 0.04941868 0.0248709 0.03432202 0.06475196 0.0475685 0.06218008 0.06509621 0.06582308 0.0522595 0.05550274 0.04495594 0.05070833 0.04740307 0.03459591 0.02794258 0.03658517 0.03273676 0.02663406 0.01387198 0.007240027 0.008083177 0.008226157 0.00393883 0.003125316 0.002817522 0.003823517 0.00360385 0.008333107 0.002571787 0.006910372 0.006237211 0.006019135 0.006472192 0.009531414 0.03241868 0.008430419 0.009711941 0.01198546 0.01387255 0.0180248 0.02474248 0.03947922 0.04686353 0.05582422 0.05934836 0.0710756 0.07273352 0.07959496 0.06315511 0.024625 0.015375 0.01204167 0.02216667 0.02591667 
0.1071029 0.09101538 0.05022739 0.04206987 0.06843749 0.04919377 0.02542139 0.03448791 0.04102443 0.04083951 0.04373595 0.04678642 0.03873897 0.04144451 0.03589914 0.02497227 0.02127282 0.01955193 0.01855158 0.01370785 0.01203225 0.005170184 0.005158174 0.002587751 0.002856702 0.002242542 0.002038622 0.003244465 0.003221271 0.003331171 0.001885376 0.006692197 0.006356971 0.00659479 0.006327641 0.006743258 0.009756146 0.008962397 0.01072217 0.01318401 0.01502375 0.01910119 0.02581345 0.04112556 0.04955978 0.05984654 0.06612961 0.07857312 0.07836027 0.07592419 0.07090741 0.01558333 0.01141667 0.02816667 0.01858333 0.01258333 
0.1130122 0.07309083 0.04264329 0.05552963 0.06085594 0.06215936 0.03429914 0.04909994 0.05287829 0.04131067 0.03933486 0.04865338 0.03990511 0.03113828 0.02709314 0.02023475 0.01668193 0.01289426 0.0129695 0.01007561 0.009023012 0.003975306 0.00394249 0.00181683 0.001723878 0.001599801 0.001604839 0.003093162 0.002934366 0.003093014 0.003414387 0.00642075 0.006497407 0.006846884 0.007043217 0.008059008 0.01065241 0.01133457 0.01304679 0.01642013 0.01911023 0.02279403 0.02803937 0.04465134 0.05121629 0.05728728 0.0629406 0.08005565 0.09602729 0.08043168 0.08378431 0.017 0.0115 0.013625 0.01420833 0.006416666 
0.0805585 0.05165982 0.03412354 0.02797866 0.03191632 0.06731825 0.04436804 0.04524058 0.04766132 0.03931216 0.03180805 0.04669922 0.04014838 0.02820033 0.02726015 0.02041858 0.01540058 0.01159964 0.009370058 0.007582462 0.003428143 0.003164988 0.003407923 0.001346627 0.001350162 0.001543453 0.001682043 0.006381 0.002903624 0.006464856 0.003312115 0.00623549 0.006635114 0.00734563 0.008204918 0.01085688 0.01231932 0.0139324 0.01587216 0.02049917 0.02330536 0.02771945 0.0319465 0.04868352 0.05566869 0.06414477 0.06275441 0.07707041 0.0738629 0.08091205 0.08733375 0.022 0.01858333 0.01954167 0.010875 0.007041667 
0.0551166 0.04349362 0.04220839 0.03889709 0.03650824 0.05862157 0.06195648 0.03492028 0.03293549 0.03576284 0.02301047 0.03193291 0.03293276 0.02924463 0.01918644 0.02070869 0.01676892 0.01484751 0.01331708 0.0121868 0.003911875 0.002872118 0.002882781 0.00130218 0.002021346 0.001933889 0.00328715 0.001385488 0.007854523 0.008071867 0.001739776 0.004794738 0.005254787 0.006550602 0.007604205 0.01506754 0.01694112 0.02105201 0.02475676 0.03897009 0.04446119 0.04992849 0.05432149 0.05603104 0.06015372 0.06322804 0.06278133 0.03625 0.03533333 0.03045833 0.05216666 0.02470833 0.018625 0.028625 0.03095833 0.00875 
0.07082073 0.05583553 0.04816617 0.05749325 0.02825709 0.02659001 0.05394253 0.05030631 0.06310257 0.04662553 0.03606065 0.030893 0.02637494 0.01845361 0.0158563 0.01693918 0.01351402 0.01086822 0.01149676 0.005253111 0.003170558 0.002393104 0.002248027 0.001841493 0.001130522 0.0010705 0.001071745 0.001090787 0.001460643 0.001372175 0.001643923 0.004510035 0.005358901 0.006969985 0.007826116 0.01492761 0.01805608 0.02144208 0.02761245 0.0439604 0.04849625 0.05354539 0.05783762 0.06111187 0.05967039 0.06281587 0.06393079 0.021625 0.0215 0.02945833 0.02945833 0.020875 0.0215 0.0225 0.027875 0.01045833 
0.07248785 0.05122475 0.0671969 0.04551894 0.05894208 0.04971258 0.05446233 0.07801849 0.05375248 0.02409346 0.01486139 0.03011101 0.02854965 0.02034004 0.01590783 0.01983388 0.01371253 0.009270939 0.007307605 0.00366088 0.002570814 0.002108474 0.00200325 0.0007997909 0.001153826 0.0007476875 0.0009265529 0.0007824576 0.0008027058 0.002034004 0.001362901 0.004123278 0.00501855 0.006785269 0.008201136 0.01665236 0.01929312 0.0232362 0.02840815 0.04702948 0.0512955 0.05472783 0.06018389 0.06075698 0.06058471 0.06782621 0.06301458 0.01575 0.01708334 0.028 0.02116667 0.02079167 0.020875 0.02233333 0.02470834 0.01095833 
0.0697361 0.04888948 0.06520591 0.0571089 0.04496722 0.03508802 0.0479831 0.1032311 0.06219027 0.01722122 0.01687066 0.02328842 0.02538901 0.01750694 0.01737293 0.02309918 0.0210027 0.01410806 0.007246482 0.004943225 0.002658836 0.002094862 0.001965524 0.0007776571 0.00222656 0.0009380201 0.001725021 0.001682068 0.0007345547 0.008530816 0.001095608 0.004245519 0.005150717 0.006710287 0.009078356 0.0178179 0.02068308 0.0244807 0.02921898 0.04791554 0.05613741 0.05765536 0.06318218 0.06100902 0.06178296 0.06315526 0.05600658 0.01529167 0.01575 0.02116667 0.01658333 0.014875 0.018875 0.01641667 0.01570833 0.01120833 
0.06917367 0.06124378 0.09422304 0.04832971 0.04380387 0.04887653 0.09314687 0.09236434 0.03346043 0.01508624 0.01495825 0.01843649 0.01701679 0.02082121 0.02532836 0.02828323 0.02135759 0.01350732 0.008950675 0.006647381 0.006444926 0.003263126 0.001801164 0.001324115 0.001186474 0.001088113 0.002426603 0.0005150357 0.0006551578 0.0009219937 0.001499414 0.00863356 0.01091401 0.01377293 0.01721259 0.02668731 0.02971911 0.03268057 0.0400099 0.05672142 0.06163288 0.06276291 0.06615443 0.06365467 0.06506848 0.06521749 0.05458425 0.007749999 0.004791667 0.01954167 0.006583333 0.0065 0.009875 0.004625 0.005416667 0.01554167 
0.06267875 0.05487075 0.1011232 0.08596262 0.04578008 0.03632975 0.04767244 0.06774627 0.02173896 0.02343471 0.0175261 0.01749576 0.01502351 0.01416225 0.01875582 0.02073635 0.01718001 0.01212452 0.01102475 0.01025129 0.01015348 0.003316212 0.001776851 0.001145461 0.0009802784 0.0008597113 0.00277536 0.001931324 0.0003241329 0.0007112039 0.00143153 0.008912069 0.01108771 0.01392483 0.01752264 0.02472116 0.03076029 0.03444231 0.04082527 0.05087945 0.05673432 0.07780676 0.07966705 0.06300613 0.06437855 0.0680634 0.05290712 0.01425 0.01091667 0.02220833 0.01391667 0.004875 0.0035 0.003583333 0.008750001 0.01295833 
0.07128064 0.06145521 0.06584078 0.09349366 0.04645886 0.02424158 0.01174349 0.02063761 0.02073675 0.01707244 0.0179242 0.01849687 0.01406873 0.01553458 0.01423874 0.01791253 0.01253835 0.01102456 0.01321516 0.009941537 0.006340055 0.003027665 0.001734385 0.001011642 0.0008297951 0.0006983855 0.0006162653 0.0002796065 0.0002326992 0.0003932116 0.001171401 0.009165092 0.01120209 0.01388563 0.01735 0.02149564 0.02390356 0.06037677 0.03948116 0.05209596 0.0499513 0.06810554 0.05639318 0.0622986 0.05811202 0.06369369 0.04570102 0.018125 0.010625 0.01533333 0.01579167 0 0.003416667 0.005208333 0.007041667 0.01229167 
