ncols         56
nrows         54
xllcorner     28.264
yllcorner     -5.7719999999999
cellsize      0.25
NODATA_value  -9999
0.2248467 0.2020713 0.2011487 0.1806726 0.2235829 0.1622711 0.206787 0.2165268 0.1522441 0.1429841 0.206554 0.1812617 0.1916149 0.1814474 0.1821096 0.2687845 0.3416502 0.3989457 0.4078517 0.256919 0.191071 0.1737535 0.1647764 0.2795168 0.263135 0.2665588 0.2563594 0.3292495 0.2892303 0.2565937 0.2474449 0.2837002 0.2918865 0.2603354 0.2516772 0.2403907 0.2419773 0.2464577 0.2370671 0.2182314 0.1792748 0.1546083 0.1472375 0.1718906 0.1643748 0.1521402 0.1677911 0.1950148 0.1810994 0.1558736 0.1321633 0.1234127 0.1326906 0.1171047 0.1631056 0.113193 
0.2235443 0.2023789 0.2123809 0.2554309 0.2443983 0.2460068 0.2596228 0.2311554 0.1641339 0.1748374 0.1937436 0.1678111 0.1637713 0.1711858 0.1709868 0.1961774 0.2627014 0.3154424 0.3558495 0.2574968 0.1925343 0.1940982 0.1928511 0.2615387 0.3026608 0.2936561 0.2815475 0.3154774 0.3005988 0.2489772 0.22407 0.2662437 0.2581993 0.2569228 0.2453359 0.2599033 0.2462475 0.2605345 0.2184762 0.184664 0.1577564 0.1466542 0.1494447 0.149233 0.1363188 0.1358619 0.1474236 0.1631298 0.1473715 0.1322881 0.1263562 0.1114241 0.1139938 0.09842514 0.1103884 0.08512738 
0.2372501 0.2154868 0.2700374 0.3100156 0.2019346 0.2698492 0.3153908 0.2230605 0.207153 0.197325 0.1940177 0.164029 0.1642203 0.1809746 0.179959 0.2235806 0.2062056 0.22991 0.2872618 0.2500832 0.1963692 0.1979085 0.2118188 0.269321 0.3020575 0.2847294 0.292391 0.3167588 0.272041 0.2414894 0.2254405 0.2486117 0.26443 0.2543749 0.2949259 0.2700766 0.2414179 0.2583045 0.2195109 0.2082519 0.158092 0.1698696 0.1606998 0.1498095 0.141541 0.1343838 0.1331301 0.1398745 0.1396975 0.1349961 0.1332459 0.1115048 0.1182369 0.1058162 0.09165437 0.07396554 
0.2681618 0.2173529 0.2325011 0.324308 0.2843573 0.2749445 0.3022583 0.2158219 0.2191812 0.248579 0.2142301 0.3148012 0.246731 0.2619697 0.2603191 0.2242675 0.2637635 0.2934895 0.2729803 0.2910551 0.2778666 0.2829002 0.2911988 0.3361695 0.3372281 0.3432318 0.3346252 0.2874715 0.258073 0.2682481 0.2290364 0.2762423 0.3128661 0.2958136 0.3085929 0.3315533 0.2659558 0.2517892 0.2214333 0.2287879 0.2194868 0.2072955 0.1783884 0.1725007 0.1442683 0.1267662 0.1396407 0.1976596 0.1730009 0.1732836 0.1694725 0.111476 0.1037251 0.07124444 0.06347007 0.03730156 
0.2510044 0.231571 0.2203689 0.2988651 0.2631334 0.2592275 0.2478986 0.2928765 0.2267153 0.2011595 0.2643078 0.3328566 0.2187902 0.1995543 0.2003731 0.1876276 0.1888066 0.1926803 0.2095256 0.2663783 0.2666436 0.2584475 0.2800128 0.2945019 0.3041972 0.2894744 0.2770115 0.2820689 0.2494196 0.2465093 0.266171 0.3090311 0.3818807 0.3169818 0.293216 0.3332948 0.2599664 0.2483445 0.2137969 0.1994742 0.2398222 0.2373957 0.1944681 0.1773923 0.1482139 0.1405357 0.1352518 0.1799845 0.19251 0.1711512 0.1795708 0.1500508 0.1072659 0.07086685 0.05480589 0.02927117 
0.2311208 0.2343314 0.235929 0.2520423 0.2391973 0.2211811 0.2210976 0.2197291 0.2921965 0.2628862 0.2594987 0.2991707 0.2195916 0.1617779 0.1750649 0.1596665 0.1670369 0.1822387 0.1824893 0.2475667 0.2454645 0.248644 0.2640071 0.2664948 0.2497984 0.2324256 0.2138161 0.2152617 0.2224868 0.2212074 0.2534629 0.2918999 0.2924001 0.3040135 0.2619437 0.2995047 0.2385632 0.227141 0.2019454 0.2113489 0.2260983 0.1980142 0.173615 0.1770502 0.168753 0.1383044 0.1230492 0.1705371 0.1788103 0.1687027 0.161339 0.1427024 0.07153561 0.05735561 0.05204519 0.03317512 
0.1900622 0.2338521 0.2479516 0.3003291 0.240035 0.1930357 0.2000431 0.2309998 0.2945123 0.2755522 0.2888331 0.2567734 0.1782489 0.1681613 0.156619 0.1482948 0.1957735 0.2148103 0.1797652 0.2441468 0.2283277 0.2357191 0.220465 0.2485979 0.2183405 0.2069378 0.1837821 0.1684707 0.1755246 0.1943548 0.1909569 0.2338686 0.2532504 0.2848356 0.2559533 0.2704077 0.2594289 0.2418547 0.2158065 0.2007572 0.1951749 0.17189 0.1643111 0.1729714 0.1686172 0.1609445 0.1611419 0.1825432 0.2095747 0.1715229 0.1618574 0.1036028 0.08090819 0.0756928 0.096861 0.04052217 
0.2666692 0.2421845 0.276124 0.2429109 0.2144392 0.1942882 0.199283 0.3952044 0.3487729 0.3592282 0.3355344 0.3153788 0.2632052 0.1941991 0.1754583 0.2445721 0.2440086 0.2203003 0.2113531 0.2322178 0.211536 0.2090139 0.2377269 0.1563593 0.1221596 0.1009749 0.1188181 0.09611317 0.1226281 0.08584301 0.08951838 0.1524081 0.1933149 0.2452956 0.2073275 0.2212784 0.251154 0.182729 0.172867 0.1702596 0.1550167 0.1500528 0.1393198 0.1164675 0.1269819 0.1493061 0.1468877 0.1940755 0.1890185 0.1238908 0.1268337 0.1155679 0.1250371 0.1178963 0.1265147 0.04671876 
0.1731809 0.1831845 0.220066 0.2208789 0.1883006 0.2037792 0.258042 0.3761374 0.3231396 0.3104334 0.3502233 0.3119946 0.2406821 0.2584643 0.2365424 0.2335498 0.180776 0.163739 0.2070621 0.2379329 0.2000558 0.2269921 0.2341925 0.1499 0.1002467 0.09464254 0.09335794 0.08126489 0.1389378 0.09107603 0.05941974 0.1333141 0.1515517 0.1582283 0.1600006 0.1833861 0.2201351 0.1576132 0.1492728 0.1771448 0.161911 0.1571561 0.1385453 0.105356 0.1059974 0.09939765 0.1352877 0.2243079 0.1787459 0.177974 0.1168483 0.1166267 0.1182534 0.1204854 0.1569481 0.06812215 
0.1939103 0.1934847 0.2336695 0.2216334 0.2260461 0.2939445 0.3163118 0.3701129 0.336762 0.2762465 0.2870285 0.3390069 0.2597958 0.2830531 0.2855552 0.224084 0.1719448 0.1452468 0.2032043 0.2215726 0.1939528 0.2220475 0.2219196 0.1261643 0.07863872 0.06040653 0.06754064 0.08000145 0.1046137 0.1128383 0.0663836 0.122749 0.1576875 0.1260423 0.1448545 0.1724997 0.1612482 0.1390447 0.1309732 0.1706191 0.1596255 0.1533588 0.128628 0.1153722 0.1132038 0.09262849 0.1114867 0.1634611 0.1944405 0.1746903 0.1305402 0.1145153 0.1175436 0.1241119 0.1449411 0.04496825 
0.2377126 0.2530992 0.2171741 0.3262446 0.325469 0.2828285 0.3390788 0.4073611 0.3642784 0.283515 0.2995831 0.386625 0.3700108 0.3392096 0.3374197 0.2174212 0.1886788 0.2265715 0.208192 0.2047067 0.1976408 0.19532 0.2014713 0.1367375 0.09066567 0.05820972 0.08145148 0.07694777 0.08471883 0.06620804 0.05458856 0.1008504 0.1308926 0.1117993 0.1259353 0.156955 0.132407 0.152053 0.1541826 0.175229 0.1680386 0.145688 0.129189 0.1286822 0.1155114 0.1038946 0.09645569 0.1272586 0.1869347 0.1423798 0.1218188 0.1222431 0.1213591 0.1514078 0.1649583 0.09833965 
0.2704117 0.2650054 0.2726337 0.4161705 0.3830528 0.3433104 0.3337578 0.2700908 0.2476888 0.3373292 0.4039859 0.3725829 0.3409872 0.3046943 0.2465862 0.1978113 0.1766361 0.2824694 0.2838876 0.220589 0.1991812 0.171948 0.1620996 0.1033443 0.06748535 0.05041836 0.0656535 0.05227948 0.04364402 0.0432109 0.04236947 0.06734613 0.07882307 0.0799836 0.08437039 0.09312414 0.1154623 0.1212436 0.119401 0.1701327 0.152934 0.1443371 0.1459876 0.1843523 0.1644354 0.1694327 0.1722473 0.1590014 0.1660856 0.1529248 0.1447519 0.1225133 0.1148702 0.1105119 0.1036494 0.06606314 
0.295691 0.2595547 0.3201334 0.3770559 0.3249627 0.3180137 0.2837117 0.2373508 0.2076738 0.2401932 0.3913687 0.3620055 0.2690707 0.2399847 0.2068251 0.1806186 0.2020361 0.2838938 0.2649763 0.2002185 0.1654675 0.1391288 0.1238912 0.05956869 0.04583239 0.0364756 0.0453719 0.02671012 0.03584638 0.04501712 0.04489398 0.05900751 0.07056454 0.07014645 0.07203728 0.07393856 0.09786268 0.1038833 0.09644618 0.1710598 0.1476654 0.1406583 0.1423057 0.1726181 0.1559113 0.158022 0.1957937 0.1809073 0.165316 0.1581211 0.1750014 0.130463 0.1228944 0.1091398 0.09799557 0.06016751 
0.3001593 0.2972023 0.3050852 0.3897379 0.3488436 0.3151574 0.2724864 0.199643 0.1984084 0.2522484 0.4060546 0.3098992 0.2194152 0.1994265 0.1651184 0.2052292 0.1953091 0.2094743 0.205164 0.1493247 0.1276406 0.1195787 0.09944888 0.06320626 0.04049032 0.03794958 0.0320713 0.02216551 0.02964845 0.02621509 0.0306277 0.04858638 0.05626458 0.06096311 0.06824552 0.07016119 0.08095865 0.09687401 0.0982734 0.1583519 0.1539367 0.1506029 0.1739261 0.158701 0.1529249 0.147118 0.1682169 0.1735096 0.17624 0.1803281 0.1791135 0.1314661 0.1173346 0.09352795 0.09170241 0.05724993 
0.3192746 0.3696508 0.3162115 0.3910367 0.2927905 0.2216732 0.2494606 0.2599832 0.2363101 0.2593535 0.2961762 0.2711253 0.2122692 0.1643165 0.1520365 0.1945295 0.1771016 0.1925041 0.2017756 0.1248264 0.09062497 0.09565578 0.09715866 0.0588824 0.05052627 0.02820015 0.02249797 0.01612827 0.01507309 0.02501776 0.02831972 0.04767607 0.06603789 0.05520454 0.07375769 0.06929226 0.06201933 0.08089797 0.08319633 0.1440656 0.1418335 0.1490178 0.1795251 0.1615777 0.170038 0.1551259 0.1559862 0.210454 0.1926391 0.1815163 0.1726041 0.1195389 0.1063025 0.09559624 0.09462172 0.0577147 
0.3089306 0.3198958 0.3225745 0.2928068 0.2664334 0.2129122 0.2440498 0.2453981 0.253808 0.2313612 0.1823703 0.2401251 0.2526689 0.1859992 0.1935369 0.1431172 0.1302611 0.1624551 0.1560616 0.1493466 0.1261619 0.1158678 0.09469134 0.06942842 0.04193634 0.0304224 0.02846131 0.01011423 0.00915573 0.0349769 0.03329541 0.02061027 0.04023114 0.02882166 0.02375459 0.02908881 0.0391125 0.03356844 0.03552402 0.05771956 0.07027753 0.05966436 0.09136727 0.2228834 0.2459014 0.1494769 0.1308479 0.1260528 0.1157627 0.107927 0.1007566 0.05361132 0.05098592 0.04241338 0.04258562 0.04219496 
0.3073858 0.269317 0.2987697 0.3614709 0.2719636 0.1897731 0.1850645 0.2204323 0.2669697 0.2299364 0.2031298 0.2378057 0.2208384 0.1957002 0.1712296 0.1578614 0.1473518 0.1615856 0.1331812 0.1437527 0.1348146 0.1277676 0.1040824 0.06472168 0.04246671 0.03714335 0.03398107 0.016917 0.006373106 0.02780247 0.03520068 0.01064922 0.02482205 0.02385145 0.01035765 0.01469781 0.03525845 0.04267687 0.04153387 0.06120798 0.06681535 0.08525272 0.1166553 0.1666096 0.1581867 0.1509465 0.1236663 0.1184156 0.1103233 0.09341371 0.1066698 0.05743332 0.038736 0.03573971 0.03131669 0.03574992 
0.2924069 0.2916907 0.3061963 0.3616069 0.2964155 0.2278433 0.2587314 0.2718526 0.2932411 0.2638749 0.2160125 0.298921 0.2383449 0.2251964 0.1907413 0.2016521 0.1771796 0.1765423 0.1737917 0.1799067 0.1461709 0.1309098 0.1122465 0.06528589 0.04137593 0.04023865 0.02359569 0.00824787 0.01719059 0.006594558 0.005588164 0.005326251 0.007436745 0.006704211 0.008922046 0.01049447 0.03283774 0.04415 0.0392011 0.05164267 0.06384403 0.08298831 0.1073892 0.1918629 0.1406183 0.1328241 0.1325908 0.1182811 0.1097886 0.101755 0.1066728 0.04855659 0.03796982 0.04562989 0.04799208 0.03435995 
0.3934299 0.3923244 0.3594669 0.2804298 0.2227806 0.2672462 0.275794 0.2926753 0.3191079 0.2670906 0.2325447 0.2654448 0.2826176 0.2434317 0.213128 0.3058921 0.2470647 0.2420896 0.2397475 0.2011719 0.1975941 0.1766514 0.1366377 0.08414488 0.05903997 0.05797684 0.04410783 0.01072131 0.006882988 0.005675081 0.007100361 0.00792676 0.007825814 0.009059299 0.009942926 0.008580735 0.008433244 0.03607919 0.02594972 0.06441933 0.07797329 0.08872671 0.09304543 0.1766941 0.1557888 0.12045 0.1624262 0.1249925 0.112771 0.1050295 0.1082846 0.04638195 0.04948038 0.06356723 0.04844429 0.0346543 
0.3387507 0.2945439 0.2718122 0.3115098 0.2675789 0.3320242 0.2633327 0.2486915 0.239928 0.2280348 0.2088556 0.2170562 0.2189917 0.2048645 0.2366558 0.3107628 0.3188486 0.3436564 0.4092892 0.3118962 0.2449875 0.1945226 0.1518608 0.115366 0.09776194 0.0808056 0.07257012 0.04112974 0.03353359 0.02903467 0.02705389 0.03202449 0.03435841 0.03046926 0.03218701 0.007282881 0.004072696 0.02210386 0.03518603 0.07461636 0.0996368 0.1096341 0.1175212 0.1464526 0.1324168 0.139038 0.134799 0.08182646 0.07263177 0.06683397 0.05921587 0.05609871 0.05821374 0.05817404 0.06002954 0.03223995 
0.2960417 0.3044792 0.2813379 0.3022704 0.2733683 0.2576225 0.2540838 0.2287322 0.1764509 0.1588849 0.1474311 0.1652543 0.1603514 0.1865074 0.1953854 0.3108003 0.3132397 0.330351 0.4086282 0.3800362 0.2715968 0.1944909 0.1367698 0.1278259 0.1075611 0.09774087 0.09790029 0.05138283 0.04321301 0.03794535 0.03469722 0.0359848 0.0351579 0.03779889 0.03203678 0.006791004 0.008803009 0.009610919 0.01928279 0.07296143 0.0937436 0.1125467 0.1062551 0.1196154 0.1191304 0.1264232 0.1033861 0.07691095 0.0709803 0.06943591 0.05242082 0.06284734 0.05222913 0.06085128 0.05453755 0.03412841 
0.2826108 0.2522129 0.2678875 0.3114544 0.2233593 0.2110196 0.2260716 0.2045981 0.1334608 0.1170109 0.1147593 0.1853253 0.1484276 0.1630831 0.2009289 0.2949073 0.3175313 0.3078299 0.3549269 0.405661 0.3290968 0.2499792 0.1797183 0.1330954 0.1271636 0.1087543 0.1101203 0.0945091 0.05618605 0.05023994 0.0461968 0.04435848 0.04010831 0.04331718 0.03456726 0.005973406 0.005626013 0.007586803 0.02656426 0.07431132 0.08125979 0.08459701 0.08711877 0.1123758 0.105912 0.1028818 0.1028016 0.07678851 0.05868284 0.05255122 0.0481673 0.06512262 0.05120909 0.05050408 0.05140546 0.03384132 
0.2541301 0.2761244 0.2942902 0.2956504 0.2076737 0.179564 0.2027355 0.1679016 0.1226228 0.108923 0.1139631 0.1988457 0.1706854 0.1851626 0.1879898 0.2854019 0.2870772 0.3016606 0.3511258 0.4020122 0.3754179 0.2615448 0.2210637 0.1621705 0.1567042 0.1424276 0.1215534 0.1028622 0.0805328 0.08292795 0.0768372 0.06371764 0.06158951 0.05584776 0.04249239 0.006603583 0.006064845 0.005934373 0.01520684 0.06287836 0.07516488 0.0882179 0.08153261 0.1077847 0.1022174 0.1032081 0.1216471 0.07437469 0.05832574 0.04224618 0.04161194 0.05427393 0.04810876 0.04841411 0.04880632 0.03379638 
0.2283301 0.250628 0.2439757 0.2353902 0.1919755 0.1479316 0.1340565 0.1092309 0.1098004 0.1065643 0.09976631 0.1798162 0.1956045 0.2011346 0.2020127 0.1803162 0.169173 0.1847287 0.1950725 0.2479483 0.2558348 0.2137727 0.2179734 0.2048684 0.1953192 0.1918047 0.1744646 0.1385043 0.1442703 0.1312725 0.1263767 0.1132022 0.09479067 0.08356731 0.0705462 0.03666684 0.0339957 0.0330742 0.03411731 0.03145853 0.03446335 0.03881884 0.04015731 0.04564353 0.04529617 0.04403229 0.05000715 0.04041549 0.03748867 0.03776611 0.0552724 0.0615232 0.04162536 0.04154096 0.04205286 0.04593587 
0.2407456 0.2151288 0.2534657 0.2910529 0.1620308 0.1206029 0.1049293 0.09952479 0.1210814 0.109158 0.1151034 0.1722138 0.1986376 0.185321 0.2087696 0.1723686 0.1748463 0.1591856 0.1826009 0.2188871 0.195376 0.2000827 0.2935026 0.2272856 0.2111514 0.196582 0.1836289 0.1537676 0.1641321 0.1597932 0.1605241 0.1395415 0.1057955 0.09274941 0.08143377 0.04108268 0.03644506 0.03544188 0.03472497 0.02891904 0.03086574 0.03344103 0.03410022 0.0411674 0.04101371 0.04004638 0.03920414 0.03373499 0.0330221 0.03126064 0.03770073 0.05133541 0.04320582 0.03926988 0.03987663 0.0425254 
0.194719 0.2056246 0.242607 0.2546338 0.170906 0.1493542 0.1105586 0.1056795 0.1208126 0.09106707 0.1145225 0.1700574 0.1620093 0.1712845 0.1765224 0.1697401 0.1576683 0.1533209 0.1764193 0.2143091 0.1961913 0.2034424 0.2151311 0.2309545 0.223693 0.2022012 0.1881026 0.1670676 0.1805785 0.1840735 0.1472829 0.1329976 0.1241813 0.1053666 0.08676705 0.05074458 0.05173067 0.03529777 0.03455743 0.02822998 0.03007927 0.03226439 0.03165917 0.03668857 0.03428601 0.03276014 0.03470058 0.0310044 0.02922924 0.02808097 0.03565688 0.04436977 0.04080923 0.04385949 0.04394308 0.0520083 
0.24041 0.234476 0.2196743 0.2231755 0.2088618 0.2286172 0.1320554 0.1173025 0.09683972 0.1001954 0.1134634 0.1722784 0.1628013 0.1628454 0.1642691 0.1666662 0.1606601 0.1740333 0.1881966 0.2381282 0.213075 0.219742 0.2084444 0.2304605 0.2209661 0.201025 0.208851 0.1707363 0.1762176 0.1706318 0.1436064 0.1302131 0.1114002 0.1030633 0.09373798 0.04736317 0.04669048 0.0342415 0.03229434 0.02725542 0.02940231 0.03145177 0.030509 0.03164902 0.0304846 0.02867099 0.03319372 0.02750205 0.02586947 0.0253617 0.02501695 0.03619232 0.03668131 0.03350811 0.0430011 0.04003414 
0.3422989 0.2829174 0.2693263 0.2005108 0.1593713 0.2048407 0.1448824 0.1040836 0.1051901 0.08838204 0.1104395 0.2313472 0.1864905 0.167096 0.1623666 0.1634023 0.1530064 0.1541198 0.1835547 0.2103771 0.2202645 0.2215623 0.2357178 0.2524484 0.2545595 0.2186617 0.2234615 0.2004898 0.2019363 0.1875402 0.1627626 0.1317271 0.1104776 0.09449706 0.08515336 0.05594149 0.0538349 0.04537244 0.04215648 0.03899727 0.03878214 0.03870801 0.03558328 0.02972897 0.02772252 0.0273793 0.02575568 0.02502365 0.02416061 0.02386906 0.02377767 0.0236774 0.03515511 0.04254719 0.03685759 0.03262157 
0.3096985 0.2609712 0.2436871 0.2176981 0.1744418 0.1452655 0.100101 0.0825054 0.08635918 0.0710625 0.093284 0.1753921 0.1431821 0.1529728 0.1591243 0.1510563 0.152861 0.1635002 0.1779766 0.2166127 0.2158509 0.2447274 0.2323906 0.261224 0.2545784 0.2548967 0.216671 0.2026552 0.2050741 0.2049907 0.1700298 0.1424066 0.1108022 0.09135176 0.08742771 0.06033311 0.0531062 0.04917842 0.04606992 0.0404423 0.03814371 0.03769252 0.03445295 0.0285996 0.02653565 0.02607072 0.02428524 0.02282306 0.02201656 0.02552899 0.0259009 0.0227799 0.02957091 0.03266309 0.04208975 0.03021917 
0.25701 0.2336912 0.2338467 0.1530001 0.1344807 0.08593357 0.08546968 0.07817575 0.06147128 0.05413596 0.07396904 0.13271 0.1223417 0.1391095 0.1371371 0.1488617 0.1507514 0.1531477 0.1797704 0.2006363 0.2004134 0.1909763 0.19762 0.253703 0.2463809 0.2395969 0.2160428 0.2002669 0.2170509 0.1970612 0.1732351 0.1563029 0.09997438 0.08455892 0.07675875 0.05190117 0.04891398 0.04407144 0.05252901 0.03706657 0.03713961 0.03664375 0.0332608 0.02680726 0.02334472 0.02152011 0.02182851 0.02090956 0.01990197 0.02333387 0.01922412 0.01951258 0.02142087 0.0290094 0.03274883 0.028714 
0.2845885 0.2698729 0.2389686 0.126999 0.09355798 0.06501646 0.0915122 0.06635104 0.05676349 0.05336614 0.05513006 0.1233232 0.1202668 0.1245033 0.1270933 0.1414916 0.1513354 0.1566929 0.1700468 0.2059916 0.1992538 0.1797188 0.1813807 0.2622086 0.2421254 0.2390408 0.2127017 0.2023781 0.2019823 0.1733088 0.1596633 0.1273008 0.09117059 0.07960875 0.07683924 0.0531933 0.05833923 0.04679807 0.03677556 0.03461639 0.03469275 0.03424664 0.03080912 0.02476909 0.02120699 0.01906941 0.01871763 0.01847938 0.01766144 0.01708496 0.01713822 0.01743042 0.01768906 0.01857417 0.02000175 0.02720296 
0.3162194 0.1762745 0.116241 0.0843516 0.08506577 0.073296 0.08169724 0.07460179 0.07037031 0.07532877 0.07967851 0.1214991 0.1291258 0.1221377 0.1264952 0.1579927 0.173969 0.194614 0.2080388 0.2250385 0.2038683 0.1748962 0.1608696 0.2369471 0.2279661 0.2178901 0.1911709 0.142765 0.1338753 0.1106551 0.1075891 0.08580212 0.07009863 0.06312563 0.05995661 0.06985253 0.09110377 0.06087688 0.05272843 0.0376386 0.03278363 0.03236592 0.02875656 0.01956824 0.01737719 0.01625698 0.01583384 0.01571839 0.01504195 0.01444937 0.01435218 0.01591735 0.01590124 0.02061177 0.01651028 0.01568033 
0.2646793 0.1618796 0.102888 0.06461018 0.07119496 0.05875799 0.06816612 0.07643239 0.06049375 0.06770825 0.06986298 0.1161642 0.1160575 0.1220391 0.1266893 0.1745806 0.1778871 0.205929 0.2428895 0.2236122 0.1814299 0.1493607 0.1333231 0.1876572 0.187206 0.1831454 0.2162302 0.1251914 0.1227769 0.09253819 0.07698371 0.07762685 0.06012329 0.05972226 0.05001702 0.05897812 0.0571525 0.05315655 0.05967225 0.03311187 0.0305904 0.03022904 0.02658713 0.01808045 0.01581942 0.01434836 0.01424977 0.0140835 0.01347049 0.01294151 0.01291626 0.01589835 0.01721022 0.01865878 0.01518398 0.01423575 
0.2187228 0.1598293 0.1132317 0.07289501 0.05923891 0.05334296 0.06324882 0.06042933 0.05786485 0.07019186 0.06555149 0.1127372 0.1136379 0.1176703 0.1237586 0.1756625 0.2016616 0.2389505 0.2499644 0.2053727 0.1745963 0.1272575 0.120358 0.1597208 0.154985 0.1768939 0.2100718 0.1032612 0.08527388 0.07376381 0.06985022 0.06951898 0.05918594 0.04640816 0.04566881 0.05859048 0.05740749 0.05548759 0.05721293 0.03220048 0.02807389 0.02796356 0.0246355 0.01717409 0.01507058 0.01378873 0.01367318 0.01354077 0.01305039 0.0127138 0.01261925 0.01511736 0.01493662 0.01754769 0.01448388 0.01566202 
0.2443879 0.2067707 0.1349594 0.07282241 0.05590991 0.06095738 0.05915856 0.060005 0.0565187 0.05993665 0.06034959 0.1152464 0.1151106 0.1186626 0.1232095 0.1883039 0.2219846 0.2462304 0.2230964 0.1589153 0.1533521 0.1220519 0.1078014 0.1447785 0.1467555 0.1571269 0.1413192 0.08467252 0.06977304 0.06580458 0.05948997 0.05819391 0.05542518 0.04479018 0.04279624 0.05394644 0.05674908 0.05037778 0.04551817 0.02421037 0.02501513 0.02535324 0.02272343 0.01659601 0.01486972 0.0137173 0.01381638 0.01380061 0.01337922 0.01295038 0.01296189 0.01541133 0.01811035 0.0194779 0.0149027 0.01418791 
0.1785642 0.2040858 0.106101 0.07582595 0.05209754 0.05500785 0.0469201 0.06190968 0.05179989 0.05394672 0.05738368 0.1272878 0.1471001 0.1647648 0.1818115 0.3074033 0.3015566 0.2990883 0.2417421 0.1167917 0.09767574 0.07206219 0.07581557 0.1546905 0.2560083 0.1882369 0.1461475 0.07005698 0.05645733 0.05137795 0.04934679 0.0568202 0.04284327 0.04474929 0.03770681 0.04846367 0.04338163 0.036204 0.02992133 0.02037808 0.02171745 0.02281911 0.02115739 0.01706566 0.01601073 0.01496277 0.01510466 0.01701975 0.0163171 0.01696852 0.01783963 0.0212503 0.02097183 0.0214079 0.02183184 0.01810069 
0.2231326 0.1471532 0.08911955 0.0722639 0.04787516 0.04497487 0.0407844 0.05666824 0.05053892 0.04646213 0.05171931 0.1114359 0.1261561 0.1460866 0.1664582 0.2724219 0.286574 0.2795117 0.2172579 0.1013353 0.07235461 0.0536221 0.05859029 0.1435913 0.1670697 0.1423078 0.1372366 0.05519054 0.05167446 0.0463715 0.04348711 0.04796526 0.04215716 0.03901281 0.03464398 0.04201757 0.03489093 0.02777161 0.02411199 0.01725797 0.01887247 0.02039848 0.01849123 0.01668121 0.01583516 0.01511232 0.01624897 0.01731406 0.01668074 0.01734228 0.0179901 0.02060798 0.02028803 0.02061342 0.02085641 0.02517122 
0.1650368 0.1219363 0.08335354 0.05145059 0.04199367 0.05323063 0.04418769 0.04099667 0.05062483 0.04104186 0.05644552 0.1155886 0.1145404 0.1297384 0.1633431 0.2698275 0.2684193 0.2705719 0.2102404 0.07799203 0.05552907 0.04385294 0.07048869 0.1390166 0.1300648 0.1326081 0.1146193 0.04734291 0.0459788 0.04563887 0.03954313 0.04104999 0.0409041 0.03853828 0.02930377 0.03502673 0.02828731 0.02403791 0.01918849 0.01450386 0.01642552 0.01845617 0.01711838 0.01612286 0.01575545 0.01605054 0.01647935 0.01762838 0.01703985 0.01768556 0.01753231 0.02699279 0.02301387 0.0228439 0.02078607 0.009190284 
0.1739762 0.1024066 0.07445288 0.03879479 0.03553709 0.03933466 0.04238157 0.03530808 0.03678019 0.04538684 0.05685381 0.0952789 0.1027982 0.1276449 0.1599907 0.2566031 0.2397504 0.2235349 0.2232939 0.0714175 0.05200872 0.04643872 0.06963881 0.1285942 0.1309664 0.1224465 0.1140913 0.04302059 0.0424026 0.03966019 0.03651235 0.03835738 0.03405018 0.02736478 0.03165363 0.02950241 0.02427801 0.01947945 0.01535604 0.0121191 0.01415086 0.01579829 0.01586998 0.0153743 0.01526175 0.01584302 0.0163728 0.01755982 0.01701511 0.01769117 0.0176113 0.02096095 0.03363252 0.02212969 0.004229272 0.006356275 
0.1715779 0.06019279 0.03105625 0.04225139 0.03425301 0.03027863 0.03209112 0.03683921 0.03889425 0.04889598 0.0559251 0.08719268 0.09610614 0.1134893 0.1186722 0.186658 0.1648265 0.1694037 0.1413173 0.08643557 0.05966781 0.06642018 0.09073037 0.2112443 0.1723587 0.140484 0.1244786 0.02960094 0.02406353 0.02219494 0.02033711 0.02715965 0.02187108 0.01984426 0.01959469 0.01485554 0.01202004 0.01067461 0.009936316 0.007879664 0.008983864 0.01127145 0.0118251 0.01976703 0.0199933 0.02008363 0.02047236 0.02997392 0.03947265 0.03228695 0.02941071 0.0235763 0.02320033 0.01723343 0.015924 0.01072874 
0.1348113 0.04555909 0.02493222 0.04056833 0.04854087 0.03751074 0.03427764 0.04508723 0.03628047 0.04291339 0.04930621 0.07311928 0.08033981 0.09046812 0.1243897 0.1522122 0.1352791 0.1250251 0.1062257 0.06369504 0.0572336 0.05721555 0.08084554 0.1687736 0.1235523 0.1068631 0.09942125 0.02363408 0.01981656 0.01730013 0.01539985 0.01980245 0.01724959 0.01670216 0.01236764 0.01097002 0.009082897 0.007450182 0.00742243 0.005753158 0.006688022 0.009448026 0.01056766 0.01885241 0.02060131 0.0200776 0.02053956 0.03405492 0.02223977 0.03020148 0.02945013 0.02506423 0.01190421 0.01577038 0.01593324 0.006275304 
0.1215015 0.05205622 0.03250011 0.06241446 0.04181515 0.03943533 0.0371286 0.03861955 0.03456454 0.04504379 0.05943521 0.07118889 0.07580704 0.0835003 0.09151545 0.1282538 0.1222765 0.118777 0.09958002 0.05272549 0.05315656 0.05073391 0.07553742 0.1193718 0.08909848 0.08429781 0.07741009 0.02084268 0.01669646 0.0137182 0.01155966 0.01583926 0.01336848 0.01113925 0.01014155 0.008154959 0.006306527 0.005621277 0.006158865 0.00474599 0.005351913 0.008410751 0.009968735 0.01864525 0.02460836 0.03183719 0.02076235 0.02319373 0.02268006 0.0222969 0.02883663 0.01122007 0.01293999 0.01462201 0.01832429 0.003036437 
0.114119 0.05190957 0.03460654 0.04313606 0.04008747 0.03193608 0.0365007 0.03775828 0.0323816 0.03997841 0.04929132 0.06572968 0.06586733 0.07650169 0.1038598 0.09768805 0.09078961 0.08547768 0.09686268 0.05296287 0.04055759 0.04488109 0.05854559 0.08260247 0.06354079 0.05766594 0.05242809 0.01818345 0.01427493 0.0132676 0.01192841 0.01262899 0.01061599 0.008619851 0.007413353 0.00841101 0.01654745 0.006127477 0.005764326 0.004874568 0.005154627 0.008349867 0.01022036 0.02351311 0.03685891 0.0385319 0.03192004 0.02456369 0.02288168 0.02449684 0.02201156 0.01434969 0.01433601 0.01457452 0.01470342 0.008137652 
0.07803918 0.0485587 0.03356807 0.02556169 0.02323221 0.01729107 0.02220539 0.005686169 0.009428832 0.01255019 0.01206999 0.06936754 0.08252963 0.07029126 0.05238448 0.04298132 0.03885347 0.03655288 0.02967516 0.02693172 0.0269585 0.02578389 0.02550397 0.01211352 0.01004674 0.008058094 0.006663436 0.004865389 0.008355052 0.006342214 0.00534248 0.006886487 0.005873728 0.005406234 0.004644553 0.01331885 0.05091427 0.008067922 0.004913421 0.008057633 0.01035792 0.01364026 0.01479154 0.04150066 0.04376739 0.08377375 0.05601209 0.04055299 0.02338124 0.02552535 0.01524917 0.0348583 0.02781377 0.02384615 0.02647773 0.01279352 
0.06754583 0.03665124 0.02584546 0.02545171 0.01842893 0.03000098 0.03889222 0.01097511 0.006655346 0.00742959 0.02818982 0.0583587 0.04922864 0.04555903 0.04524691 0.02818447 0.02650014 0.0253809 0.02290356 0.02138537 0.02145922 0.02207395 0.0215743 0.007931808 0.006733465 0.005632195 0.004720695 0.004120713 0.008546576 0.003144936 0.001499968 0.00495665 0.004046927 0.003159295 0.003276395 0.006327372 0.004907123 0.004094793 0.00480002 0.009061429 0.00950275 0.01152183 0.0142513 0.03844465 0.04515289 0.0767721 0.05035551 0.0491278 0.03435868 0.02024895 0.01933547 0.04352226 0.03874494 0.03546559 0.04267206 0.009676113 
0.05968672 0.02850487 0.05052426 0.009980493 0.01413269 0.0266985 0.02502882 0.01049949 0.02115099 0.03197713 0.01357003 0.04222254 0.03976201 0.03763998 0.03911018 0.01997428 0.01941485 0.02283794 0.01782169 0.01800093 0.01808315 0.01795612 0.0177163 0.00562976 0.005207954 0.004679226 0.0039324 0.002478435 0.003016721 0.004535857 0.001078569 0.003843043 0.002838931 0.002543877 0.002605058 0.004338163 0.004084042 0.004909305 0.006437416 0.0100001 0.01179791 0.01411549 0.01661715 0.04140364 0.0439517 0.0543134 0.05325403 0.06420502 0.045844 0.02741821 0.02788689 0.05959514 0.05044534 0.04850202 0.05238866 0.01194332 
0.04067466 0.01739804 0.0201523 0.01414994 0.009596937 0.0153233 0.01378433 0.01221153 0.02268733 0.02578628 0.01516534 0.03730755 0.03511832 0.03331476 0.03290896 0.01608651 0.01437737 0.01736448 0.01418038 0.01456548 0.01457722 0.01419236 0.01361696 0.004381482 0.004120473 0.004327868 0.006099853 0.00307482 0.00176017 0.001756873 0.000904789 0.003005719 0.002292455 0.00241133 0.003055263 0.005361594 0.005492216 0.006736995 0.008422416 0.01353495 0.01501229 0.01832286 0.02047815 0.04594238 0.05237884 0.06645393 0.05611481 0.07308152 0.04609355 0.03546218 0.03457249 0.06842104 0.06348178 0.0637247 0.07417004 0.01672065 
0.04265884 0.01775063 0.0346508 0.05103044 0.02286578 0.01296334 0.01275124 0.02773248 0.02563198 0.025964 0.03007537 0.02195941 0.02239655 0.01523817 0.01371232 0.01062951 0.01026824 0.008947478 0.008466233 0.009870321 0.009647749 0.009301094 0.008558162 0.002275044 0.002788383 0.001832443 0.001532136 0.0008648629 0.0006392036 0.0005752906 0.0005098166 0.004612409 0.004883327 0.005631775 0.006571073 0.009160941 0.010504 0.01374556 0.01582907 0.03369415 0.03377584 0.03635525 0.03929284 0.05023889 0.06548677 0.06244723 0.05778757 0.04801619 0.04226721 0.031417 0.03850203 0.04975709 0.05781376 0.06477734 0.07036437 0.03728746 
0.04766104 0.03617444 0.04088868 0.09471489 0.03177267 0.009699333 0.02699439 0.02691607 0.01774971 0.01423931 0.01773049 0.01903325 0.01485261 0.01309701 0.0122411 0.007903674 0.007534342 0.00570559 0.005715611 0.006757536 0.0065275 0.006246916 0.005686746 0.00209866 0.001410219 0.001179699 0.0009705603 0.0005635032 0.0009596765 0.0003919258 0.0003418585 0.003334408 0.004880304 0.005882813 0.007085315 0.01119559 0.01227095 0.01609764 0.01878707 0.03396153 0.03764822 0.04254303 0.04508163 0.06453115 0.07462506 0.06527654 0.07360002 0.03842105 0.0397166 0.03688259 0.03838056 0.04121458 0.06465587 0.05591093 0.06080972 0.05797571 
0.07576681 0.04759254 0.07607976 0.07569821 0.02276505 0.01512802 0.02838147 0.01999678 0.01172209 0.01114391 0.01202888 0.02006404 0.01665462 0.01459847 0.01147241 0.005789987 0.005535526 0.005051959 0.003817933 0.004657191 0.004637039 0.004271188 0.003766562 0.0009940843 0.0009373252 0.0007062586 0.0006011156 0.0004686462 0.001082988 0.0001282259 0.00131985 0.003231043 0.003753484 0.006144333 0.007506049 0.01120875 0.0135178 0.01668557 0.0205877 0.03535805 0.05012924 0.04878059 0.0490827 0.06350041 0.06556366 0.06046487 0.08396996 0.03765182 0.04242915 0.03736842 0.04238866 0.04263158 0.06170041 0.06793523 0.08562753 0.05299596 
0.06604414 0.05877934 0.0566956 0.07128452 0.03650596 0.01657581 0.01524448 0.01504573 0.01234264 0.009935605 0.01178377 0.01803893 0.0254907 0.02609648 0.01521733 0.005018438 0.003600856 0.003522459 0.002919842 0.005533219 0.003630584 0.00328016 0.002790872 0.0007032681 0.002185072 0.0005659789 0.0007791024 0.0002549671 0.001100436 0.003080902 0.0002180607 0.00347306 0.003980147 0.006512538 0.007934872 0.01190645 0.01770889 0.0198655 0.02160074 0.04176274 0.04296043 0.04789384 0.05330178 0.05791553 0.06334455 0.07201958 0.05867896 0.04534413 0.03303644 0.03538461 0.0408502 0.04218623 0.03886639 0.06117409 0.09076923 0.07477733 
0.04016566 0.06424822 0.08007824 0.1019662 0.04776204 0.0297532 0.0276616 0.08922529 0.03506298 0.01830243 0.01228383 0.02267888 0.01995039 0.02395597 0.02134562 0.005072187 0.003033597 0.003207528 0.002458054 0.004130884 0.003695037 0.001494521 0.001391673 0.001445955 0.001344524 0.001235721 0.001822616 0.0001977131 0.0001285853 0.000783182 0.0002458405 0.003807616 0.001885983 0.003171701 0.005278987 0.01740381 0.03429223 0.03204968 0.0324258 0.04210163 0.04864071 0.04783437 0.05828601 0.07779185 0.07314902 0.06926949 0.0570273 0.03732794 0.04356275 0.04465587 0.03663968 0.04506073 0.05048583 0.05870445 0.1044939 0.0594332 
0.03314412 0.03759365 0.08946554 0.1400157 0.04766083 0.03263887 0.04046659 0.08071519 0.05657617 0.02025359 0.01321186 0.0141469 0.01636005 0.01191073 0.01563611 0.006989864 0.003423772 0.01215872 0.003207093 0.001819085 0.002801143 0.002191198 0.00112097 0.001304907 0.001228455 0.001149361 0.0008345458 0.0006201589 0.001186567 0.0001099514 0.0002303322 0.001478033 0.001967491 0.00335365 0.005585956 0.01463228 0.0290261 0.02314025 0.02724193 0.03870536 0.04478961 0.05373207 0.06735529 0.06122202 0.07002445 0.05682583 0.0510897 0.02821862 0.01502024 0.03676113 0.03356275 0.04214575 0.04364373 0.04331984 0.05299595 0.05469636 
0.02271963 0.02405958 0.03934158 0.112175 0.07922772 0.03655916 0.03249826 0.05563692 0.02728 0.007724251 0.005659481 0.01141902 0.008480947 0.00773085 0.01023679 0.008286948 0.02386132 0.01640725 0.003369177 0.002015955 0.002114178 0.002511346 0.0009047342 0.001276364 0.001229505 0.001149379 0.001245708 2.518749e-005 2.710182e-005 9.116755e-005 0.0002920079 0.001441567 0.003266262 0.004676502 0.005450932 0.01274096 0.02012505 0.02266554 0.04197535 0.03756825 0.04378997 0.0629488 0.04496776 0.05354076 0.05411867 0.061791 0.06371766 0.03546558 0.02643725 0.0337247 0.03117409 0.04165992 0.04198381 0.03425101 0.04291499 0.03453441 
