ncols         56
nrows         54
xllcorner     28.264
yllcorner     -5.7719999999999
cellsize      0.25
NODATA_value  -9999
0.1372586 0.1056649 0.09787846 0.08767398 0.07290197 0.07635999 0.09429769 0.09166551 0.07022198 0.06205022 0.06010016 0.05279264 0.05101613 0.059323 0.1156277 0.05501747 0.02810374 0.03541094 0.05306724 0.1325438 0.1377492 0.1333002 0.095641 0.09793204 0.08391131 0.09505001 0.1355472 0.1895849 0.1743258 0.1377012 0.1252116 0.1378378 0.1391724 0.1205843 0.1655971 0.1873126 0.1556508 0.07940401 0.09174737 0.06492436 0.1134796 0.09950928 0.04866201 0.05486988 0.1004771 0.1247335 0.1326419 0.06849585 0.06153299 0.05203238 0.03009086 0.01441586 0.01250773 0.01747875 0.02580031 0.0166328 
0.1014603 0.1075952 0.1600844 0.1232888 0.09985971 0.08745902 0.1018691 0.1065552 0.09672608 0.08219842 0.07725672 0.06455538 0.05265923 0.05470167 0.07339521 0.1423043 0.06224872 0.05856257 0.06859419 0.1067719 0.1224277 0.1406207 0.08688262 0.08510449 0.06618673 0.06959624 0.087443 0.118508 0.1518496 0.1000467 0.08591433 0.09919886 0.1186735 0.1131898 0.1151488 0.1394248 0.1096143 0.05924905 0.06017486 0.07853407 0.06514121 0.07180994 0.05697959 0.04180444 0.06287209 0.08180042 0.074022 0.06541155 0.09970459 0.08900066 0.03532065 0.01650686 0.01342613 0.007541513 0.01949711 0.01519689 
0.1536711 0.1584258 0.1259484 0.1427119 0.1161494 0.08085647 0.1122611 0.1329538 0.09535668 0.1273364 0.05993817 0.05694784 0.07677488 0.05579705 0.04810284 0.0668852 0.06165328 0.04835914 0.05781204 0.08907259 0.08361621 0.06995391 0.06141714 0.102149 0.07949317 0.07257109 0.07304125 0.07653366 0.08904801 0.06253816 0.05745174 0.05229276 0.0897032 0.08781444 0.07412703 0.07344627 0.06352215 0.04815678 0.05089933 0.06263801 0.0551849 0.04309227 0.05668924 0.05733074 0.04593152 0.0470583 0.03617972 0.04335388 0.0543929 0.0973853 0.0399095 0.01720474 0.005512777 0.01073989 0.01799461 0.01286707 
0.07870291 0.09381023 0.1448355 0.1403268 0.09442382 0.08488554 0.08778696 0.1551913 0.1244748 0.1342076 0.09730037 0.09897022 0.06763095 0.07696387 0.1188235 0.07019082 0.1215385 0.05684387 0.04856604 0.06591696 0.0767502 0.06430244 0.05823187 0.1324557 0.09640326 0.06914969 0.09537842 0.1045984 0.1000149 0.0923718 0.0739638 0.06025752 0.07077023 0.07894135 0.1025361 0.1018985 0.09311334 0.075276 0.05448025 0.04592075 0.07663544 0.07216226 0.06884706 0.0798125 0.04907428 0.03647063 0.04167176 0.03281555 0.03337197 0.0590804 0.008486239 0.003851701 0.006669594 0.01608836 0.01001263 0.01178349 
0.1033404 0.09668363 0.2214385 0.1466478 0.1330602 0.09938684 0.05814462 0.07927462 0.09734687 0.09804215 0.08609184 0.09525328 0.08744366 0.1159202 0.1131132 0.08684967 0.1307697 0.08579065 0.04245632 0.04795435 0.05485254 0.02667672 0.04265997 0.06546327 0.06719001 0.08570671 0.1041202 0.09947304 0.0799106 0.08334588 0.06846298 0.07181381 0.09565878 0.1238418 0.1346404 0.1222165 0.1108328 0.1005675 0.05656004 0.06157577 0.1056158 0.1505037 0.105059 0.07491333 0.03307588 0.03186709 0.02886791 0.02158159 0.02370875 0.0146221 0.007894449 0.003033192 0.006539683 0.006479782 0.008490008 0.01006576 
0.1588123 0.1491704 0.1542332 0.1822374 0.1884383 0.1000421 0.07123418 0.05321426 0.1384904 0.191086 0.1614121 0.1339812 0.1084657 0.1344114 0.1152484 0.1065179 0.1196756 0.07053869 0.06679764 0.09400732 0.06188603 0.04421644 0.03839913 0.08124875 0.07533366 0.05215815 0.05321784 0.04817924 0.05091576 0.05381915 0.05199444 0.06694083 0.07928874 0.09927133 0.1186377 0.09518563 0.1100712 0.07090583 0.0402244 0.04610028 0.06751363 0.1105289 0.0617625 0.02816967 0.02392015 0.02179623 0.0176244 0.01260007 0.005109832 0.007255455 0.008995442 0.004123342 0.008473379 0.007007135 0.005644885 0.007919957 
0.1692853 0.2228947 0.1841002 0.1696648 0.2175557 0.1245398 0.1129297 0.08774763 0.133658 0.09559586 0.1512322 0.1036059 0.07378634 0.07916783 0.09972557 0.1065902 0.1023345 0.07821672 0.07193235 0.08222082 0.08004689 0.06159331 0.04353792 0.06952525 0.05711614 0.05010495 0.02597531 0.03409492 0.04578981 0.04013916 0.04198176 0.0673273 0.0599529 0.08051749 0.05605543 0.04547708 0.06882009 0.0377584 0.03012125 0.03353774 0.04984899 0.02956164 0.02131945 0.03473865 0.0258405 0.009887577 0.006430937 0.003609148 0.002784762 0.004329765 0.006859649 0.00397036 0.007024433 0.0102637 0.005197903 0.004903466 
0.1973151 0.2481578 0.2637214 0.2437726 0.1724678 0.1283411 0.1443795 0.1973186 0.175775 0.1393704 0.0758477 0.09575986 0.08600206 0.09734573 0.08388941 0.1141506 0.1356786 0.1348511 0.07944584 0.1020534 0.1114828 0.0909664 0.04260024 0.05180319 0.03882496 0.03151347 0.02001018 0.04373243 0.06147034 0.05271764 0.04717291 0.04147189 0.05686272 0.05508912 0.04355227 0.03920006 0.02555362 0.02365682 0.03146426 0.02494563 0.02925174 0.01237002 0.01376314 0.009505677 0.004658692 0.005203994 0.001259567 0.001941842 0.003236094 0.0004533814 0.0004035394 0.0001927534 0.0001645856 0.0007680868 0.0006859002 0.002358484 
0.1874299 0.2011927 0.2057447 0.1769768 0.1725005 0.1621839 0.1866134 0.2004569 0.1987876 0.1089692 0.1320507 0.1568533 0.08460876 0.06001008 0.04724731 0.152846 0.148254 0.1917599 0.0852044 0.1025931 0.1101329 0.09640702 0.05297078 0.04682555 0.02909247 0.02798594 0.03169559 0.03943364 0.03643455 0.03846247 0.03302782 0.03363621 0.03538617 0.01703931 0.01976052 0.02185395 0.01035195 0.0101178 0.01122054 0.004594958 0.003867959 0.00563976 0.00575956 0.004360913 0.00195805 0.001488877 0.001719651 0.002275852 0.003967352 0.001741453 0.001348495 9.305946e-005 7.73321e-005 0.0007709966 0.0004804615 0.001673795 
0.1561511 0.1760586 0.2093862 0.1662192 0.1577704 0.1440172 0.2139594 0.2383851 0.1870972 0.1588344 0.1118326 0.11146 0.05927842 0.05697772 0.07877528 0.08592696 0.09175498 0.1005617 0.09979741 0.125197 0.09327321 0.05359156 0.04012258 0.03519716 0.02851997 0.023709 0.0528929 0.04378908 0.01965585 0.01810164 0.006317575 0.005537006 0.01359409 0.01581644 0.01110788 0.02209895 0.01261765 0.01177619 0.006502188 0.0005852688 0.0005819835 0.0005644389 0.000796411 0.0003573827 0.0006728311 0.00166759 0.001521439 0.001014783 0.002065838 9.956839e-005 0.0004833486 3.629233e-005 2.763397e-005 0.0002928252 0.001756652 0.002574652 
0.1395473 0.1229517 0.1638793 0.1656175 0.1759414 0.1599722 0.1728546 0.1789902 0.1698488 0.127599 0.09629413 0.07615002 0.07654427 0.05255298 0.08369023 0.09695702 0.08445744 0.1204522 0.08188051 0.08242857 0.0453479 0.06396127 0.03680279 0.04989067 0.04176936 0.0375473 0.03431531 0.02754678 0.02096075 0.01262844 0.01347915 0.004448466 0.008387002 0.01137943 0.008726372 0.004848775 0.003383289 0.001694451 0.003551843 0.001049226 0.0007476441 0.0004783469 0.001657328 0.001115972 0.001485314 0.001001693 0.002756604 0.0004496914 0.0001097094 8.807852e-005 7.356205e-005 3.129977e-005 2.318584e-005 1.737379e-005 0.0005447232 0.002197984 
0.1576077 0.1196902 0.1273201 0.194722 0.19251 0.1620638 0.1212509 0.1355743 0.1654639 0.1204997 0.08275398 0.08491331 0.1221904 0.08961473 0.08975418 0.07680213 0.06127989 0.09712522 0.1199231 0.105113 0.07019085 0.04599897 0.0491902 0.05111662 0.04304175 0.03524468 0.03587744 0.03794263 0.01629083 0.005065195 0.00105881 0.0009039181 0.002655762 0.004712624 0.003696674 0.002182921 0.002310216 0.001621399 0.0006008698 0.003472356 0.003463515 0.004190607 0.005181474 0.003082048 0.003374354 0.003151416 0.002243504 0.002714081 0.002225385 0.001809915 0.001483312 0.0005656005 0.0004003014 0.0003355183 0.0002269837 0.0003158181 
0.1496867 0.1991515 0.1263355 0.1151779 0.122038 0.1635251 0.1122902 0.1339023 0.1820375 0.1392023 0.09363367 0.09749377 0.1004363 0.0970839 0.08235395 0.09959303 0.09342452 0.1004054 0.08729694 0.1034268 0.09833811 0.06635544 0.05112347 0.03999514 0.03483346 0.04615457 0.03226082 0.03107684 0.006403961 0.001146036 1.659257e-005 0.0007888477 0.001542617 0.001283045 0.001369488 0.000362195 0.0004226013 0.0004513931 0.0004533118 0.00259859 0.002604949 0.00253562 0.002419375 0.002292228 0.002497469 0.002377977 0.001764028 0.002179636 0.001845733 0.001838098 0.001746414 0.0004509074 0.0008004186 0.000200005 0.0001491957 0.001024571 
0.1610982 0.1507498 0.2562077 0.1315837 0.1221638 0.1649804 0.1123881 0.1253149 0.1602741 0.1228257 0.1307003 0.1362705 0.120323 0.1017495 0.09411043 0.1144423 0.08398639 0.08955641 0.07723865 0.1131187 0.1022246 0.08280447 0.02570112 0.02338336 0.01586824 0.01222807 0.01226023 0.006413752 0.001387005 0.0001694077 0.0005778142 0.0007021056 0.00133675 0.0008809008 0.001144735 0.0003371051 0.0003615877 0.0003903212 0.0003903941 0.00223558 0.002232695 0.002531973 0.002081311 0.001983977 0.001973022 0.001835915 0.001612885 0.002036628 0.001736117 0.001458653 0.001164322 0.0004265033 0.0002772589 0.0001792773 0.0001302259 0 
0.2437635 0.10965 0.1932977 0.1450808 0.126747 0.1567991 0.1485625 0.1211449 0.1114905 0.1104669 0.09251179 0.1258232 0.089321 0.0787446 0.08152635 0.1064584 0.110625 0.1306572 0.1196835 0.1217113 0.09533366 0.04939102 0.02551081 0.02892021 0.02756574 0.0177708 0.005465625 0.001465776 0.01254744 0 0.0003255088 0.001266774 0.001012949 0.001008454 0.001500352 0.0003399677 0.0003958647 0.0004244322 0.000422946 0.002403819 0.002388527 0.002317391 0.002203295 0.002083823 0.001961595 0.001831066 0.001671496 0.002159762 0.001887811 0.001610308 0.001304896 0.0004873986 0.0003327644 0.0002263483 0.0001697461 0 
0.1116057 0.1161863 0.1784752 0.1382532 0.1425113 0.1329199 0.1214483 0.1473719 0.1471041 0.1138765 0.110439 0.116526 0.1118639 0.1118119 0.08595718 0.09495746 0.1369381 0.1309752 0.131478 0.1268296 0.1100348 0.05490938 0.03871159 0.04165689 0.03788704 0.02616162 0.0121047 0.002294039 0.009413081 0.0002137537 0.0002803135 0.001254523 0.001350816 0.00167805 0.002103342 0.002651711 0.00307148 0.00327078 0.003243214 0.004287384 0.004234448 0.004112157 0.003997444 0.002541724 0.002397551 0.002394877 0.002055531 0.002733009 0.002463049 0.002015493 0.002135157 0.00187175 0.001924385 0.000579621 0.0002776835 0.001567109 
0.100186 0.1399866 0.1789062 0.1551934 0.1584016 0.120469 0.1579892 0.1539881 0.1303811 0.1363893 0.1196165 0.1085605 0.1326715 0.1227341 0.1052753 0.0977712 0.1147291 0.1009874 0.1188881 0.1540113 0.1172881 0.08812317 0.03878385 0.05432695 0.03829599 0.02521661 0.0161019 0.008006895 0.003916243 0.0002835959 0.0003450241 0.001329583 0.001531061 0.001858956 0.002433189 0.002873833 0.003310317 0.003508643 0.003468373 0.004554117 0.004486747 0.004339905 0.004094172 0.00297413 0.002674872 0.002838747 0.00216499 0.003023191 0.002903501 0.002601323 0.001802425 0.002091334 0.001443155 0.001072355 0.0005276009 0.0003824305 
0.1032323 0.1357192 0.2422841 0.1816777 0.144247 0.1446055 0.1229157 0.159879 0.1186915 0.1151425 0.1171033 0.1087805 0.1000586 0.09589515 0.09079757 0.0903843 0.109858 0.1235534 0.1443495 0.2098962 0.1658541 0.1133681 0.07424217 0.07245665 0.04814981 0.04209571 0.02075261 0.0063757 0.001332332 0.0008367183 0.0008629576 0.002347252 0.002334891 0.00251082 0.002863354 0.003344995 0.003688165 0.003823905 0.003770751 0.005024697 0.004927491 0.004668665 0.004414003 0.003010604 0.00284339 0.00266036 0.002832028 0.003811663 0.003553036 0.002808496 0.00208285 0.001156616 0.001556285 0.001848105 0.0008323226 0.002282205 
0.09797507 0.1186546 0.1944204 0.180407 0.1606332 0.1475092 0.118992 0.1122425 0.113281 0.1074719 0.1044652 0.08904995 0.07403247 0.07500322 0.09193999 0.08785836 0.1196094 0.1433081 0.1502764 0.2064917 0.1923277 0.1258213 0.1047185 0.0854753 0.04343647 0.03475141 0.02710134 0.004141332 0.005870725 0.001697297 0.001399112 0.004121946 0.004035695 0.003606306 0.003767659 0.004044225 0.004199151 0.004235488 0.004145658 0.005510187 0.005403695 0.005109072 0.00482429 0.004066104 0.003881151 0.002910693 0.002755566 0.003748326 0.004783537 0.003440432 0.003124705 0.00260945 0.001339314 0.001561931 0.0006581159 0.0003290056 
0.09017858 0.06585438 0.0885933 0.134724 0.1243871 0.09785501 0.08100308 0.1084531 0.1035331 0.08719905 0.08105966 0.07745618 0.08352729 0.09120312 0.08768649 0.1117365 0.1159655 0.1281933 0.1443384 0.1605999 0.1629688 0.1345415 0.1116945 0.07371312 0.05084614 0.04442381 0.02746676 0.01367546 0.01364993 0.01083214 0.008215262 0.008135911 0.007078203 0.006522743 0.006470831 0.004755124 0.005002161 0.006454833 0.006602376 0.006543572 0.006413861 0.006064923 0.005934181 0.006053464 0.006070726 0.004996505 0.004668211 0.00711546 0.004792844 0.004513472 0.004036188 0.007623355 0.009039253 0.01045318 0.005594594 0.01159951 
0.07793973 0.06933983 0.08386262 0.1209098 0.07852781 0.08525507 0.09447233 0.1262249 0.1070757 0.07326715 0.06292393 0.07100239 0.0738702 0.08302308 0.07046305 0.09240256 0.1296736 0.1510412 0.1519575 0.1665354 0.1305739 0.1359838 0.1504053 0.08696583 0.05177488 0.0479263 0.0363423 0.01851688 0.01546881 0.01344489 0.01268996 0.01076996 0.008936448 0.008056466 0.007703685 0.00543305 0.005219834 0.005050864 0.006948574 0.007006221 0.006914462 0.006659958 0.006409538 0.006513047 0.005659876 0.005435541 0.005243385 0.007170171 0.006573513 0.00518674 0.004465569 0.005515463 0.005601667 0.005555611 0.003580375 0.01203929 
0.08225098 0.0704163 0.1145416 0.1102041 0.07821881 0.06035217 0.07254487 0.1029687 0.09329406 0.08005088 0.07064801 0.0667574 0.07654662 0.07195728 0.09705232 0.1095696 0.1296971 0.1474473 0.1486315 0.1792365 0.1545841 0.1489217 0.1370043 0.1011685 0.06487636 0.05490841 0.0504602 0.03024722 0.02252406 0.01620211 0.01413182 0.01472623 0.01173545 0.01025003 0.009408787 0.006297207 0.005708033 0.007390387 0.005151056 0.007168712 0.006933337 0.006729808 0.006480996 0.005948307 0.00574643 0.005532859 0.005409786 0.007251674 0.006390201 0.005115267 0.004575674 0.003512472 0.003757905 0.01292693 0.002235676 0.002799775 
0.1000953 0.08674005 0.1085631 0.1207708 0.07507785 0.06938656 0.06435427 0.07562546 0.06602934 0.07347615 0.052326 0.05502534 0.05865057 0.08429319 0.09966747 0.1294837 0.129887 0.1085061 0.121612 0.1558075 0.1389497 0.1829739 0.1581933 0.1032508 0.08622073 0.06284714 0.05792749 0.04095457 0.03364579 0.02219939 0.01885636 0.01931417 0.01701325 0.01370846 0.01275336 0.007299286 0.006150656 0.005449905 0.007760074 0.007559518 0.006956207 0.006562311 0.006415191 0.006123935 0.006062999 0.00568143 0.00522451 0.006155685 0.005717094 0.00552714 0.004989482 0.003606405 0.003576595 0.01283204 0.00296803 0.006369749 
0.1074472 0.1023094 0.08608277 0.09611124 0.0989184 0.07521363 0.08770778 0.08045266 0.06966013 0.08287057 0.09657802 0.08422546 0.0750912 0.08218663 0.08129639 0.08389708 0.09180678 0.09668963 0.09487472 0.1054101 0.1045978 0.1199472 0.1204542 0.1398675 0.1227944 0.08328672 0.06917605 0.0631291 0.0462127 0.04508273 0.03389252 0.02850156 0.02303254 0.01945536 0.01741389 0.01816725 0.01605075 0.008411684 0.006344162 0.007547482 0.007474679 0.006052666 0.006869663 0.008007368 0.00863554 0.007689799 0.007279382 0.005297464 0.006244662 0.008938613 0.008855132 0.04376903 0.01172931 0.007399587 0.01889651 0.01718118 
0.07260902 0.1085672 0.08410437 0.07055357 0.08636709 0.07722589 0.08215905 0.07989304 0.07102232 0.07110063 0.07309729 0.07911713 0.09507155 0.08468445 0.07592589 0.0786647 0.07260547 0.07699038 0.08499327 0.09645581 0.09390298 0.09609256 0.1010791 0.1258497 0.1239719 0.09860597 0.09363443 0.07810509 0.06246416 0.06457986 0.05618241 0.0372212 0.02953004 0.0251712 0.01990206 0.01215232 0.008508462 0.006971282 0.006395704 0.006805312 0.006281228 0.005929936 0.005709183 0.004879953 0.005213847 0.01029134 0.006390779 0.005485083 0.006723937 0.004843709 0.006443381 0.07031625 0.005007609 0.01039852 0.03707667 0.06605683 
0.0731537 0.09870491 0.06230554 0.06664062 0.07734042 0.08191318 0.1012458 0.09299015 0.07948145 0.0547025 0.05894388 0.08544018 0.09930085 0.08887045 0.0737415 0.07946012 0.06837544 0.06877184 0.06839283 0.07734918 0.07896981 0.08261738 0.09061579 0.1032644 0.1164529 0.1150273 0.1177715 0.09064361 0.08902166 0.08525959 0.07187659 0.04586716 0.04381142 0.03718431 0.03120975 0.0212697 0.008654648 0.006709626 0.006212879 0.006530947 0.005965547 0.005610288 0.005744344 0.005353088 0.005685074 0.008682793 0.007186189 0.01223115 0.008272887 0.005550953 0.006123198 0.009432974 0.00619149 0.01934209 0.02831977 0.03413544 
0.07975773 0.08339968 0.08963934 0.06976205 0.07817844 0.07268874 0.08455996 0.0741085 0.06891295 0.04541903 0.04518162 0.08280535 0.08818578 0.07532275 0.06388374 0.06452052 0.06686255 0.06987551 0.0691288 0.07685289 0.072362 0.07956681 0.08823812 0.09834497 0.09918299 0.09973476 0.0979998 0.1231854 0.09595899 0.07794025 0.07295762 0.05102547 0.04813991 0.04022229 0.03365424 0.03051702 0.01171993 0.006310609 0.00577656 0.005999545 0.005402929 0.005048747 0.005697558 0.005603458 0.006058862 0.006192384 0.007317564 0.007147993 0.006399835 0.00672247 0.006401388 0.02246197 0.01920556 0.03896318 0.02107616 0.007123082 
0.1418459 0.1539035 0.1545708 0.09344888 0.09613357 0.08293086 0.0685972 0.08032019 0.07285783 0.06117044 0.05184649 0.06547903 0.0757153 0.07441469 0.06814996 0.06645826 0.07016089 0.07644454 0.07080317 0.08560487 0.07873425 0.08970286 0.0872254 0.1148948 0.1315716 0.1235789 0.1256911 0.1073716 0.09328736 0.07721585 0.07609492 0.05962982 0.06112462 0.04443063 0.02537596 0.01848111 0.0119372 0.004842379 0.004328827 0.004353056 0.003818078 0.003730337 0.004583476 0.005502696 0.006100927 0.006863141 0.006705505 0.006600765 0.007772723 0.007097743 0.007288206 0.03271008 0.04801067 0.1272793 0.0820299 0.04316876 
0.1371968 0.1314057 0.1332581 0.09086443 0.08680049 0.07727149 0.07400209 0.09144682 0.05764485 0.0541121 0.06934348 0.06365488 0.05817349 0.06381081 0.07165271 0.0708175 0.07907526 0.08728677 0.08092913 0.08024827 0.08101908 0.08719073 0.09648153 0.1494832 0.1596944 0.1633576 0.1422695 0.1225093 0.09419841 0.0896335 0.07779258 0.06833033 0.09468153 0.05629165 0.0298733 0.01181041 0.008819517 0.004480714 0.003980632 0.003908263 0.003350658 0.003243167 0.004503328 0.005477074 0.006174561 0.00779709 0.009367801 0.009366359 0.007226405 0.00949486 0.01301246 0.02742588 0.06407195 0.08894174 0.09945897 0.06116139 
0.1363988 0.1085438 0.1306258 0.07541197 0.04947074 0.04818598 0.05690502 0.04842753 0.0422549 0.04828217 0.03594347 0.05456139 0.05089043 0.05879366 0.07323679 0.07729736 0.08435858 0.08678018 0.07859237 0.07558564 0.07392171 0.07840136 0.08611274 0.1273145 0.1769314 0.1722207 0.145741 0.1101495 0.1020578 0.09122161 0.06821944 0.06847736 0.07540096 0.04763284 0.04323711 0.02319072 0.01041697 0.004635918 0.004054223 0.003925817 0.00328658 0.003113268 0.004433781 0.005445287 0.006090076 0.007013435 0.00845728 0.008845693 0.009215999 0.01499162 0.01344931 0.01307496 0.02483108 0.030698 0.04845253 0.0172466 
0.1200732 0.1137854 0.1148922 0.06888878 0.04711004 0.03106469 0.02570531 0.03428486 0.03765761 0.0336063 0.03122777 0.04704679 0.04658248 0.04972837 0.06344657 0.06889857 0.08078018 0.0860369 0.07788245 0.08634514 0.07747449 0.07924522 0.09944598 0.1150407 0.1447326 0.1512453 0.1095101 0.1173518 0.1147809 0.09220769 0.07473607 0.08255866 0.06423947 0.04730495 0.04298909 0.03558148 0.02464462 0.005283675 0.01260282 0.008291865 0.003575214 0.003659167 0.005077056 0.00616571 0.006665716 0.008324526 0.009557766 0.0164508 0.02733751 0.045739 0.04848827 0.04210393 0.0638116 0.0430247 0.1076761 0.05980482 
0.1163698 0.0876914 0.07146451 0.04393049 0.0290131 0.02723106 0.02671778 0.03063613 0.02880527 0.02765396 0.0287901 0.04102502 0.0455085 0.05611458 0.07272207 0.1010985 0.1126005 0.1097471 0.101193 0.09737043 0.09922298 0.09923048 0.1234182 0.1199408 0.1247623 0.1241489 0.134966 0.1264295 0.115003 0.09693067 0.08934002 0.08607212 0.06743404 0.04317897 0.03413194 0.04073105 0.1268135 0.01128806 0.01025426 0.01001957 0.003411659 0.004027843 0.005503337 0.006090866 0.007061676 0.009118604 0.009399487 0.02140137 0.02507289 0.02580761 0.05643501 0.05015048 0.07917038 0.08653504 0.09018359 0.0636357 
0.102911 0.09222362 0.05150453 0.02615627 0.02611308 0.02534459 0.02523631 0.02617316 0.02395415 0.02114365 0.02516713 0.03621202 0.04217608 0.04894172 0.07093209 0.1300339 0.156404 0.1711658 0.14157 0.115323 0.114074 0.110238 0.1046392 0.1073213 0.1306915 0.1423853 0.1602039 0.1235299 0.1346797 0.1002577 0.08721367 0.0809508 0.05666994 0.05358405 0.02730964 0.03451006 0.02990589 0.02162804 0.0124682 0.01100106 0.007391817 0.004907962 0.006481707 0.008348082 0.007820837 0.01074626 0.01186023 0.02531481 0.0291474 0.0272372 0.07142738 0.1021534 0.09810345 0.02839624 0.06296095 0.06669969 
0.103704 0.06102933 0.03383103 0.02547511 0.02302187 0.01918821 0.01857947 0.0174636 0.01769573 0.02004854 0.02131992 0.0322385 0.03716366 0.04757198 0.0784681 0.1392267 0.1707238 0.1537862 0.1233913 0.1059445 0.09833958 0.09326785 0.09868186 0.1169627 0.1599313 0.1888864 0.1639607 0.1238845 0.115369 0.08704277 0.07519394 0.05218562 0.03813718 0.04120297 0.02967292 0.01723532 0.01676834 0.01465744 0.01396228 0.01225626 0.01159133 0.01335377 0.009315585 0.01060426 0.01111202 0.01167972 0.01390309 0.02761504 0.02889065 0.02667729 0.1132355 0.05542316 0.08673069 0.07061773 0.03984012 0.06403945 
0.09176015 0.04378464 0.03296386 0.02448148 0.02176605 0.0172396 0.01488926 0.01273311 0.01449808 0.01606512 0.01961495 0.02770762 0.03234559 0.05127291 0.08668967 0.1427624 0.165764 0.160612 0.121418 0.0864995 0.08778837 0.08047745 0.07894853 0.09968106 0.1547764 0.1586131 0.1468477 0.1023904 0.07540912 0.06091641 0.05434336 0.04812369 0.0401566 0.03863641 0.02747111 0.02140759 0.01763724 0.01522669 0.01069814 0.008236152 0.006904904 0.0112424 0.01449894 0.02361897 0.02628701 0.01606457 0.01799653 0.02974574 0.0318337 0.04905343 0.06936637 0.03964799 0.1136235 0.07454307 0.04930986 0.04070614 
0.1094883 0.04834053 0.02123098 0.01340174 0.01428732 0.01251539 0.01081378 0.009796604 0.01357545 0.009958117 0.01245256 0.01928619 0.02449003 0.05116118 0.07534103 0.1457135 0.1606133 0.1479499 0.1203044 0.09460462 0.06205143 0.05313541 0.048482 0.05475619 0.1068102 0.1221398 0.1178243 0.09123182 0.06121087 0.04915327 0.04616611 0.04609421 0.04053973 0.03907566 0.03212924 0.02311508 0.01622726 0.01310186 0.01242094 0.008113615 0.009238598 0.01239251 0.02021158 0.04714545 0.03006811 0.03191268 0.03622662 0.05139317 0.0524901 0.05904956 0.06408416 0.07112667 0.08898569 0.07751292 0.07235664 0.05997739 
0.07320371 0.03765781 0.01544844 0.008795709 0.009407741 0.00812535 0.007813244 0.00654675 0.01083365 0.00802635 0.009716121 0.01555957 0.01723162 0.03601025 0.0545103 0.1024428 0.1062144 0.1119584 0.1155004 0.09827178 0.07638677 0.04343292 0.04278578 0.04805557 0.07424384 0.08868506 0.08059841 0.09010887 0.05972353 0.04732572 0.04317057 0.04272091 0.03446802 0.03663812 0.02544517 0.01884664 0.01549104 0.01397265 0.01364918 0.009675634 0.01142171 0.01736946 0.03001285 0.0455677 0.03526862 0.03975625 0.04602917 0.06656577 0.06567847 0.07877605 0.07885565 0.07383256 0.07520546 0.08077182 0.09298366 0.07065207 
0.03598187 0.02024752 0.01509481 0.008849136 0.00587752 0.005935449 0.005613905 0.005045801 0.005924636 0.007307617 0.007831743 0.01149668 0.01429049 0.02312298 0.0220046 0.06567956 0.09077483 0.08994309 0.07524316 0.08012868 0.05617379 0.03585516 0.02870096 0.03521272 0.04782287 0.06523228 0.07175751 0.07378196 0.05605458 0.04569061 0.04515454 0.03785277 0.03166277 0.0298344 0.02295032 0.01767778 0.01650623 0.01530482 0.01563451 0.01820589 0.02204465 0.02709038 0.03061436 0.04494578 0.0453582 0.05639916 0.06550062 0.07706596 0.07158234 0.09145726 0.0914221 0.07827558 0.07272471 0.07284696 0.1028286 0.06370834 
0.02290892 0.00731556 0.005252596 0.006344562 0.004808941 0.004716317 0.004534652 0.004091291 0.004211859 0.005155609 0.007722349 0.01222512 0.01448734 0.03981164 0.04422777 0.07241643 0.0744812 0.07348038 0.05867783 0.05965769 0.04579324 0.0218325 0.02279957 0.03361087 0.04417998 0.05507657 0.07164849 0.05471782 0.04750002 0.03972808 0.03837462 0.03403109 0.02566538 0.02233677 0.02015108 0.01683198 0.01695356 0.01960001 0.01812587 0.0157974 0.02436247 0.02621195 0.03188158 0.05478717 0.05656402 0.08952086 0.08647814 0.1075789 0.1025865 0.09249312 0.1012072 0.1187275 0.106122 0.09292506 0.07275842 0.07104166 
0.0177558 0.006521819 0.003835984 0.00385851 0.002819417 0.002638911 0.002619234 0.00241238 0.002653392 0.002794672 0.003865747 0.005789199 0.007097951 0.03388435 0.04017784 0.0458195 0.0464508 0.03922471 0.0576371 0.06634643 0.01845777 0.01028389 0.01338231 0.01472234 0.04354488 0.03037236 0.01188239 0.02486035 0.02499242 0.02435718 0.02204561 0.0320879 0.02927949 0.02347563 0.0226445 0.01704388 0.01526273 0.01593284 0.01995955 0.02987488 0.02877866 0.03067144 0.05250109 0.1012013 0.1147706 0.1252926 0.1133141 0.147385 0.1451011 0.1334883 0.1230758 0.1384414 0.1378295 0.08084249 0.08160131 0.05720833 
0.01408802 0.005482754 0.00308564 0.003715179 0.002629662 0.001855856 0.001820164 0.001713712 0.002827732 0.00234186 0.002741844 0.003588893 0.004208011 0.004828457 0.005009937 0.01137591 0.0147554 0.01744032 0.004570303 0.008013658 0.006324856 0.00701444 0.006730028 0.01386039 0.01942123 0.008477992 0.006111342 0.01715335 0.01801985 0.02068542 0.01963141 0.02797126 0.0212913 0.01823154 0.02571994 0.01875599 0.01412783 0.01366096 0.0267242 0.04144642 0.0437417 0.04183518 0.0610122 0.1127465 0.1294505 0.1342321 0.13514 0.1835343 0.196691 0.1623877 0.1353492 0.1369742 0.07386071 0.08714828 0.08870776 0.04383333 
0.02080707 0.005592469 0.002275305 0.002294043 0.001878403 0.001430994 0.001357995 0.001162491 0.001128372 0.001373517 0.001684513 0.002763201 0.002967351 0.003187958 0.003207385 0.002018966 0.002287755 0.002165298 0.002441503 0.005032684 0.005878097 0.01077587 0.004880582 0.008724296 0.01206715 0.003952393 0.00622137 0.01534744 0.01602317 0.01549382 0.01575938 0.02621282 0.01963113 0.01902824 0.01976313 0.02120949 0.02528528 0.02153235 0.03621968 0.02834244 0.04275836 0.05059433 0.06580899 0.1144176 0.1576283 0.1777805 0.1676299 0.241368 0.2784079 0.1533261 0.1524577 0.09503466 0.0793354 0.09879091 0.09193707 0.06216667 
0.01530064 0.009120679 0.002531877 0.001729295 0.001492031 0.001347745 0.001451063 0.001066752 0.0010477 0.001174256 0.00148403 0.002316742 0.002815109 0.002753735 0.002774582 0.001763697 0.00195402 0.00188767 0.002100107 0.003778042 0.004397395 0.00463979 0.003957551 0.002100413 0.004492834 0.006145939 0.00465138 0.01175935 0.01292378 0.01403391 0.02304631 0.01958168 0.01917202 0.0179766 0.01981847 0.02878178 0.07746497 0.02552575 0.02329202 0.03704996 0.05377536 0.05378931 0.07306758 0.1478983 0.1878076 0.2089437 0.2161048 0.207767 0.233967 0.2059351 0.2054805 0.1153673 0.08938131 0.07921764 0.0853399 0.05558332 
0.05122537 0.03174555 0.01021751 0.0007678513 0.000686523 0.0006300955 0.0006498074 0.0001752337 0.0001735242 0.0002679748 0.0002253806 0.001550062 0.001905607 0.001880099 0.001922618 0.001980303 0.00296316 0.002120972 0.002289339 0.00195671 0.0076483 0.002552052 0.003302045 0.001085502 0.001272444 0.001482215 0.001735966 0.002766214 0.003105101 0.003273455 0.01582875 0.01981925 0.01891424 0.02648541 0.02490672 0.06320108 0.2039231 0.03474392 0.03139654 0.05156409 0.04873811 0.0626091 0.08248724 0.1580945 0.1975482 0.2371427 0.2231383 0.2379578 0.2962122 0.3038179 0.1759959 0.08366667 0.04750001 0.03045833 0.0395 0.03575 
0.02319392 0.03297969 0.009962757 0.0003527905 0.0001661946 0.000147608 0.000147631 0.0002731718 0.007258149 0.008777861 0.001832521 0.001281765 0.001425446 0.001587028 0.001571684 0.001646562 0.001691762 0.001762429 0.001839884 0.001517992 0.001585685 0.001900052 0.002465379 0.0008256636 0.0009678766 0.001180568 0.001466656 0.002439468 0.002799132 0.003032274 0.003493077 0.02025306 0.02063813 0.01997209 0.03233741 0.03558103 0.0385641 0.02948721 0.03675004 0.04796985 0.0560573 0.07717748 0.09518789 0.154867 0.1963446 0.2425139 0.2393223 0.2633097 0.2825768 0.2365239 0.2017754 0.07295834 0.04604167 0.04508333 0.039 0.03225 
0.03055187 0.01209101 0.001354579 0.0001761382 0.0001948893 0.0001317283 0.0001326248 0.0001422298 0.0002415129 0.0003305176 0.001738997 0.001057743 0.001395049 0.001224014 0.001280984 0.001348491 0.001404255 0.001447501 0.001470027 0.001183594 0.001212411 0.001437194 0.001883792 0.0006340788 0.0007480726 0.0009530231 0.001240636 0.002140783 0.00250468 0.002770507 0.002994476 0.01868819 0.01891173 0.02198697 0.02646172 0.03028066 0.03247978 0.03776871 0.04790602 0.0581246 0.07127073 0.08901768 0.1027358 0.1852567 0.2080368 0.2242903 0.227275 0.2905724 0.3008426 0.2343826 0.2173216 0.08425 0.0455 0.04995833 0.047625 0.03375 
0.01509516 0.01263601 0.0009878497 0.0001877569 0.0001368763 0.0002893363 0.0001190133 0.0001252417 0.0001879305 0.0001906396 0.001439212 0.0008917869 0.0009411303 0.0009961349 0.00104028 0.002153827 0.002059898 0.00117416 0.00119624 0.0009629741 0.0009857235 0.001183371 0.001554563 0.0005292216 0.000625233 0.0008151392 0.001188002 0.001869545 0.002218567 0.002496502 0.0033367 0.01892104 0.02196773 0.02723534 0.03149901 0.03538395 0.04069063 0.05464015 0.07165897 0.07449608 0.08649847 0.100528 0.1221553 0.2030263 0.239197 0.261644 0.2446393 0.2631976 0.220456 0.2220549 0.2155757 0.07720833 0.06099999 0.054 0.04225 0.03750001 
0.001142781 0.004583771 0.000764074 0.0002427639 0.0001095211 0.0002183165 0.001570708 0.0001074754 8.073696e-005 0.0001787438 0.0001977523 0.000735721 0.0007003502 0.0006566461 0.0006846587 0.0007010533 0.0007239342 0.0007478451 0.0007645062 0.0006827968 0.0006984333 0.000846291 0.00112676 0.0003044557 0.0003619002 0.0004837662 0.0006548529 0.001114355 0.001326384 0.003497592 0.00726479 0.0184236 0.02554678 0.03657749 0.03118839 0.04668811 0.06042496 0.07652778 0.09296149 0.1169655 0.1427616 0.1640512 0.2100119 0.2405377 0.2852371 0.3229045 0.2612347 0.129375 0.1679583 0.1570416 0.1304583 0.0795 0.05866667 0.06445833 0.06308333 0.04833333 
8.489569e-005 0.003418288 0.0018488 0.002442484 0.0001544388 8.276803e-005 7.823388e-005 7.06402e-005 6.588037e-005 0.0001522685 6.496333e-005 0.0004312013 0.0004697661 0.0005685312 0.0004871793 0.0005133835 0.0004927845 0.0009017792 0.000527842 0.0004755129 0.0004898602 0.0006054231 0.0008188856 0.001795462 0.0002719695 0.0003743608 0.0005266909 0.002769203 0.006438376 0.008386726 0.01186876 0.02021294 0.03938434 0.03968445 0.0429914 0.0697754 0.06772912 0.08246675 0.08815993 0.1349851 0.1699449 0.2052854 0.2403615 0.2774149 0.3332274 0.3425261 0.2839078 0.151875 0.173375 0.196125 0.1265417 0.04812501 0.043875 0.042625 0.03579167 0.04370834 
7.382501e-005 0.004586935 5.732428e-005 0.000948727 9.085321e-005 7.306927e-005 0.0004504943 5.893986e-005 6.093391e-005 4.986812e-005 4.922518e-005 0.0003140563 0.0003199843 0.0006725226 0.0004920611 0.0004495197 0.0003297676 0.0008177809 0.001309209 0.0003248491 0.0003384076 0.0004275355 0.0005883628 0.0001655682 0.0001997159 0.001579522 0.004386231 0.007278431 0.01073905 0.01265633 0.01571357 0.02306699 0.03363843 0.0425364 0.05418528 0.06802384 0.07497266 0.1125473 0.09848251 0.1618518 0.1896471 0.2316891 0.2719887 0.3471628 0.360358 0.3426539 0.3128043 0.1285417 0.1775834 0.2009167 0.128375 0.065625 0.06537501 0.03554166 0.03470833 0.04508333 
0.0003746786 0.01095055 0.004793119 8.519219e-005 7.395404e-005 6.437214e-005 0.0001126487 4.954316e-005 4.286725e-005 3.929698e-005 0.0001648799 0.0002378455 0.0002302678 0.0002295437 0.0002475778 0.0009442143 0.000845126 0.0002442518 0.0002579153 0.0002348905 0.0002455167 0.0003132481 0.0004344983 0.0002018807 0.004438012 0.005158275 0.008194811 0.01104796 0.01443758 0.01614433 0.0186749 0.0248429 0.03153056 0.04403813 0.06205761 0.07065818 0.08390465 0.1042473 0.106606 0.1687977 0.2146651 0.2376395 0.2940274 0.3763621 0.3740283 0.3719196 0.2503396 0.1250833 0.1438333 0.1795 0.1177083 0.08000001 0.07654166 0.033 0.04654166 0.031375 
0 0.01434167 0.014475 0.005077856 3.710868e-005 3.192283e-005 2.78993e-005 0.0002214065 0.0001537245 0.000103529 1.521251e-005 0.0004872656 5.236613e-005 0.0001144124 0.0001390309 0.0003480273 0.0003622661 0.001902772 0 3.317346e-005 3.500303e-005 9.056683e-005 0.0003176317 0.001715796 0.003379089 0.0051965 0.007365168 0.009765197 0.01228064 0.01372481 0.01621361 0.0268351 0.04371289 0.06880263 0.05024877 0.04582682 0.05345921 0.05630718 0.05177376 0.1916466 0.2214564 0.2606645 0.3069058 0.4306859 0.442327 0.397724 0.2628043 0.1464583 0.176 0.255875 0.153625 0.1432917 0.1187917 0.06575 0.05879166 0.04133333 
0 0 0.0009916666 0.00128196 0.005844157 2.719563e-005 2.263969e-005 0.0003032435 0.0001478512 9.727322e-005 8.53244e-006 2.37476e-005 0.0004594714 2.852569e-005 1.605665e-005 0.0002754737 0.0001852063 0.0006235816 0 1.225349e-005 1.334643e-005 0.0003193884 0.00114918 0.002559936 0.004237378 0.006081623 0.008312238 0.01066516 0.01315994 0.01459756 0.01662323 0.02233699 0.05175489 0.07044207 0.06241601 0.04468807 0.04473626 0.04581913 0.07889751 0.1789165 0.2386638 0.2948669 0.2929634 0.3891157 0.4347771 0.4418957 0.2744446 0.2219167 0.18075 0.23175 0.1883333 0.1350417 0.1262917 0.07558334 0.04883333 0.03454167 
0 0.005741667 0.0016 0.00411479 0.002051524 2.208294e-005 1.783927e-005 0.001707084 5.637512e-005 5.964057e-006 4.629068e-006 1.069947e-005 6.301058e-006 3.556257e-006 2.540265e-006 0.0001580738 0 0.0002663798 4.66777e-005 0.0001128097 0.0004939617 0.001225093 0.00207922 0.003508953 0.005234946 0.007084743 0.009329995 0.01161351 0.01394418 0.01517982 0.01697868 0.02128369 0.04426503 0.04915359 0.05673679 0.03993656 0.04223815 0.04596782 0.07029849 0.201534 0.2207802 0.2591864 0.2542244 0.3592217 0.3925594 0.3683421 0.2763608 0.1790834 0.1855417 0.1759167 0.2024583 0.1389584 0.1347917 0.08500002 0.04295833 0.03025 
