ncols         56
nrows         54
xllcorner     28.264
yllcorner     -5.7719999999999
cellsize      0.25
NODATA_value  -9999
0.1893045 0.2131031 0.2599421 0.2391877 0.1915512 0.163938 0.1610844 0.1175608 0.1531064 0.2060298 0.2113928 0.189957 0.1694844 0.1474708 0.1336166 0.1693339 0.1059583 0.1227969 0.1581762 0.2324 0.1332842 0.1674359 0.2317461 0.2166728 0.2145872 0.1496584 0.1228537 0.1456221 0.2196541 0.2365199 0.2300422 0.2015276 0.2208989 0.1874555 0.2601715 0.1952896 0.1383466 0.1205105 0.08888898 0.0621111 0.1170349 0.06522524 0.05198971 0.1059905 0.1556848 0.1568715 0.1030742 0.084222 0.05167165 0.01943061 0.003636335 0.003060756 0.003536226 0.001815881 0.001853035 0.0004941739 
0.2208145 0.249539 0.2815353 0.2396593 0.205033 0.2007607 0.1867701 0.245675 0.2110913 0.221683 0.2040449 0.1909144 0.1848328 0.1607889 0.1400102 0.1489402 0.1140746 0.1399586 0.1777423 0.2039247 0.1741343 0.176595 0.1516226 0.1504933 0.206364 0.1129355 0.08891638 0.1221472 0.1333838 0.183999 0.1668211 0.1873715 0.1824349 0.1832545 0.1568869 0.1543775 0.163443 0.1588344 0.08016485 0.0553786 0.09112421 0.09934962 0.08580054 0.135366 0.2314922 0.1295703 0.08693817 0.05733036 0.0592251 0.01660714 0.00198687 0.001794198 0.003980822 0.002701943 0.004020737 0 
0.2533108 0.2411475 0.2434466 0.1923295 0.186084 0.1764942 0.1905012 0.2167958 0.2122169 0.2055546 0.1323745 0.1339912 0.1408138 0.1249948 0.1017846 0.1183159 0.1497548 0.1562873 0.1506844 0.1289025 0.1634156 0.1678847 0.1866557 0.1650877 0.1989548 0.09939931 0.114128 0.08929585 0.1151148 0.1168801 0.1133564 0.1238053 0.182546 0.1833214 0.1599199 0.106494 0.150018 0.1946848 0.1468478 0.1420514 0.1538056 0.153636 0.1462422 0.2208987 0.1992016 0.1446609 0.1250788 0.06669606 0.05189193 0.002153012 0.00404815 0.003416623 0.001417733 0.003148811 0.005703758 0 
0.2301274 0.1583099 0.1656287 0.1472497 0.1432836 0.1723714 0.1798623 0.1957655 0.1667829 0.190612 0.1441168 0.1343386 0.1213107 0.1026354 0.08107696 0.1078126 0.1181988 0.1443187 0.1576446 0.1616411 0.1573057 0.115698 0.1428281 0.1945615 0.2615946 0.1781208 0.1717595 0.1438572 0.09229064 0.1038962 0.1124494 0.1372093 0.1757866 0.2560636 0.2240649 0.1976986 0.2247094 0.1930049 0.1441085 0.1522079 0.1448685 0.1755813 0.2311673 0.2190026 0.2349129 0.1632001 0.1021565 0.03073347 0.01650379 0.004410758 0.004066447 0.003374072 0.003071421 0.002742358 0.002441219 0.004176957 
0.1994013 0.1554621 0.144498 0.1681615 0.1635437 0.1762547 0.1543171 0.1908402 0.1730464 0.1878338 0.1686962 0.1657747 0.1476782 0.1209373 0.0876953 0.1320455 0.129173 0.1123711 0.1346412 0.2327726 0.2532557 0.1903263 0.1065281 0.1473277 0.2401907 0.1446623 0.08259009 0.0732964 0.1154468 0.1062604 0.1237787 0.1427425 0.2215234 0.3355458 0.3597522 0.1997138 0.1595167 0.1776886 0.1334892 0.1251999 0.1402583 0.1686673 0.1839644 0.1914584 0.131152 0.05613927 0.01509099 0.0129201 0.007842231 0.003671431 0.003338699 0.003432896 0.00239815 0.003440405 0.01066783 0.02161215 
0.1756709 0.2122101 0.2725561 0.2237822 0.1537904 0.1863315 0.1693857 0.1777069 0.1536365 0.1440787 0.1326702 0.153715 0.1463003 0.1457215 0.1233529 0.1562785 0.1786243 0.128972 0.1153147 0.1491477 0.1695563 0.1288883 0.08346552 0.1905436 0.1865844 0.1991132 0.1250475 0.06423392 0.114686 0.1002477 0.09623633 0.1199245 0.160947 0.2033781 0.2587025 0.1463063 0.1291015 0.09265649 0.03520909 0.06421282 0.09474376 0.07887028 0.1230878 0.1969565 0.03943495 0.006839503 0.004087269 0.003577851 0.003259909 0.002976138 0.002659717 0.005438417 0.006387538 0.008115746 0.01208652 0.01547232 
0.1968673 0.2349905 0.2703374 0.2696039 0.2102871 0.2023392 0.1742069 0.152808 0.1509703 0.1451476 0.1093744 0.131151 0.1122487 0.118731 0.1450852 0.1730285 0.1753705 0.1788218 0.1385899 0.1225022 0.1335367 0.145704 0.1164499 0.1819474 0.1468011 0.1125397 0.0855502 0.08545657 0.1090814 0.06985876 0.07420276 0.109973 0.1740715 0.1664665 0.1068747 0.07594642 0.06859009 0.05319609 0.02971062 0.06459112 0.08095606 0.03486168 0.03769201 0.026992 0.02949077 0.003472026 0.003202185 0.002784499 0.002905714 0.002987539 0.004984164 0.008041689 0.01137186 0.01413684 0.01848211 0.01975337 
0.1955082 0.1983631 0.1888373 0.1993024 0.1981399 0.203217 0.1522888 0.1529621 0.1443279 0.1301152 0.1046877 0.1247162 0.09710054 0.1252726 0.1816722 0.1967742 0.1621957 0.1662062 0.2067876 0.1749925 0.1865651 0.1696545 0.1331708 0.150646 0.1022003 0.07884835 0.07025871 0.07566804 0.05767104 0.05391163 0.1693278 0.1956904 0.1570996 0.09013902 0.08005561 0.03726098 0.03850631 0.0171149 0.05849634 0.08210175 0.06419779 0.006766005 0.004133241 0.003976341 0.003997319 0.001689954 0.001559401 0.001150006 0.001936101 0.007960058 0.01075469 0.01338556 0.01607269 0.01836806 0.02068348 0.02263005 
0.1649579 0.1603314 0.1663039 0.2071573 0.172112 0.1565455 0.139233 0.1618641 0.1649728 0.1490193 0.08997753 0.1238702 0.1123625 0.1243929 0.1979658 0.1844718 0.1762162 0.2210987 0.2368381 0.1985252 0.1566303 0.1276476 0.119432 0.1220743 0.08282565 0.02701468 0.02959098 0.04637798 0.02540893 0.03314483 0.05795452 0.05914354 0.04947863 0.05949232 0.08978257 0.03710251 0.02953056 0.009695737 0.01657298 0.02494383 0.01616361 0.006404564 0.006055179 0.007253941 0.005506355 0.001041358 0.0009367387 0.001991261 0.009231382 0.01717906 0.01743985 0.01831734 0.02041734 0.02216663 0.02377606 0.02509584 
0.1066903 0.103894 0.1311154 0.1668831 0.1546006 0.1425591 0.1280251 0.1336674 0.0990611 0.1178327 0.107064 0.1030013 0.147487 0.1618763 0.2020336 0.1442929 0.181449 0.1847011 0.1733608 0.1831335 0.1359132 0.1072437 0.08674888 0.09401876 0.08186489 0.01921063 0.02223982 0.04494917 0.01736795 0.0278913 0.03087732 0.04521777 0.03345579 0.0288334 0.02758334 0.02532814 0.01310989 0.009372827 0.01401777 0.01236062 0.004709765 0.005058946 0.00421319 0.005733792 0.0007152918 0.0006502162 0.002264905 0.006700075 0.01666571 0.02301355 0.02298953 0.02104095 0.02247174 0.02379574 0.0249009 0.02587258 
0.1155773 0.1052421 0.1085491 0.1225993 0.1321189 0.1396669 0.1332488 0.1212539 0.1256282 0.142214 0.1074851 0.1460915 0.182953 0.2161828 0.240491 0.1463874 0.1463236 0.1882337 0.1345171 0.1113963 0.1269233 0.1182953 0.07781927 0.09938893 0.08154637 0.03285447 0.03463702 0.01827112 0.009129671 0.003421895 0.02579387 0.02526208 0.01277058 0.008418938 0.0023694 0.000659344 0.00667115 0.0007093633 0.01004238 0.002555246 0.005394297 0.003510617 0.001456129 0.0009477047 0.0007754127 0.0008646268 0.004689823 0.01004367 0.01905029 0.0234838 0.02013397 0.02172477 0.02252271 0.02338958 0.02398719 0.02456372 
0.1026511 0.07374381 0.07423211 0.08755858 0.1120485 0.1061673 0.1062018 0.1442441 0.1372427 0.1393064 0.1140492 0.1033424 0.1100941 0.1950984 0.1732775 0.1693392 0.1602398 0.1475895 0.1366411 0.1202646 0.09269106 0.07601906 0.05592477 0.05364521 0.02851463 0.02747085 0.02287228 0.02079524 0.005498242 0.002207481 0.001945888 0.003794609 0.005354896 0.003822244 0.00259185 0.0007564816 0.003909733 0.01007322 0.00679802 0.01163235 0.01033892 0.008109669 0.007724611 0.007262039 0.006896651 0.007618562 0.009059541 0.01575985 0.01357094 0.01506064 0.0134729 0.01562349 0.01554402 0.01566056 0.01565458 0.01539878 
0.1212358 0.1020127 0.08043823 0.1047657 0.107094 0.1153558 0.1089781 0.1409217 0.1385286 0.157172 0.1637459 0.1613157 0.135848 0.1346869 0.1100272 0.1122244 0.07776786 0.08997945 0.08348601 0.1255567 0.1056566 0.06247479 0.02491117 0.02124907 0.02796001 0.01418482 0.02355122 0.02529175 0.004624826 0.001537106 0.001087211 0.001459747 0.001553853 0.001178541 0.001608796 0.001823856 0.008233779 0.004518514 0.001581753 0.005793353 0.006274325 0.00640753 0.006196138 0.005888062 0.006113988 0.007809001 0.009109525 0.01223827 0.01135603 0.0126685 0.01299905 0.01599237 0.01465885 0.01452561 0.01430643 0.01402295 
0.1397875 0.1287313 0.1175054 0.1196311 0.1513039 0.1573758 0.1169666 0.1167884 0.1482109 0.152767 0.1425437 0.1628366 0.1357508 0.1026192 0.0768882 0.07009847 0.08524763 0.08666386 0.09540398 0.1337168 0.1061529 0.07820559 0.05388421 0.03703862 0.02656269 0.009795113 0.01048901 0.006285235 0.002893411 0.001232257 0 0.0007592515 0.0004895304 0.0007210446 0.001067531 0.001405936 0.00111989 0.0005220447 0.0006004438 0.004693641 0.005224459 0.005429932 0.00531543 0.005109102 0.005972477 0.007577784 0.008708554 0.009559522 0.01048769 0.01157732 0.01149799 0.01629384 0.01586826 0.01286858 0.01253155 0.01219026 
0.130408 0.1286363 0.1153164 0.1548988 0.1593978 0.1332992 0.1141373 0.167325 0.1705576 0.1616907 0.155644 0.1446018 0.1313246 0.1153028 0.1095199 0.1189543 0.1129028 0.1313616 0.1012817 0.09072189 0.08943247 0.08768852 0.07732844 0.0655124 0.02266066 0.009196971 0.01974943 0.01771198 0.005830748 0 0 0.0004138271 0.0004815445 0.0006753244 0.002572954 0.001602559 0.0004027881 0.0004850987 0.0005651369 0.004442493 0.004981237 0.005223002 0.00515339 0.005004309 0.005939619 0.007296357 0.008228272 0.008949461 0.00947982 0.01108936 0.009743414 0.01119326 0.01081082 0.01048127 0.01015176 0.009887985 
0.1327425 0.1622861 0.1066962 0.1270753 0.1158626 0.1161494 0.1131898 0.1579043 0.1646341 0.1206337 0.1100714 0.1087823 0.1166484 0.1111205 0.09959618 0.1088492 0.104421 0.074986 0.07876181 0.09494185 0.1024797 0.07868903 0.06174387 0.03202512 0.01382255 0.007173993 0.006789526 0.009961998 0.003112806 0.001080607 0.001485264 0.0004888406 0.000511499 0.0006767711 0.0009846663 0.00203508 0.002494108 0.003024769 0.003597821 0.00710329 0.008003975 0.00843545 0.008430857 0.005999933 0.006046679 0.007158866 0.007671095 0.008403182 0.008646889 0.008780679 0.008341996 0.008960078 0.00856117 0.008216292 0.007979651 0.00873768 
0.1437824 0.1269 0.1251249 0.1027203 0.09413597 0.1181051 0.09785058 0.1651204 0.1944854 0.1150598 0.1225148 0.1066792 0.08514564 0.07415875 0.08383135 0.1297244 0.1107084 0.07175814 0.07091166 0.1122502 0.1144614 0.07263954 0.07720025 0.05269049 0.01920596 0.01160226 0.006496111 0.003061828 0.003067391 0.00145934 0.0007175183 0.0005302814 0.0005024725 0.000625476 0.001022622 0.00193961 0.002256551 0.002761677 0.003364898 0.006671592 0.01229666 0.008159212 0.008138079 0.005847559 0.005861693 0.006038419 0.007490537 0.007996738 0.007538852 0.0075752 0.007027743 0.007249755 0.006875089 0.006499864 0.006355654 0.006098909 
0.1697454 0.1565365 0.1457173 0.1717232 0.1339755 0.1265222 0.08982724 0.1465019 0.1516139 0.1188688 0.1183163 0.09221056 0.05555147 0.0572568 0.0711089 0.1061934 0.1066317 0.0960997 0.09136802 0.1041616 0.07947119 0.08943764 0.1038252 0.07945254 0.03109985 0.02064861 0.007717039 0.002657046 0.001705733 0.002129731 0.002802558 0.007752641 0.001246746 0.001199233 0.00115179 0.002015084 0.002240041 0.002525581 0.003163954 0.006056069 0.00692575 0.007415841 0.007491965 0.005500597 0.005602311 0.005510909 0.005874249 0.007673655 0.006859178 0.006860879 0.006367241 0.006570284 0.006037866 0.005686418 0.005530881 0.005249245 
0.2397389 0.1669149 0.1364653 0.156637 0.1506567 0.1408498 0.1685421 0.2052523 0.1606982 0.1249887 0.08987746 0.07077434 0.04707135 0.05554933 0.0651458 0.08670855 0.1177989 0.0798654 0.0782745 0.09877825 0.07443389 0.08090572 0.1053463 0.08951117 0.04466394 0.02609091 0.0156533 0.00314678 0.002485096 0.00200407 0.002470898 0.008798187 0.01153672 0.01038289 0.009128404 0.004719008 0.005893167 0.003850533 0.0027785 0.00530081 0.00599687 0.006385182 0.006470082 0.004839486 0.00476147 0.006597397 0.006010423 0.006489875 0.008334916 0.006474097 0.005935521 0.006968502 0.005521432 0.005165365 0.00497763 0.005234152 
0.2291063 0.1675359 0.1568509 0.1871921 0.1418449 0.1405841 0.1441375 0.1182347 0.09473328 0.07483138 0.06903189 0.06154589 0.05610759 0.05944736 0.06119973 0.07238348 0.07021161 0.06866734 0.08618776 0.1194497 0.08354123 0.07557022 0.08022604 0.07226496 0.04551688 0.04024322 0.02680501 0.01697448 0.01434206 0.01216714 0.01182658 0.01026102 0.008077866 0.006454761 0.006221939 0.001844105 0.001408337 0.001292469 0.001485246 0.003746788 0.004181422 0.004421195 0.004490163 0.005237615 0.006238936 0.006754268 0.006637486 0.006036198 0.005723566 0.005267484 0.004663857 0.004427995 0.003799368 0.003448221 0.003281135 0.004116439 
0.1856928 0.1387752 0.1207666 0.1719933 0.1591782 0.1295182 0.1148712 0.09904595 0.08445042 0.07043698 0.07603164 0.07779013 0.06278519 0.0652344 0.07471552 0.07480109 0.06914931 0.06207065 0.07114695 0.0987888 0.08740588 0.09443544 0.09438244 0.08257709 0.05639555 0.04015834 0.03385142 0.02182251 0.02131659 0.01767709 0.01459669 0.01413564 0.01250143 0.01012149 0.007536629 0.002135672 0.001443951 0.00115036 0.001273986 0.003105603 0.003382362 0.003552786 0.003610596 0.004815254 0.00576199 0.006199504 0.006249786 0.005427053 0.005034429 0.004479526 0.003890415 0.003698867 0.003131441 0.00353316 0.002756196 0.003976066 
0.197965 0.1550565 0.1234183 0.1655857 0.1374213 0.1146127 0.1083681 0.08037898 0.06801796 0.07278097 0.04778124 0.03923384 0.03863996 0.05181053 0.05235087 0.06930259 0.07890905 0.07895078 0.0716834 0.0892391 0.1095629 0.1289145 0.1252283 0.1080393 0.08645512 0.05890206 0.05335623 0.03724552 0.03166467 0.02691802 0.02675654 0.02567769 0.02030412 0.02030085 0.01747628 0.007773313 0.00337125 0.001361118 0.001353101 0.003017066 0.003001813 0.002997602 0.003024042 0.004381299 0.005142764 0.005484296 0.005351217 0.004755594 0.005601751 0.005729284 0.003322349 0.002998702 0.002508635 0.002334966 0.002242988 0.002800562 
0.1860117 0.1162244 0.1273895 0.1171471 0.1035179 0.08981369 0.1391073 0.05780218 0.05505179 0.05121831 0.03658855 0.02635686 0.03537022 0.04502925 0.05388664 0.06796145 0.07900327 0.09152718 0.0888398 0.09151708 0.1190995 0.124492 0.141932 0.1353159 0.114026 0.08757386 0.08820195 0.06900641 0.04973625 0.04407474 0.03706826 0.03243292 0.02880966 0.02720697 0.0266406 0.01156716 0.00577032 0.003305933 0.001733114 0.003459818 0.003641071 0.002791303 0.003887514 0.005018187 0.005576737 0.005646766 0.005327654 0.004346659 0.003949836 0.004297481 0.00384596 0.004712098 0.006666559 0.002477948 0.002371772 0.003130813 
0.1265601 0.1092402 0.09807011 0.08489735 0.1065531 0.07885116 0.05332666 0.04214269 0.04151788 0.04237366 0.04145281 0.04681018 0.04501626 0.05615273 0.06256355 0.06255662 0.07196707 0.0794206 0.07303569 0.07860806 0.07794537 0.0991808 0.1058314 0.1288395 0.1286705 0.1297921 0.1175863 0.09009309 0.06687485 0.05146918 0.04344453 0.04617989 0.03823024 0.03633564 0.02803352 0.01337739 0.01443561 0.005551461 0.00407139 0.003308357 0.00262282 0.002687012 0.004000389 0.005816598 0.005699698 0.005870332 0.00571782 0.005282976 0.005081732 0.00471597 0.005446127 0.01236628 0.02012028 0.003771842 0.005209154 0.03026268 
0.09051625 0.09566303 0.08708537 0.07083266 0.08870312 0.09180589 0.05096204 0.03940354 0.03725327 0.03975654 0.03645225 0.04378395 0.0494643 0.05933821 0.05793742 0.06596417 0.06083672 0.06058059 0.05902663 0.07029457 0.09279003 0.09562423 0.09195974 0.1165211 0.1295888 0.1307869 0.1420145 0.1264602 0.08955763 0.07159638 0.05836779 0.0669197 0.04435371 0.04211329 0.02766136 0.01330529 0.0087069 0.005780633 0.004793876 0.003682515 0.002660075 0.003265075 0.00445705 0.005712241 0.00626759 0.006358846 0.006154548 0.005774686 0.005644526 0.005142284 0.004722218 0.004941841 0.004326307 0.004220555 0.004121209 0.02374753 
0.1093048 0.09386312 0.07998938 0.06829558 0.07660908 0.08494996 0.07725262 0.05357323 0.04845103 0.04084766 0.03818252 0.04755422 0.05280159 0.06398692 0.05332641 0.06036052 0.05443329 0.05288677 0.05942051 0.07709965 0.09117776 0.08107519 0.09706798 0.1092218 0.1329064 0.1525451 0.125513 0.1284995 0.1217656 0.1189696 0.08128764 0.07872943 0.04852641 0.04769769 0.03703768 0.01531563 0.01011233 0.006784305 0.005547584 0.004193842 0.003294357 0.005237413 0.00487736 0.006219264 0.006696679 0.00670717 0.006817031 0.006194008 0.006064203 0.005574488 0.005198692 0.005091981 0.004775938 0.02642947 0.0211575 0.0189617 
0.0777877 0.0882327 0.09214622 0.07859596 0.08505634 0.08767831 0.06720942 0.03760494 0.04720282 0.05043488 0.03972545 0.04795896 0.04508681 0.04500089 0.04396235 0.06117877 0.05728423 0.06330223 0.08021613 0.07962366 0.08726282 0.08116516 0.08141979 0.111195 0.1067244 0.1000109 0.107373 0.1179021 0.1446787 0.1217099 0.1291453 0.07926256 0.07423847 0.05190014 0.03513452 0.0169381 0.01160926 0.007973338 0.00783864 0.006836012 0.007279437 0.008755477 0.005468671 0.006755171 0.007152201 0.007146329 0.006960353 0.006660392 0.006504231 0.00604465 0.005722962 0.03839816 0.02446409 0.005288359 0.05077341 0.007938622 
0.08533692 0.06524109 0.08983748 0.06617896 0.06875949 0.0755414 0.05440098 0.03685359 0.03710951 0.03902225 0.04333202 0.04761735 0.04716792 0.0425423 0.03887891 0.05154759 0.0545824 0.06298073 0.06765676 0.08602852 0.1013873 0.1010805 0.1047749 0.1299715 0.1148753 0.1207486 0.1173069 0.1287479 0.1380787 0.1524541 0.1437206 0.1061902 0.105216 0.05403699 0.04467809 0.02826232 0.02414379 0.01612228 0.01025831 0.008287264 0.005724134 0.005838425 0.006502167 0.005841696 0.006102577 0.006041824 0.005711492 0.008090788 0.005418873 0.005210351 0.006466585 0.01491733 0.04662291 0.03917234 0.02517098 0.01371284 
0.1122244 0.09074039 0.08186676 0.0612289 0.0676055 0.07537609 0.06008803 0.03623961 0.03081888 0.02892363 0.03090887 0.03788276 0.03673264 0.03807817 0.0416045 0.03874763 0.05000085 0.05499407 0.05664268 0.06700906 0.08861141 0.08804285 0.1053928 0.1212735 0.1330043 0.1527283 0.1628664 0.1949121 0.1874977 0.1880642 0.1321735 0.09834912 0.09457635 0.07193819 0.04825075 0.02313375 0.01529679 0.01072438 0.008797482 0.007207699 0.006585646 0.006396229 0.006983658 0.006270278 0.006645744 0.006372127 0.006210758 0.00590244 0.006046898 0.005724648 0.006097706 0.0133857 0.03219945 0.03419258 0.0552055 0.02326322 
0.1060923 0.1011419 0.1006443 0.04540784 0.03895246 0.04770543 0.04803026 0.02680475 0.0212913 0.01917046 0.01973598 0.02328168 0.02613628 0.03519032 0.04067562 0.04362666 0.04585288 0.04443284 0.04696187 0.06083879 0.07607201 0.07802764 0.08911152 0.09163444 0.1450676 0.2003128 0.1930289 0.2325054 0.1948238 0.1893026 0.1447028 0.1180258 0.09060352 0.08239962 0.05638727 0.03087796 0.01585608 0.01119279 0.009194828 0.007539853 0.006900418 0.006643099 0.007191797 0.00638769 0.006419967 0.006409445 0.006834226 0.006350436 0.006432224 0.006485787 0.006862336 0.01073027 0.01099603 0.02423131 0.04970485 0.02695534 
0.1044782 0.1007024 0.1179273 0.03664677 0.02504651 0.01913877 0.01840835 0.0149143 0.01290085 0.01466478 0.02046936 0.02445279 0.02636816 0.03137881 0.03573958 0.03005875 0.03493208 0.03928824 0.04240237 0.05126554 0.06480698 0.06504107 0.07189469 0.09552918 0.1600625 0.1972137 0.1955973 0.2096036 0.1903027 0.1786087 0.1357835 0.125189 0.1214427 0.1004432 0.0591767 0.02259596 0.02664768 0.01104148 0.01026424 0.007497742 0.006926245 0.006747222 0.007378858 0.006584053 0.006683807 0.006894541 0.007360149 0.007242901 0.007786856 0.008412445 0.009025545 0.01632616 0.01977384 0.02160401 0.02076547 0.02959043 
0.07214724 0.07967602 0.05383324 0.01792438 0.01227813 0.009664563 0.009780371 0.009578374 0.009489874 0.009300875 0.01377402 0.02148387 0.02120645 0.02285856 0.02375939 0.01705937 0.02295545 0.02644634 0.02647736 0.05288858 0.06127612 0.07047723 0.08039188 0.07762643 0.1233346 0.1717329 0.1908753 0.1745402 0.1606761 0.1337356 0.109829 0.1026259 0.09822623 0.1265913 0.06166248 0.03568798 0.05200189 0.01327457 0.01093497 0.006948241 0.006609368 0.006507994 0.007290065 0.007679795 0.008146594 0.009476745 0.01051878 0.01951815 0.01724014 0.01516889 0.01881301 0.0263982 0.02711425 0.01797897 0.01992947 0.035224 
0.0510075 0.0527778 0.03254398 0.01144049 0.007963778 0.008180779 0.008344701 0.006576716 0.00584645 0.006125432 0.008495172 0.0129384 0.014719 0.01807184 0.02112921 0.02025865 0.02550227 0.0396277 0.03179583 0.04391523 0.0533028 0.06962005 0.08377699 0.08058813 0.1031328 0.218674 0.2039997 0.1743902 0.1298959 0.1290752 0.1287067 0.1094294 0.105607 0.08368517 0.04367553 0.02710663 0.02057488 0.01290694 0.01066431 0.006783057 0.006549586 0.006633965 0.007512104 0.007927475 0.008446899 0.0102818 0.009924519 0.01296979 0.01439761 0.01552412 0.01707424 0.01790529 0.0171591 0.02519257 0.02289383 0.03222179 
0.04338296 0.04193366 0.01420756 0.006737484 0.006239038 0.006258176 0.006631666 0.005418645 0.004585438 0.004697267 0.006337248 0.01063616 0.01242788 0.02031552 0.02403357 0.02786411 0.0615805 0.04665129 0.05630462 0.05433629 0.0495071 0.05524925 0.07279378 0.07893944 0.1174202 0.1785199 0.1499972 0.1398765 0.1217907 0.1039983 0.1115426 0.07952584 0.07126366 0.0613195 0.03932879 0.02540171 0.01701397 0.01249352 0.01019278 0.006485062 0.006592738 0.007593067 0.009172643 0.008611497 0.01087474 0.01133374 0.01282119 0.01473153 0.01623605 0.01796364 0.01960521 0.01624905 0.02272124 0.04318996 0.03531221 0.02959374 
0.02990292 0.02741675 0.01741579 0.00645304 0.007457684 0.006618191 0.005471322 0.004189133 0.004348441 0.005069642 0.006045151 0.008873371 0.01134059 0.01624255 0.02776801 0.05116246 0.05397551 0.05959631 0.06015759 0.06233666 0.05037811 0.0714813 0.07047755 0.0572737 0.1193954 0.1553831 0.08970774 0.1089413 0.1069738 0.09113083 0.06638317 0.05880377 0.04725399 0.0434742 0.03488985 0.02036089 0.01420659 0.01052794 0.00933939 0.005933475 0.006439584 0.007442798 0.009484831 0.009556641 0.01061278 0.0122589 0.01404756 0.01891975 0.01965945 0.02153262 0.02261257 0.01505461 0.02726534 0.03187083 0.03282131 0.02339092 
0.0403398 0.03012072 0.01510986 0.00860105 0.005771439 0.00504793 0.004374275 0.003989111 0.003125915 0.003516527 0.004562936 0.009922737 0.01544606 0.02791073 0.02304043 0.05763004 0.06343531 0.04399007 0.03222374 0.0321039 0.02921868 0.04032237 0.05426586 0.06099004 0.08010508 0.1140404 0.06622594 0.09088378 0.08447748 0.06176537 0.05467908 0.03949839 0.03131245 0.02653109 0.02242459 0.01488859 0.01079037 0.007981519 0.007154502 0.005807249 0.006298692 0.007567555 0.01019698 0.01382656 0.01585432 0.01860421 0.02220169 0.0288706 0.03262502 0.03787048 0.03875915 0.03726286 0.04543646 0.05492442 0.04705778 0.03724396 
0.03131237 0.02054294 0.004708647 0.004963033 0.004620955 0.00380427 0.003843164 0.002748315 0.002472743 0.002729126 0.003577986 0.007862781 0.009199094 0.01392575 0.04143427 0.06296758 0.06097929 0.02398163 0.008662289 0.02062949 0.028896 0.03464207 0.02926078 0.03575282 0.07883883 0.081046 0.07732755 0.07452591 0.05762461 0.05933144 0.04698545 0.03173092 0.02489761 0.02059637 0.01773078 0.01133278 0.008854297 0.006765096 0.006002403 0.004760624 0.006006148 0.008129034 0.01139244 0.01598024 0.01873856 0.02210503 0.02623375 0.03520235 0.04897418 0.04715975 0.04974995 0.04094451 0.03979452 0.04483783 0.03833625 0.02639898 
0.0330601 0.02273674 0.00707604 0.003404498 0.003313187 0.003283438 0.002933046 0.002212164 0.002005714 0.002158984 0.002656558 0.004024753 0.01014449 0.01841538 0.02175497 0.03554034 0.0303475 0.03053098 0.01390999 0.0220997 0.01355119 0.01706254 0.02304598 0.02394287 0.06817964 0.08393007 0.07062587 0.07474704 0.05943585 0.0462263 0.0398553 0.0251594 0.02018753 0.01638848 0.01330114 0.009093391 0.006027873 0.005164301 0.005007707 0.004514392 0.006267345 0.008758249 0.01251828 0.0179407 0.02133499 0.02532001 0.02962007 0.0373075 0.06228378 0.06737208 0.04872065 0.04344522 0.04384996 0.04439028 0.05095318 0.01991935 
0.02556693 0.0209105 0.005212257 0.002847091 0.002693706 0.002518559 0.002302294 0.001719999 0.001783299 0.001641155 0.002183743 0.006941616 0.01397413 0.01743774 0.01801401 0.04098922 0.02642643 0.01889982 0.007739555 0.00994545 0.01063783 0.01335103 0.01880593 0.02779323 0.0465499 0.06551392 0.04785759 0.05297105 0.04676201 0.03903418 0.03119712 0.02055206 0.01683035 0.01372922 0.01182491 0.00732838 0.005104744 0.004097818 0.004216149 0.004881635 0.006416891 0.009171514 0.0134049 0.01951565 0.02362854 0.02777588 0.03253247 0.04140916 0.06254692 0.07588037 0.05200355 0.04460149 0.04737287 0.04696714 0.04021887 0.01733871 
0.02162392 0.01693199 0.003169423 0.001474045 0.001294943 0.001169649 0.001168445 0.0005006557 0.0004918799 0.0004628819 0.003477026 0.01200786 0.016757 0.01752841 0.01986239 0.02151316 0.01966968 0.02837284 0.007256413 0.003466486 0.005356898 0.004684122 0.007883007 0.009449198 0.01296691 0.009148245 0.008218898 0.01874066 0.02412562 0.02015378 0.01615478 0.0156851 0.01215992 0.009465811 0.008160385 0.005403184 0.003899524 0.003273026 0.003569456 0.004853113 0.00654367 0.00950283 0.01435079 0.0263397 0.03309214 0.04306726 0.04376877 0.05479713 0.076882 0.07945807 0.06413905 0.07733211 0.07532213 0.05716181 0.0571845 0.01375 
0.02128975 0.01331287 0.003744939 0.001108475 0.0009021531 0.001146063 0.0006648488 0.0002921945 0.0003922607 0.0002581259 0.0003179318 0.003248704 0.009829887 0.01433924 0.01717462 0.01749722 0.01373027 0.009120283 0.0006283253 0.001854199 0.001942476 0.002755966 0.004581361 0.01727161 0.007342148 0.006994553 0.01030639 0.01631071 0.01959971 0.01164963 0.01034021 0.0114248 0.008999828 0.007470375 0.005965755 0.004034068 0.00297063 0.002860435 0.00345387 0.004983271 0.006983836 0.01014373 0.01599454 0.03791155 0.04366917 0.04887768 0.05323425 0.06377961 0.07745784 0.06765193 0.06997044 0.07434175 0.06037335 0.06501013 0.06095161 0.01512097 
0.01990217 0.008918294 0.002454408 0.0008627904 0.0008494056 0.0005148345 0.000422668 0.0001781277 0.0001291484 0.0001263054 0.0001707408 0.0003899667 0.0005094438 0.005974506 0.007780787 0.008420466 0.006999723 0.001882924 0.001948413 0.001653028 0.002869255 0.003000239 0.002420252 0.005482583 0.003097464 0.004583193 0.004461221 0.009301089 0.01006596 0.008667308 0.00785917 0.00843607 0.006824964 0.005927368 0.004922063 0.003287182 0.003278975 0.003275848 0.003549539 0.006577269 0.009130501 0.01288756 0.02335823 0.04546186 0.05091634 0.05340512 0.06394085 0.06999081 0.06878321 0.08950526 0.07344436 0.05796633 0.06104099 0.0629398 0.05452899 0.01512097 
0.02127741 0.01240789 0.001508768 0.0007423616 0.0005675309 0.0008086312 0.000375596 0.000162033 0.0001223263 0.0001162135 0.000144496 0.000313435 0.000364547 0.0003630165 0.0003561058 8.082081e-005 0.0002394078 0.0001062459 0.002766743 0.002476688 0.00109613 0.001327954 0.001801887 0.004741833 0.001800818 0.001493966 0.001796034 0.00788901 0.007191129 0.007853736 0.008426549 0.006868823 0.005803375 0.005480372 0.004330635 0.005124022 0.0109887 0.004127699 0.007344846 0.01036649 0.0111982 0.01372534 0.01846463 0.03679983 0.03949849 0.0425812 0.04797385 0.05162463 0.06101525 0.07432967 0.08219174 0.06095388 0.06821834 0.06592816 0.05600592 0.01060484 
0.03094009 0.02778168 0.01048981 0.003769888 0.002225607 5.553856e-005 4.772639e-005 4.596637e-005 3.677031e-005 3.390412e-005 3.770531e-005 0.0001599404 0.000174918 0.000168655 0.00014169 3.094436e-005 0.0006776149 1.450753e-005 2.825598e-005 3.232795e-005 0.0002775308 6.94488e-005 0.0001121517 0.004574582 0.0003826131 0.0004455255 0.0004895522 0.001065397 0.001156553 0.001330004 0.001221861 0.004998691 0.004887044 0.007217307 0.006979675 0.01239623 0.08136649 0.01364213 0.00969308 0.01256462 0.01281442 0.01253789 0.01691187 0.03569378 0.04042499 0.05121394 0.0544116 0.05624256 0.06195531 0.08986949 0.06305832 0.04645161 0.04334677 0.03399194 0.02810484 0.02197581 
0.01548383 0.01392198 0.005114732 0.0007329208 0.001122105 4.613579e-005 4.071078e-005 4.093747e-005 3.462928e-005 3.081132e-005 2.937946e-005 0.0001078342 0.0001024564 9.064264e-005 7.256796e-005 0.0001273432 0.0002767589 5.235281e-006 9.974409e-006 1.138083e-005 1.50596e-005 2.720832e-005 4.777522e-005 0.0002929089 0.0001775753 0.0002198904 0.0004363608 0.0007448654 0.001409867 0.001066098 0.001059751 0.007097673 0.008361866 0.008112349 0.007975616 0.008675237 0.007991951 0.006116859 0.006934855 0.008699517 0.009625296 0.01291587 0.01779142 0.04867592 0.04114557 0.04859358 0.05682356 0.06421134 0.06686112 0.06029361 0.05587595 0.04008064 0.02915322 0.01943548 0.01842742 0.0228629 
0.006109994 0.004959863 0.001741708 0.0005782277 4.733877e-005 3.790731e-005 8.633907e-005 3.513122e-005 3.056659e-005 2.652374e-005 0.0005292037 7.341247e-005 5.893883e-005 4.55977e-005 0.0002702639 2.344311e-005 0.001339703 5.117429e-007 8.155193e-007 8.619538e-007 1.094196e-006 5.493562e-006 1.407354e-005 0.0002095424 6.332505e-005 9.316115e-005 0.0003785479 0.0003598229 0.0004417334 0.001037014 0.002826222 0.007417235 0.006495389 0.005960769 0.006669343 0.006603963 0.007005227 0.007694805 0.008871543 0.0104004 0.0134151 0.01493166 0.01887797 0.05148336 0.04105531 0.0464646 0.05682893 0.06877492 0.07502081 0.06475852 0.05512422 0.02641129 0.02383064 0.02528226 0.02262097 0.02245968 
0.002843762 0.0007011669 0.0001445681 5.245625e-005 3.936722e-005 3.095279e-005 0.0001848957 2.832978e-005 2.440166e-005 2.1033e-005 1.790569e-005 5.650503e-005 4.413191e-005 0.0004114886 2.476878e-005 1.632036e-006 7.157715e-007 3.954372e-007 6.723877e-007 7.298598e-007 9.456697e-007 4.502218e-006 1.141979e-005 3.744308e-005 5.158018e-005 7.673443e-005 0.0001118154 0.0003026907 0.0009605882 0.00258494 0.003803912 0.005064449 0.00731288 0.007276784 0.007769622 0.007889804 0.008836308 0.01015914 0.01182175 0.01338311 0.01665818 0.01795082 0.02082731 0.04173099 0.04517281 0.04571804 0.05428421 0.06163923 0.05042597 0.05630051 0.0617432 0.02834677 0.02092742 0.02818548 0.02616935 0.02100807 
0.004616062 0.002938327 0.00309787 2.674046e-005 1.931419e-005 1.459063e-005 0.0001344683 0.0001119582 1.126543e-005 9.5574e-006 7.922434e-006 0.002398405 0.002422948 8.263207e-005 6.985104e-006 0.0001675066 0 0 0 3.187793e-006 3.823378e-005 1.867068e-005 0.002440445 0.0009066377 5.008347e-005 7.576423e-005 0.0001128791 0.0002250793 0.001563673 0.002782879 0.004537196 0.005590417 0.006714811 0.007877223 0.009116919 0.01095797 0.01226752 0.01420468 0.01652907 0.02558654 0.03095908 0.03020705 0.03500284 0.0640354 0.05478035 0.06788483 0.06601107 0.03556452 0.04895161 0.04987903 0.06983871 0.02858871 0.02407258 0.02774193 0.03604839 0.03580645 
3.065202e-005 2.598252e-005 2.079304e-005 8.965807e-005 1.445522e-005 1.023778e-005 8.946407e-006 9.041724e-006 0.001628162 0.002343864 0.0006950428 0.0015562 0.000891495 0.0001257047 3.042148e-006 0.0003571112 0 0 0 2.49306e-006 3.739077e-005 0.0004073475 0.00136995 0.004334678 3.46562e-005 5.425238e-005 8.407651e-005 0.0007256626 0.002237802 0.003425985 0.005125936 0.005791153 0.006945019 0.008213609 0.009715506 0.01198621 0.01392936 0.01632526 0.0196576 0.02830791 0.03220328 0.03355676 0.03678868 0.06641556 0.05964856 0.06468491 0.06903459 0.03665322 0.05947581 0.05508065 0.04633064 0.02903226 0.03306451 0.01915323 0.01149193 0.01717742 
0.000788042 2.211161e-005 0.0005341882 1.758783e-005 1.907949e-005 7.908911e-006 6.758703e-006 1.417249e-005 0.00141273 4.079545e-006 3.087969e-006 5.714435e-006 2.648719e-005 1.126475e-005 9.435832e-007 0 0 0 0 2.009019e-006 3.684063e-005 9.768107e-006 5.99777e-005 1.758058e-005 2.422995e-005 3.912925e-005 6.2731e-005 0.001344378 0.002852787 0.003964198 0.005492537 0.005854194 0.0069618 0.008297115 0.00997614 0.01285425 0.01512733 0.0178125 0.0208982 0.02953024 0.03667416 0.04371466 0.0490224 0.06452654 0.06474548 0.07084292 0.07193478 0.04145161 0.06173387 0.03766129 0.02737903 0.02762097 0.02725806 0.01879032 0.02516129 0.01790322 
3.021721e-005 0.002040116 0.0001093301 9.169578e-005 1.068843e-005 7.569387e-006 6.306172e-006 5.948613e-006 4.511558e-006 0.0001020652 2.520688e-006 4.613986e-006 2.254278e-006 9.435831e-007 0.0002818227 0.00158322 0.0002337875 0 3.077619e-005 0.0001300417 3.615552e-005 7.776516e-006 0.002090584 1.363809e-005 0.0007242971 0.0001691606 0.0006005022 0.001635488 0.00299608 0.00459451 0.005892534 0.005504238 0.006544142 0.007939685 0.009794208 0.01331 0.01592648 0.01874585 0.02196479 0.03002491 0.04367563 0.04970455 0.06746288 0.06582443 0.05377663 0.05952461 0.04321207 0.05084678 0.06213709 0.04616935 0.0478629 0.03854838 0.03032258 0.007419354 0.008145161 0.01818549 
0 0.002193548 0.002887097 0.001076184 8.210306e-006 5.969719e-006 4.8497e-006 2.577159e-006 1.820512e-006 1.268979e-006 9.413631e-007 0.0001378353 0 8.138992e-005 0.0001504504 0.0026523 0 0 0 0.0001288743 3.332078e-006 0.001443465 2.126209e-005 3.422829e-005 4.633567e-005 7.633438e-005 0.000703158 0.001408297 0.002314165 0.002874943 0.003687035 0.005247694 0.006206876 0.007207704 0.008962261 0.01038101 0.01149882 0.01266108 0.01385667 0.03358822 0.04988377 0.08079867 0.07183947 0.06432531 0.05766409 0.05309909 0.04804686 0.03782258 0.04564516 0.05435484 0.02048387 0.01431451 0.01870968 0.00375 0.007862903 0.01782258 
0 0.0006370968 0.0002903226 0.0009023056 7.484423e-006 5.673485e-006 4.504363e-006 2.263066e-006 1.459658e-006 9.218607e-007 6.750177e-007 0 0.0002408788 0 7.952564e-005 0 0.0002077135 0 0 1.896881e-006 2.655567e-006 6.293032e-006 1.280724e-005 2.015498e-005 2.689761e-005 0.000102945 0.0006686607 0.001446646 0.002272844 0.002739728 0.003471125 0.004645035 0.005537897 0.006893395 0.008778126 0.009953246 0.01106833 0.01397361 0.01341223 0.04266111 0.09666021 0.06794071 0.08371279 0.09713142 0.07089165 0.04828875 0.04064309 0.02850807 0.05822581 0.05705646 0.01310484 0.01419355 0.01979839 0.01387097 0.008749999 0.01419355 
0 0.002298387 0.002008064 0.004381133 0.003697673 5.1758e-006 4.003021e-006 1.939519e-006 1.150038e-006 6.582134e-007 8.291226e-006 7.88656e-005 0 0 0 0 0 0 2.507049e-005 1.450236e-006 2.030291e-006 4.060316e-006 7.526135e-006 1.147489e-005 1.509685e-005 0.0002083427 0.0007916444 0.001463108 0.002210018 0.002594351 0.003219699 0.004319353 0.005165288 0.006508416 0.008436774 0.009355602 0.0104125 0.01598224 0.01347875 0.03221337 0.08893424 0.05384459 0.05706263 0.07974446 0.0531515 0.05390423 0.04123448 0.04875 0.04842741 0.04427419 0.03745968 0.03842742 0.04931451 0.02004032 0.01383064 0.0171371 
