ncols         56
nrows         54
xllcorner     28.264
yllcorner     -5.7719999999999
cellsize      0.25
NODATA_value  -9999
0.1525585 0.156956 0.146298 0.135152 0.1064488 0.10061 0.1478149 0.2946452 0.2666682 0.1488112 0.1447638 0.1587961 0.1595533 0.1331271 0.1035969 0.2416412 0.2488715 0.2131614 0.2195825 0.3238161 0.3111584 0.2042104 0.1166895 0.1748147 0.1298365 0.1483679 0.1427764 0.1808857 0.1871962 0.1812685 0.1668463 0.2051945 0.2511652 0.2318261 0.245334 0.3054563 0.2951549 0.2536536 0.2865179 0.2490553 0.1421326 0.1147015 0.09386609 0.1242065 0.1458923 0.1210653 0.1685005 0.2315376 0.2298828 0.1749669 0.1552998 0.1316741 0.1206581 0.08722098 0.1324929 0.1300583 
0.1670507 0.1568922 0.1524676 0.1472019 0.1204425 0.127112 0.1947154 0.283996 0.1507685 0.1091994 0.1291911 0.1919553 0.1313922 0.0620293 0.05177157 0.1376349 0.2233768 0.1907312 0.2342029 0.2957205 0.1723067 0.1407454 0.1142182 0.1483776 0.1821409 0.1210427 0.09766398 0.1490135 0.150304 0.1529813 0.110164 0.1639603 0.2077227 0.270067 0.2267071 0.2879671 0.2576538 0.2924615 0.2458893 0.2393745 0.1562591 0.1039686 0.1017046 0.1407408 0.1185455 0.08028784 0.1726637 0.2689978 0.2867353 0.190262 0.13721 0.1222151 0.1387257 0.07330447 0.07875853 0.09133682 
0.1511749 0.1483519 0.1354668 0.1347534 0.1498795 0.1551688 0.1564959 0.1413326 0.1276546 0.09817697 0.1176752 0.1888349 0.1289304 0.1131205 0.108176 0.1713068 0.1754733 0.1545611 0.1570873 0.1811012 0.08847008 0.1050107 0.1345419 0.1995466 0.2472156 0.1120757 0.1381457 0.1706482 0.1286731 0.1145742 0.1028596 0.1687596 0.2173653 0.2381525 0.266187 0.3216364 0.3468522 0.2879043 0.1855548 0.2485159 0.178952 0.1561069 0.1676054 0.1114956 0.1112005 0.09264315 0.11025 0.2045173 0.1518089 0.1210711 0.1071002 0.07621264 0.06797325 0.02199743 0.04362086 0.02725871 
0.1585619 0.1621444 0.1472633 0.1330926 0.1651847 0.1825211 0.1680316 0.1562526 0.1470497 0.1158605 0.1008565 0.110256 0.08232365 0.08314101 0.1059669 0.2183019 0.1418214 0.282705 0.1521771 0.2726629 0.1264085 0.1375549 0.1840747 0.2051509 0.1807885 0.08993643 0.0934203 0.111789 0.1137709 0.139592 0.1263755 0.1705295 0.1819991 0.212946 0.291829 0.3433727 0.335662 0.3095921 0.1462897 0.1959079 0.167081 0.246679 0.1794958 0.2256611 0.1859102 0.104658 0.1186036 0.1553189 0.1146037 0.05972287 0.05290256 0.02375265 0.02771037 0.03137977 0.0134737 0.01142733 
0.1354586 0.1563189 0.1189485 0.1222799 0.1730687 0.1496463 0.1458016 0.1356992 0.1596035 0.1424425 0.110249 0.1264083 0.1282951 0.1253343 0.1466863 0.2173546 0.1821936 0.2443547 0.1839863 0.3357698 0.2698419 0.1409764 0.223694 0.1813102 0.1440702 0.09149022 0.05530885 0.0958534 0.09338249 0.1026344 0.1101916 0.1279549 0.1840007 0.2381336 0.2353057 0.2611308 0.248057 0.148798 0.1038144 0.1299186 0.1212598 0.152193 0.09437753 0.09343169 0.09733704 0.1089944 0.1033445 0.1112394 0.1399138 0.09725776 0.03640563 0.01542779 0.01313544 0.01189043 0.01218764 0.01276598 
0.1303518 0.1299554 0.1174966 0.1179357 0.1310245 0.1423589 0.1250764 0.09833878 0.1106186 0.2330546 0.1159776 0.1428558 0.1064292 0.1187277 0.1707624 0.275242 0.1804785 0.16175 0.1299369 0.299227 0.2597964 0.1390218 0.2126676 0.1061136 0.1310655 0.1013945 0.05659171 0.1101327 0.1334351 0.08791821 0.08796711 0.1136789 0.1218673 0.1458603 0.15909 0.158686 0.122426 0.07659685 0.05256734 0.162095 0.128167 0.1003218 0.06315929 0.09099656 0.1522416 0.1497436 0.1250344 0.1558885 0.1420734 0.0452935 0.008283407 0.009535418 0.01137589 0.01622289 0.01878093 0.01484559 
0.1486936 0.1569207 0.1505907 0.1260345 0.1438436 0.1121016 0.1137358 0.08415543 0.08797869 0.2108176 0.1707251 0.09444737 0.07650306 0.08666757 0.1188519 0.2569719 0.2203656 0.1564075 0.1006644 0.1945592 0.2059308 0.1380171 0.06920972 0.07893437 0.1191627 0.07686819 0.05811285 0.06749784 0.07711158 0.09065183 0.07139134 0.09471332 0.1018809 0.1440242 0.1176768 0.12152 0.09774526 0.03599487 0.06793457 0.111546 0.1348986 0.04989402 0.05787338 0.08514474 0.069189 0.1210483 0.1054108 0.1003632 0.09498483 0.01039366 0.008213191 0.01270201 0.01498797 0.01675343 0.01755623 0.01782742 
0.2013796 0.2068439 0.1750872 0.1322279 0.1205407 0.1187443 0.1173795 0.1006468 0.12399 0.1758205 0.1331552 0.108699 0.09773099 0.09949691 0.09261093 0.1375813 0.1364959 0.1215798 0.1124047 0.1418192 0.1491373 0.09175566 0.08924743 0.1100925 0.0830735 0.05102681 0.05363215 0.05556937 0.06345008 0.07424545 0.07528604 0.09249603 0.1408102 0.1489044 0.08791124 0.08363273 0.06545588 0.06686868 0.07150473 0.08635684 0.07013799 0.06800298 0.09207962 0.06291753 0.05386677 0.06336448 0.04928366 0.05032129 0.00584564 0.009581469 0.02084074 0.02816141 0.02180104 0.02269614 0.01905697 0.01896147 
0.1873917 0.1893624 0.1635477 0.1954271 0.1813879 0.1248075 0.1336846 0.0985724 0.1226618 0.1594921 0.1346177 0.1460613 0.1260315 0.1002769 0.09542745 0.1191039 0.1006085 0.09771456 0.1066308 0.1695539 0.1150989 0.06607836 0.03787955 0.05307431 0.03826131 0.04061868 0.03643858 0.04264029 0.038922 0.0474782 0.0492875 0.06255044 0.1016959 0.06488815 0.07053582 0.07213975 0.05852595 0.06265894 0.04621966 0.05362496 0.06799556 0.0734902 0.0300754 0.03158676 0.02727293 0.02157895 0.01724221 0.02746786 0.01586428 0.01473525 0.02013856 0.04283409 0.03733778 0.02617703 0.02225383 0.02198557 
0.1749621 0.1626379 0.1258144 0.1221558 0.18129 0.1629215 0.1471186 0.1092481 0.1130493 0.1278701 0.115972 0.1217369 0.1304314 0.1203007 0.09137084 0.09446183 0.08354166 0.08017621 0.07753672 0.1258552 0.103822 0.04602879 0.02098903 0.03990544 0.02646785 0.03015232 0.02296943 0.01899184 0.0217773 0.01482068 0.01191433 0.01099159 0.03650466 0.05116716 0.08225818 0.07953686 0.08150831 0.06862088 0.03984928 0.0630471 0.05735131 0.04181625 0.01984187 0.01734146 0.01634383 0.02020103 0.01253157 0.01363462 0.01792852 0.02136887 0.02025416 0.04110103 0.03223652 0.0335762 0.02578987 0.02517869 
0.16175 0.1955439 0.1503514 0.1628793 0.2035217 0.1641072 0.1477371 0.1421742 0.1038291 0.1107567 0.1149904 0.1181762 0.1293211 0.1137878 0.09796323 0.1071817 0.09516601 0.07599041 0.06597014 0.07298069 0.04100325 0.04351875 0.03602791 0.0202859 0.01661411 0.01150719 0.01056481 0.01027974 0.01199618 0.004324641 0.001668045 0.005375095 0.02386847 0.01764391 0.01209785 0.03626934 0.05732832 0.05904139 0.04875154 0.01868201 0.02205476 0.018101 0.006243205 0.004430709 0.006375767 0.01359928 0.01062352 0.014418 0.01849763 0.0218678 0.02511168 0.02761447 0.02907046 0.02961774 0.03051833 0.02994128 
0.1927746 0.2312858 0.2241855 0.2300363 0.2327584 0.1866785 0.1946139 0.155215 0.1185108 0.1133382 0.1196391 0.1317777 0.1338537 0.1232058 0.1231885 0.1143714 0.1052795 0.07524382 0.08177694 0.0561696 0.02904716 0.04236639 0.03860311 0.02205342 0.01856707 0.0137387 0.01167573 0.002587512 0.003928804 0.002627696 0.002421177 0.008613228 0.01269112 0.02013795 0.01946367 0.02530661 0.04314896 0.02965167 0.02233039 0.05851869 0.06089931 0.06565493 0.05555648 0.05122985 0.05174774 0.04948111 0.04604089 0.05257408 0.04664167 0.0415172 0.03750635 0.03006843 0.02780165 0.0261241 0.02581338 0.0226018 
0.1713043 0.2149081 0.2294104 0.2296029 0.1951801 0.169527 0.2305132 0.165364 0.1311674 0.1028768 0.103837 0.1136585 0.1180821 0.1173439 0.1146251 0.1251551 0.1043982 0.1109365 0.09527961 0.0684734 0.06551731 0.05358068 0.03658982 0.02690206 0.03462595 0.03435432 0.008670359 0.002592872 0.002398622 0.001789366 0.002855411 0.009142669 0.01001797 0.01823924 0.01817919 0.01354677 0.01304915 0.009626113 0.009271896 0.051604 0.05640482 0.05878424 0.05900511 0.05610671 0.05640257 0.05395687 0.04991845 0.05507357 0.04889732 0.04340477 0.03907504 0.03161009 0.02918547 0.02751768 0.02716827 0.02389765 
0.2380759 0.2598641 0.2281087 0.1917063 0.1784722 0.1655531 0.1409778 0.1744196 0.1177318 0.1145531 0.1123778 0.1075727 0.1060592 0.08608053 0.09737768 0.1224741 0.1244755 0.1283468 0.0814776 0.08107895 0.08835131 0.06020669 0.03630329 0.03124828 0.01798248 0.01282447 0.006694318 0.00230417 0.000638854 0.0006691068 0.000861987 0.006504037 0.01075664 0.01615717 0.01695899 0.008603835 0.006900025 0.007588003 0.01743393 0.05885992 0.05921821 0.06156774 0.06290433 0.05978161 0.0600667 0.05760802 0.05310033 0.05738632 0.05078296 0.04510544 0.04048763 0.03286598 0.03027787 0.02846061 0.02791404 0.02470333 
0.2417645 0.2523293 0.2369927 0.2420804 0.1704743 0.1336749 0.1099735 0.1646849 0.1255584 0.111436 0.08911978 0.09474479 0.09526224 0.0884373 0.09847344 0.09455237 0.1283703 0.1199723 0.07606735 0.05551047 0.02830253 0.0346253 0.01418209 0.02395713 0.009219834 0.006728528 0.005115535 0.00231344 0.0003167743 0.001071424 0.000752014 0.005235577 0.007533483 0.00969836 0.01668353 0.003167573 0.009208485 0.01266997 0.02129877 0.05583587 0.06047671 0.06362054 0.06437457 0.06563084 0.06284945 0.06044328 0.05584032 0.05920449 0.05248879 0.04664714 0.04176557 0.0341161 0.03132707 0.0293636 0.02858115 0.0252491 
0.2108325 0.1940642 0.2008129 0.2573493 0.1772238 0.1379774 0.1128518 0.1644196 0.1601527 0.1681781 0.1128479 0.1459231 0.1226981 0.07081904 0.06685632 0.08124039 0.1472764 0.1275758 0.1101783 0.07625175 0.02516945 0.02287344 0.0140066 0.01149942 0.006193312 0.004290613 0.003518631 0.001080458 0.0001473278 0.0001457973 0.0003403675 0.005214011 0.006959396 0.01010674 0.01461076 0.01776151 0.02489254 0.03400886 0.04206827 0.07065831 0.08011657 0.08494225 0.0860134 0.06848255 0.06780118 0.06544571 0.06003856 0.06158853 0.05442952 0.04828925 0.0429838 0.03418073 0.03128214 0.02912429 0.0281868 0.02560631 
0.181735 0.1606046 0.1814203 0.2081235 0.2226987 0.2003429 0.1328892 0.1975083 0.1845341 0.159892 0.1537947 0.1714668 0.1257579 0.07859334 0.122979 0.1202565 0.09492831 0.1068974 0.09053341 0.07094543 0.05170816 0.04999828 0.02471413 0.01306901 0.0094391 0.003760231 0.004609216 0.0009288383 0.000126465 0.0001199212 0.000279283 0.004290176 0.005755981 0.01014788 0.01280728 0.0158397 0.02376258 0.0320507 0.04107605 0.06803253 0.07776204 0.082954 0.0847256 0.06763366 0.06870019 0.06658653 0.061262 0.06251509 0.0550831 0.04883208 0.04338134 0.03446915 0.03129553 0.02894109 0.02777446 0.02505002 
0.1575173 0.1848764 0.1526742 0.2269298 0.1880103 0.1583999 0.1316791 0.1451261 0.1289908 0.1155451 0.1332197 0.108954 0.09920995 0.1587362 0.1008072 0.1504299 0.1461401 0.1070796 0.1170245 0.1011246 0.09451082 0.07284647 0.03249614 0.02294158 0.009197033 0.006426722 0.005315748 0.001324244 0.0003055996 0.0002711744 0.0003743435 0.004665073 0.005602697 0.01009727 0.01146025 0.01407291 0.02293739 0.03071324 0.03944293 0.06371303 0.07291379 0.07812037 0.08046422 0.07201698 0.0669748 0.0651388 0.06025854 0.0613554 0.05442765 0.04836201 0.04303461 0.03411825 0.03084359 0.02844241 0.02709383 0.02398666 
0.1724205 0.1976846 0.1490681 0.2153496 0.1920153 0.1590087 0.145617 0.1339879 0.1174634 0.1060663 0.1097708 0.08967841 0.07704771 0.1520828 0.1396262 0.1394071 0.1602597 0.1436861 0.1586058 0.1599319 0.1495744 0.09154369 0.04689265 0.05842156 0.01995371 0.01366136 0.01293886 0.001450446 0.001172367 0.0006499632 0.002174032 0.007163146 0.006506042 0.007964462 0.01052806 0.01404812 0.02199187 0.02890536 0.03694423 0.05739717 0.06583426 0.07084803 0.07356782 0.06303894 0.06470764 0.06215674 0.05815515 0.05905175 0.05362271 0.04761868 0.04261262 0.03387954 0.03065159 0.02836217 0.02690424 0.02337192 
0.1726526 0.1739312 0.2487177 0.2787087 0.2430936 0.172966 0.1595604 0.1134852 0.09643787 0.1100108 0.09527484 0.09473623 0.1672598 0.2325492 0.1951006 0.263362 0.2585489 0.2036756 0.2751084 0.2415711 0.2087522 0.1305742 0.06028095 0.0697092 0.03544724 0.02554071 0.01970265 0.01455658 0.0130294 0.01213312 0.01102006 0.01167879 0.009909361 0.010697 0.01291731 0.01041913 0.01683508 0.02206176 0.02853408 0.04599743 0.05288333 0.0574566 0.06025047 0.06773034 0.0702856 0.06799284 0.06312025 0.06098975 0.05510756 0.0495107 0.04378625 0.03537975 0.03029564 0.02685571 0.02471875 0.02489907 
0.189542 0.1664071 0.2698047 0.2876447 0.2570453 0.1807986 0.1625851 0.1671266 0.09063696 0.09467542 0.09004948 0.08293577 0.1779948 0.3287191 0.3230419 0.3824952 0.3123064 0.2985489 0.3292515 0.2456028 0.2162166 0.1698044 0.05566574 0.0529666 0.04466336 0.02928346 0.02268803 0.01869078 0.01777214 0.0144094 0.01301554 0.01253962 0.01107318 0.01086774 0.01216122 0.009219056 0.01464459 0.01896048 0.02501736 0.03929821 0.045466 0.04983322 0.05304049 0.05995322 0.06372149 0.06234476 0.05816583 0.05675079 0.05225292 0.04734431 0.04244343 0.03450927 0.03020807 0.02712488 0.02488407 0.02435959 
0.1685757 0.2258012 0.1884806 0.2407628 0.2442781 0.1750219 0.1140135 0.1162429 0.09718336 0.08898523 0.1022518 0.1131235 0.2238362 0.24226 0.2908807 0.3002873 0.3064621 0.3021805 0.4428581 0.2669207 0.2137923 0.1644662 0.1200643 0.0997733 0.06031748 0.04440529 0.03169921 0.0257965 0.02520655 0.02096006 0.01737641 0.01641714 0.01399457 0.01257945 0.01274219 0.008414526 0.01293256 0.01656478 0.02223707 0.03403169 0.03964034 0.04370011 0.04690636 0.05419075 0.05693736 0.05604432 0.05319361 0.05243328 0.0491153 0.04514154 0.04085733 0.03354331 0.03212367 0.02751679 0.02528974 0.02456453 
0.165878 0.1610326 0.1477164 0.2411252 0.156079 0.09173253 0.1088796 0.1908572 0.1138026 0.07397548 0.08086185 0.1201953 0.1574899 0.182375 0.1581168 0.2471402 0.3019952 0.3175429 0.3388037 0.2930371 0.2883504 0.2603398 0.1833856 0.1236502 0.09464042 0.07612653 0.04551948 0.04531588 0.02914047 0.03434899 0.02537945 0.02598508 0.02060862 0.01603381 0.01578541 0.008772488 0.01251666 0.01558261 0.02147071 0.03097764 0.03709567 0.03935754 0.04232617 0.04792502 0.05053658 0.0519561 0.05771764 0.05200539 0.0496363 0.04347735 0.04134608 0.03653032 0.03475655 0.02766412 0.0254563 0.02332557 
0.1854973 0.1434807 0.1655862 0.2541758 0.1488521 0.08275411 0.1036287 0.1711979 0.1237991 0.07702792 0.05943449 0.05677214 0.07927588 0.1432049 0.1571939 0.2156028 0.2232707 0.2018016 0.1460483 0.2472865 0.3810182 0.3612196 0.1999982 0.1615955 0.1244824 0.09042279 0.06337614 0.0508442 0.0447339 0.03467727 0.0256 0.03560485 0.03143622 0.02511343 0.0230155 0.01223888 0.01347661 0.01536633 0.02008313 0.02745499 0.03033301 0.0343426 0.03582525 0.03950434 0.0437701 0.05101299 0.05346179 0.05696324 0.05851133 0.05390638 0.03886554 0.0361778 0.03419009 0.02883598 0.0316059 0.02573862 
0.1565632 0.1671445 0.1521421 0.2565035 0.1533768 0.09829643 0.1001866 0.1439255 0.08958928 0.06265467 0.03346856 0.05012681 0.05880774 0.06895429 0.1028599 0.1418958 0.1078958 0.1198059 0.10237 0.1629757 0.2064755 0.3007354 0.2384608 0.1285206 0.1527652 0.1097688 0.09696325 0.07003836 0.06003045 0.05894907 0.0367954 0.04269736 0.03569141 0.03023096 0.02480607 0.01297275 0.01281588 0.01395629 0.0180725 0.02351208 0.0264699 0.02875884 0.03265001 0.0397547 0.04024652 0.04559862 0.05651991 0.05646553 0.0681342 0.07429432 0.05934468 0.07634745 0.03697021 0.04126028 0.04672401 0.03660486 
0.1566144 0.1349044 0.1465845 0.1620722 0.1516718 0.149654 0.1092711 0.09300772 0.0427549 0.0342661 0.03851593 0.08645064 0.09501341 0.1039105 0.08801057 0.09091339 0.06945579 0.06757075 0.1010282 0.1278765 0.2549449 0.2527941 0.1664873 0.1463697 0.1124617 0.09939545 0.07924006 0.09226805 0.07497136 0.07348084 0.0483965 0.06356833 0.03879828 0.0343602 0.02647744 0.01590458 0.01336984 0.0140507 0.01897305 0.02103486 0.02341179 0.02531439 0.02981427 0.03367535 0.03876379 0.03627446 0.05189994 0.05446886 0.06384149 0.06355513 0.04956493 0.05614207 0.0317324 0.03256635 0.044803 0.03068712 
0.1425611 0.1435983 0.1358037 0.1736561 0.1375664 0.1571724 0.1220755 0.08374101 0.05834776 0.04814271 0.0562644 0.1050936 0.0855837 0.08345667 0.07352196 0.09865513 0.08048224 0.07385566 0.09889598 0.1388376 0.2276525 0.2014905 0.1852713 0.1393029 0.0817971 0.07708276 0.09085053 0.1015029 0.07931863 0.08075054 0.0633047 0.06514476 0.05223745 0.03964809 0.02978703 0.0150427 0.01112446 0.01149809 0.01906507 0.02098446 0.02414171 0.02581793 0.02584747 0.03017475 0.03021339 0.03844518 0.05029473 0.05634051 0.05870266 0.04696897 0.04033375 0.04865107 0.03989442 0.04454377 0.04330794 0.05181893 
0.1722554 0.1479031 0.162866 0.1615797 0.1258191 0.09962275 0.0651859 0.1051687 0.1032833 0.08122319 0.1211943 0.1277155 0.08203146 0.07071888 0.06253492 0.07201086 0.08851328 0.08968975 0.1240583 0.1543554 0.1445519 0.15293 0.1461011 0.1167287 0.1073693 0.09857015 0.1064909 0.114599 0.09246872 0.09186748 0.09187317 0.06494335 0.05700762 0.04081737 0.03112649 0.02244958 0.01323653 0.02103549 0.02333923 0.02595336 0.03477676 0.03826672 0.03364795 0.03745345 0.03472466 0.04467501 0.04500385 0.04498325 0.04345452 0.05157446 0.03386306 0.03376131 0.03181463 0.05181915 0.04814756 0.04954202 
0.1402786 0.1898395 0.1641513 0.1588562 0.1456822 0.105132 0.05983848 0.1234697 0.1297662 0.1038819 0.0690171 0.09837923 0.09507565 0.06814033 0.04549555 0.03280495 0.03219644 0.1011906 0.1020703 0.120825 0.1642102 0.1670211 0.123943 0.1612511 0.1413638 0.1330338 0.1264703 0.1132656 0.1064945 0.09095613 0.08673895 0.06968007 0.04986155 0.03945743 0.03299018 0.02554336 0.02537087 0.02948827 0.03370785 0.03414859 0.02654727 0.02549258 0.02757856 0.02485451 0.02652739 0.03005762 0.03572702 0.04158367 0.03764534 0.04121082 0.0283561 0.0330397 0.04564637 0.04305995 0.08102705 0.07231431 
0.1712119 0.1560284 0.1285313 0.1152492 0.114955 0.05741647 0.08968552 0.138852 0.1115002 0.08590183 0.06548478 0.07934919 0.07246633 0.04531128 0.03941622 0.0483169 0.0740307 0.05067113 0.04016287 0.1020935 0.09061084 0.1298619 0.1286502 0.2124473 0.1734669 0.1477796 0.1549586 0.1170157 0.1082616 0.09530664 0.08304315 0.08150979 0.06588805 0.03758805 0.03152756 0.02998256 0.02776199 0.02667194 0.03334084 0.03297458 0.01794579 0.02151198 0.02179731 0.02326608 0.02229397 0.03431775 0.03591518 0.03137012 0.02634732 0.03688531 0.02716503 0.06111065 0.05856265 0.05237752 0.04329538 0.06651273 
0.2529815 0.1604662 0.138321 0.09731957 0.07864249 0.07430993 0.09188412 0.08592817 0.08970241 0.07478832 0.04960648 0.06002544 0.05094498 0.08426938 0.08536676 0.05744611 0.03859934 0.01837746 0.02068792 0.06288715 0.06686791 0.07482327 0.05898011 0.1903775 0.1536623 0.1599014 0.1268792 0.1248552 0.1088125 0.08437428 0.07722359 0.08413785 0.06023536 0.0373668 0.03600733 0.06227173 0.07057051 0.02670664 0.02375718 0.02206 0.02370626 0.01775739 0.02503074 0.0219103 0.03291772 0.04783675 0.03568684 0.0330815 0.02604663 0.02624562 0.04016796 0.05897617 0.05682448 0.04578394 0.04065967 0.04181368 
0.2129472 0.1574675 0.1080223 0.08204047 0.07341355 0.0705495 0.06233885 0.06778301 0.09105051 0.05457707 0.04079887 0.0546214 0.06875674 0.08218419 0.04577733 0.03775577 0.03001366 0.04006457 0.03388902 0.06861058 0.07611493 0.08646607 0.0929193 0.1376007 0.1501581 0.112407 0.08426665 0.09369865 0.1108276 0.08242758 0.06653717 0.06777409 0.0590441 0.05047496 0.02869166 0.06340885 0.1321346 0.02707456 0.02488748 0.03338156 0.0259288 0.02611003 0.03760972 0.04664565 0.04884261 0.03735471 0.03489492 0.03338657 0.02652659 0.04985457 0.071103 0.06410399 0.05310356 0.04742084 0.02993408 0.04939009 
0.1919866 0.1685016 0.07092578 0.04949948 0.0431253 0.04022917 0.04944934 0.08545577 0.06405769 0.04394565 0.03844416 0.03717758 0.04966505 0.0453774 0.04963031 0.05853485 0.04959273 0.06666983 0.05750437 0.0607156 0.08657011 0.08476925 0.09555233 0.1047063 0.1491783 0.1326239 0.08231534 0.1247045 0.1489104 0.09222896 0.06808718 0.05577887 0.06591919 0.04903213 0.02549353 0.03845771 0.04351562 0.02599427 0.02706138 0.03154549 0.03192561 0.03272237 0.03870064 0.03524575 0.04014011 0.03656146 0.03608358 0.02637328 0.04425451 0.06392042 0.07043969 0.07608592 0.05901986 0.05228344 0.04218071 0.03191172 
0.2238864 0.1506905 0.06381041 0.04098375 0.03519868 0.02936697 0.05942482 0.09799127 0.05935667 0.03964443 0.03537384 0.04902009 0.04989989 0.03599014 0.03222973 0.03919072 0.07233369 0.04732239 0.04073649 0.0471824 0.07189891 0.07899011 0.09029637 0.1031248 0.1795368 0.1606906 0.1194616 0.1054529 0.09443638 0.103135 0.08041212 0.06091562 0.0500747 0.04924165 0.02472176 0.01904521 0.02052891 0.02502961 0.02231141 0.02631837 0.03512746 0.04489569 0.04954796 0.05149277 0.04785842 0.03355704 0.03939106 0.04140188 0.05591853 0.06627051 0.06332531 0.06396388 0.04669146 0.04207604 0.04040793 0.03552061 
0.2143334 0.1299604 0.06776323 0.04630291 0.03973737 0.03469018 0.04053793 0.06206112 0.04263397 0.037543 0.02450462 0.0446532 0.05862302 0.0465797 0.04701268 0.07690741 0.07324873 0.05426283 0.05977672 0.04584658 0.05631256 0.05702192 0.06309789 0.09895888 0.1713143 0.1602634 0.1057659 0.07513112 0.07580605 0.07769918 0.06246531 0.05197483 0.03668268 0.03982765 0.02198245 0.01532195 0.01011369 0.01249709 0.0111088 0.01763952 0.03413665 0.04166242 0.03366853 0.06261974 0.05545448 0.04946044 0.05229782 0.05860547 0.04692453 0.06561778 0.06323092 0.06875245 0.0470077 0.05617186 0.04938956 0.02329495 
0.1720831 0.1547626 0.08167837 0.05909013 0.05374453 0.04609244 0.04753255 0.04249274 0.02894191 0.02694992 0.02957443 0.04146866 0.04495964 0.05187893 0.06567381 0.09667061 0.0724423 0.06123598 0.0530473 0.02867922 0.03268037 0.04219675 0.04102335 0.104821 0.165421 0.1424206 0.07446559 0.05066621 0.04524647 0.04263128 0.03689329 0.02957428 0.01922423 0.01965132 0.01294523 0.0105465 0.007690039 0.007256056 0.01003974 0.02194774 0.03009408 0.03463769 0.03901587 0.05243287 0.04886733 0.06647303 0.05807107 0.04278916 0.07274744 0.0792546 0.06283246 0.07843413 0.07712352 0.08509021 0.08043694 0.04451272 
0.133964 0.131563 0.07463645 0.06428298 0.04381184 0.03209669 0.02893455 0.03747033 0.02644773 0.0261128 0.03292128 0.0394339 0.03339495 0.05344963 0.04835312 0.06877497 0.06576735 0.0363107 0.03141576 0.02101547 0.01922214 0.03337742 0.05445148 0.09804559 0.1141819 0.1229093 0.06770851 0.04178023 0.0421248 0.03637587 0.02979675 0.0252416 0.02306129 0.01593554 0.01235575 0.009364128 0.007005964 0.007379554 0.0106724 0.01595617 0.02177574 0.02881235 0.0324169 0.03853287 0.0368877 0.05436478 0.05355321 0.03272707 0.04730309 0.09772544 0.07579121 0.09448797 0.08410951 0.08332121 0.08469617 0.07450075 
0.1354384 0.105548 0.04422356 0.03172981 0.03072608 0.03784817 0.02969897 0.02629018 0.01970189 0.02202345 0.02777739 0.03210502 0.03369987 0.02581105 0.03136754 0.05618577 0.04018161 0.04021997 0.02530035 0.02000503 0.02309984 0.04028104 0.06530395 0.1085349 0.09705915 0.06387973 0.02776816 0.03545861 0.0642049 0.04274045 0.02620951 0.01759855 0.02242246 0.01355006 0.01017692 0.008482935 0.008269582 0.008877967 0.01250691 0.02021157 0.02154229 0.02712364 0.03399093 0.03991933 0.05419822 0.04505597 0.04792828 0.04289034 0.05277711 0.05792147 0.07577235 0.06699841 0.04840844 0.0604977 0.09094459 0.044875 
0.1351655 0.09554382 0.02697914 0.02058239 0.02023913 0.02590827 0.02454047 0.02721819 0.0201159 0.01914008 0.02090128 0.03042633 0.03907038 0.04192061 0.06170072 0.06173827 0.04054629 0.03748042 0.02498262 0.0155573 0.01160174 0.02923981 0.06328721 0.09890436 0.06373917 0.04454352 0.02271764 0.02834185 0.03310045 0.02884831 0.02356591 0.01682649 0.01409594 0.01190968 0.01037901 0.009698225 0.008784252 0.01066789 0.01515302 0.0216047 0.02692297 0.03299634 0.04135635 0.04902161 0.05452694 0.04205175 0.04524153 0.05545037 0.0656627 0.05202913 0.06145298 0.05566033 0.02619303 0.06580325 0.04564571 0.05820833 
0.1333091 0.1001109 0.01892829 0.02114887 0.02363225 0.02712141 0.02665299 0.01738063 0.01906501 0.02250122 0.02499775 0.02267027 0.02601047 0.03950758 0.05331375 0.06667361 0.03591088 0.02747469 0.01789082 0.02376589 0.00996787 0.02537089 0.0547118 0.08525547 0.05631476 0.03936409 0.01800613 0.01702761 0.01440162 0.01256006 0.01100819 0.01507697 0.01229095 0.01101529 0.01106871 0.0111203 0.01208743 0.01485292 0.02043488 0.03241475 0.04283549 0.05116372 0.05339563 0.06174359 0.06191986 0.06404917 0.06242182 0.07361929 0.07320988 0.04712274 0.04796437 0.06146823 0.03242356 0.02504969 0.04059539 0.05083333 
0.1161739 0.06754231 0.01805248 0.02934044 0.02623892 0.02367174 0.02066179 0.01698683 0.01911249 0.03054606 0.02801305 0.02049064 0.02903945 0.03471117 0.03572386 0.03095603 0.0395502 0.01131974 0.01254305 0.01191823 0.008909984 0.01347659 0.02617373 0.04281848 0.03213431 0.04138524 0.0258219 0.01663247 0.01145138 0.01067996 0.009634288 0.01325748 0.01201373 0.01308413 0.01212013 0.01232827 0.0142559 0.01771426 0.02381385 0.04104613 0.05115984 0.05612429 0.05868075 0.06241776 0.06439632 0.07289909 0.06377727 0.06075574 0.04743406 0.03659347 0.07962744 0.05832621 0.02270143 0.02360595 0.03858105 0.04775 
0.092906 0.0466471 0.01045586 0.02996745 0.02318067 0.01791991 0.01562035 0.0156975 0.01919696 0.01721703 0.0235404 0.02068974 0.02322496 0.08265995 0.02811535 0.01801331 0.0197429 0.007627822 0.007502832 0.03118289 0.01828141 0.01361333 0.02028856 0.02940615 0.01622934 0.01215741 0.01029948 0.009766322 0.009298968 0.008803244 0.008282065 0.0131295 0.01501556 0.01580412 0.01684596 0.01425922 0.01616773 0.02137168 0.02818993 0.04520342 0.05471225 0.0616997 0.06814329 0.06936253 0.07262448 0.07691691 0.08491025 0.05153845 0.03293635 0.03548631 0.06323193 0.03448205 0.02240566 0.02085452 0.02600265 0.03279166 
0.110558 0.07129633 0.01310878 0.02177675 0.02226359 0.01725587 0.01702885 0.01831119 0.0185202 0.01901451 0.02057652 0.02335226 0.01979498 0.02414144 0.04134733 0.01370789 0.03289513 0.0124765 0.007316917 0.02651136 0.02309975 0.01290178 0.01279087 0.01773169 0.01105051 0.01045355 0.009011754 0.009726504 0.00813572 0.0105743 0.01598162 0.01233323 0.01442769 0.01668845 0.01913983 0.02178108 0.03753183 0.02546998 0.03389272 0.05125174 0.06099729 0.0666499 0.07067056 0.0695876 0.07627942 0.09983204 0.0736987 0.04141433 0.03541841 0.03679114 0.07768623 0.03579137 0.02283727 0.02351023 0.02126937 0.02475 
0.1063117 0.05075622 0.004563723 0.003747144 0.002180237 0.002221164 0.001901392 0.007177596 0.007379989 0.003786999 0.00909904 0.01912319 0.02436553 0.06357699 0.08840737 0.01551424 0.01191171 0.01001465 0.01948943 0.02360162 0.01891203 0.01252807 0.009213788 0.004356095 0.003560619 0.002501897 0.002102176 0.002236965 0.002231504 0.006969356 0.002806379 0.008733886 0.01218928 0.01528159 0.01740189 0.0407124 0.1922116 0.03925203 0.04492069 0.07541782 0.08924147 0.1046257 0.1028575 0.07783974 0.08781824 0.1117038 0.08961581 0.06398393 0.05613852 0.06902114 0.04128601 0.03529166 0.026625 0.02304167 0.032875 0.03470833 
0.07890572 0.03079253 0.004478155 0.002355341 0.00230362 0.001050663 0.001692277 0.005745959 0.007040955 0.002487825 0.005239888 0.01563486 0.0293885 0.03491708 0.02272986 0.01567123 0.01416235 0.01247133 0.01779816 0.01244628 0.01073764 0.009530201 0.009571887 0.002095556 0.002201564 0.00197466 0.002856674 0.001936081 0.001935311 0.001945579 0.001988221 0.01012344 0.01123847 0.01305192 0.0175104 0.0327871 0.03487212 0.04311637 0.05355905 0.08528934 0.1000289 0.1069978 0.101042 0.08634406 0.1020234 0.1090486 0.08286347 0.06065666 0.05062358 0.05094821 0.0493606 0.036625 0.03283333 0.03845834 0.0545 0.05216667 
0.0585234 0.02060767 0.001918361 0.004204751 0.003306071 0.002495704 0.001720325 0.006320746 0.002928245 0.001871621 0.001159675 0.0121959 0.01737697 0.01671127 0.01323212 0.01857785 0.01320687 0.007533048 0.004915012 0.009141773 0.01371005 0.009042063 0.005212612 0.001577095 0.001629069 0.001640022 0.00163712 0.001704874 0.001762852 0.00175126 0.001862431 0.01042685 0.01191232 0.01477068 0.02134247 0.03261358 0.04043785 0.04818885 0.05619494 0.09183922 0.1058119 0.1099165 0.1027076 0.09236556 0.09545993 0.09624688 0.0785099 0.05728856 0.07510674 0.05579942 0.04933092 0.03945833 0.037 0.063625 0.06554167 0.06166667 
0.04650876 0.01944515 0.002493174 0.004565564 0.00328345 0.004293326 0.0033604 0.002521684 0.003392585 0.004946506 0.00187353 0.0105715 0.009687109 0.008865861 0.008644952 0.01259264 0.01218733 0.006388093 0.004656452 0.009156047 0.01137263 0.00868739 0.004637244 0.001378506 0.001433345 0.001397824 0.001773871 0.001477342 0.001487424 0.001586549 0.00347149 0.01068956 0.01191239 0.01546056 0.02100782 0.0363899 0.04268309 0.04894062 0.05915413 0.09182125 0.1066683 0.111124 0.1087969 0.0878417 0.0790706 0.08518464 0.07619064 0.06097699 0.06196759 0.0556615 0.04598508 0.04645833 0.06866667 0.07366666 0.06433333 0.05775 
0.04207008 0.01392739 0.007300312 0.002669101 0.001642386 0.00352416 0.001848553 0.002901713 0.00145922 0.002092808 0.004134906 0.001040378 0.002209879 0.001665178 0.0009063324 0.01287725 0.013658 0.01189151 0.00144074 0.001502879 0.0008841834 0.0008526568 0.0008338773 0.0008911039 0.001825786 0.006482924 0.005183986 0.001786193 0.001000512 0.001184713 0.004343667 0.01057201 0.01262501 0.02022922 0.02494533 0.04450759 0.05487485 0.0615514 0.05994328 0.09136696 0.1033713 0.1057797 0.1012685 0.08123076 0.07860789 0.08456541 0.08124045 0.042875 0.04712499 0.05383332 0.03216667 0.0565 0.06741667 0.06729167 0.06016666 0.04770833 
0.03691508 0.01044174 0.006831596 0.001598088 0.002014296 0.008293572 0.004347829 0.02081239 0.01186508 0.00161979 0.005298922 0.002229691 0.002912738 0.002939436 0.00222845 0.03364579 0.006467483 0.0007859946 0.002680386 0.000868406 0.0008157268 0.003532457 0.01049735 0.0134676 0.004578238 0.002839357 0.002417655 0.0007849075 0.0008118389 0.002890819 0.006551765 0.01149447 0.01414796 0.01798452 0.0261983 0.04307808 0.05171191 0.05422565 0.06536897 0.08922343 0.1004447 0.1052872 0.1036117 0.08275544 0.08115491 0.07907807 0.07969347 0.02866667 0.03183333 0.033125 0.02104167 0.03845833 0.05466666 0.05145833 0.043375 0.04220834 
0.02125896 0.01042143 0.0004745472 0.006437073 0.001237465 0.001767702 0.00474784 0.03033445 0.02518295 0.009903378 0.007218009 0.005356939 0.003230809 0.008464664 0.0102663 0.03199022 0.001794347 0.000729057 0.001713924 0.003634093 0.001612026 0.01373621 0.02150033 0.0176393 0.003152171 0.001077723 0.00783499 0.003710677 0.0006583596 0.004285166 0.008322237 0.012192 0.01484849 0.01830327 0.02301791 0.0403934 0.04625908 0.05286274 0.05926568 0.09134682 0.1196844 0.1037882 0.0989569 0.0836826 0.08364048 0.08280097 0.08721907 0.010375 0.01454167 0.01108333 0.005125 0.02154166 0.04375 0.04354167 0.04008333 0.02941666 
0.02293827 0.01309104 0.001362461 0.001352903 0.001244269 0.002423412 0.005058568 0.03098424 0.03374354 0.01709189 0.008684222 0.01374092 0.01279147 0.006537206 0.009674037 0.02751957 0.005154371 0.003511243 0.009021052 0.01397895 0.005020346 0.005136072 0.006530321 0.003574052 0.00670789 0.0003733032 0.0004030585 0.001791862 0.003375022 0.006294794 0.009868587 0.01237898 0.0148137 0.01804279 0.0226707 0.0356644 0.04435433 0.0508981 0.05686494 0.08208138 0.09612186 0.1005255 0.1024031 0.08770867 0.08287308 0.08364091 0.07048797 0.004625 0.009 0.01695833 0.004041667 0.021625 0.02633333 0.03554166 0.03833333 0.03475 
0.03087836 0.009654132 0.01423518 0.01794133 0.001611853 0.004449556 0.005990612 0.01810844 0.02310785 0.002008995 0.001853754 0.001904096 0.003736837 0.002104115 0.007297126 0.01833845 0.006894459 0.00139623 0.001029624 0.0003051535 0.0006622854 0.0002227765 0.0001932795 0.0005313995 0.0003768865 0.001491567 0.00614665 0.008744826 0.01019818 0.006738121 0.008396174 0.01059214 0.01370136 0.01634788 0.02157024 0.03701582 0.03971579 0.04320137 0.04387588 0.08180103 0.0923159 0.099717 0.1177673 0.0995717 0.09596429 0.09640308 0.0822864 0.004333333 0.01133333 0.01729167 0.01979167 0.0265 0.02658333 0.03458333 0.03895833 0.02595833 
0.02337312 0.01098618 0.0006814196 0.006106317 0.001382274 0.0004494092 0.001879712 0.001223094 0.001763285 0.009970909 0.00153337 0.001084934 0.000896716 0.0009711689 0.0008068281 0.004728718 0.006281835 0.007307077 0.0003385648 0.0002385153 0.000189885 0.0001519175 0.0001245742 0.0006910262 0.002244555 0.005474406 0.003027588 0.004632739 0.00422766 0.006515379 0.00894904 0.01021937 0.01370142 0.01721155 0.01983539 0.02724096 0.03679104 0.03925144 0.04194815 0.07363031 0.0835482 0.1019211 0.09880776 0.09500333 0.0967005 0.09861328 0.0838448 0.002416667 0.01491666 0.01116667 0.005333333 0.02220833 0.035375 0.036125 0.03195833 0.016625 
0.03648178 0.009804525 0.001154001 0.003506594 0.0008355268 0.002167008 0.0004127968 0.0008136192 0.001439933 0.001968872 0.001945982 0.0005713076 0.004054042 0.001838928 0.001937842 0.001362559 0.002163584 0.0003164952 0.001454118 0.001892085 0.00332145 0.008310926 7.865601e-005 0.0001540327 0.0004658581 0.0001847247 0.001380274 0.00762287 0.005818568 0.00697351 0.009127052 0.009791873 0.01252024 0.01518151 0.0182164 0.02556877 0.03552074 0.03650805 0.03854714 0.06558457 0.07470109 0.09405355 0.08552869 0.08635212 0.0943056 0.08895691 0.06914606 0.0005 0.01 0.01320833 0.002583333 0.01766667 0.02895833 0.03208333 0.026 0.009791667 
