ncols         56
nrows         54
xllcorner     28.264
yllcorner     -5.7719999999999
cellsize      0.25
NODATA_value  -9999
0.1659098 0.1446033 0.1539874 0.1369521 0.1327403 0.1642389 0.1548367 0.1595898 0.2007242 0.1206209 0.1610831 0.2614123 0.2296949 0.1513748 0.1146431 0.1153156 0.1010664 0.06448795 0.0639708 0.1097311 0.1056497 0.09436564 0.09139465 0.1392171 0.1511235 0.1457023 0.1070993 0.1297922 0.1051631 0.08951833 0.07722556 0.07655875 0.09365319 0.1001131 0.07766946 0.08196507 0.04916542 0.04186886 0.01989167 0.01968441 0.01067024 0.01595015 0.01469236 0.02536716 0.03661766 0.03110369 0.03919208 0.03560593 0.06236016 0.07549223 0.07563123 0.08636735 0.08824021 0.08271054 0.07947729 0.06339288 
0.2141619 0.1983193 0.1524004 0.1841653 0.1930664 0.1897079 0.1798015 0.163174 0.2663427 0.1612654 0.09413107 0.1021673 0.1149126 0.08905859 0.08411781 0.09999418 0.129923 0.1182403 0.1297168 0.1192416 0.09664834 0.1061383 0.1154855 0.1382341 0.1304409 0.1210185 0.1067599 0.1325146 0.1317647 0.07529137 0.0709229 0.108204 0.1023879 0.09884258 0.09274463 0.07680193 0.05260734 0.03513969 0.03614299 0.03236209 0.02345222 0.02154857 0.02743232 0.02937932 0.0289511 0.02642892 0.03873046 0.04291799 0.05304505 0.06684837 0.07994649 0.07695451 0.1086114 0.1116075 0.06992524 0.04634855 
0.2022125 0.2407184 0.1965492 0.2244503 0.2025196 0.1603544 0.1764597 0.1581052 0.2025835 0.116804 0.07004274 0.07203793 0.08954433 0.09994838 0.1551813 0.1384752 0.1626865 0.1768028 0.1628665 0.126514 0.1120865 0.1086367 0.1222951 0.1283302 0.1316857 0.1088945 0.1111218 0.1199068 0.1145731 0.1129233 0.06798976 0.1240625 0.1308626 0.1307355 0.1163345 0.1014796 0.07591098 0.08986364 0.05524798 0.03971065 0.03948944 0.03629252 0.03950844 0.02628887 0.02458093 0.03540417 0.0399936 0.0514917 0.06021607 0.08266062 0.1131105 0.08109368 0.08322766 0.07455657 0.0796173 0.04074196 
0.1998989 0.1989047 0.2155678 0.2765827 0.1985909 0.1633596 0.186081 0.1622481 0.1673591 0.1526254 0.109123 0.09922887 0.1043438 0.1402406 0.1758219 0.1559592 0.1506544 0.1315713 0.1220509 0.1534487 0.1306614 0.129672 0.1297895 0.1482583 0.1265025 0.119289 0.1433598 0.1757952 0.1438816 0.1111936 0.08800698 0.1128629 0.1221868 0.1121966 0.12252 0.1072666 0.09448946 0.08157214 0.05183593 0.07026752 0.0749739 0.05869069 0.04769881 0.05578066 0.07125559 0.05401507 0.04921542 0.06458803 0.07555998 0.09151345 0.0907209 0.07792258 0.1055967 0.07036311 0.07360912 0.05524638 
0.201955 0.182512 0.2248742 0.3701846 0.2768013 0.1668516 0.2114133 0.185827 0.1695972 0.1626482 0.1354775 0.1164311 0.1211187 0.1201551 0.1000629 0.120229 0.1506139 0.1544406 0.1063822 0.1241246 0.1109377 0.1092111 0.1313669 0.1793409 0.1683822 0.1454011 0.1236845 0.1260549 0.1169564 0.09543601 0.08475413 0.1277059 0.1110208 0.1056727 0.125479 0.1072401 0.08249977 0.04302373 0.03319443 0.05820031 0.08209709 0.0829842 0.07187171 0.0898598 0.09381183 0.08696785 0.07557534 0.08502667 0.1009654 0.1070627 0.07984678 0.07029738 0.06634579 0.05265078 0.05730044 0.04178767 
0.1822297 0.1437261 0.1373534 0.1993314 0.2651479 0.1991114 0.1908554 0.1777856 0.1124592 0.09907753 0.09705331 0.08590832 0.1060123 0.09401247 0.06809719 0.1248914 0.1062921 0.1645135 0.07499202 0.08268487 0.07955846 0.08696231 0.1251937 0.1906744 0.1998967 0.1635858 0.1287133 0.1593634 0.1138424 0.1085839 0.1170645 0.1323729 0.1134076 0.1304157 0.1214149 0.115626 0.08186739 0.04459032 0.03987341 0.05656496 0.07239255 0.07860801 0.08363529 0.1062576 0.1254957 0.09982295 0.09890681 0.09590509 0.09493703 0.08004702 0.07075109 0.06661616 0.06047929 0.05903777 0.05025246 0.0479655 
0.212198 0.1956533 0.1554594 0.1616537 0.2546673 0.2337745 0.1742938 0.1393254 0.1223565 0.0783717 0.08115894 0.1303266 0.09855091 0.09294204 0.074421 0.1131686 0.1022766 0.100014 0.06640492 0.07362681 0.09573491 0.1021918 0.1072267 0.1517501 0.1481141 0.1657454 0.1597641 0.1088378 0.08932181 0.109686 0.155412 0.1259086 0.1279719 0.1503109 0.1202757 0.1017169 0.08283869 0.04564655 0.04802855 0.06731506 0.08495183 0.08950188 0.09054888 0.09883809 0.1109186 0.08912364 0.08198218 0.1124202 0.07287068 0.0649683 0.07691932 0.07172343 0.06837691 0.0689534 0.06600858 0.06256796 
0.2212188 0.2619276 0.1620242 0.1436065 0.2348712 0.164841 0.1190173 0.1789448 0.1437605 0.1355804 0.17025 0.1363084 0.1049594 0.09463786 0.1014035 0.1275107 0.1224944 0.1023896 0.0944508 0.09256639 0.1093786 0.1121677 0.1089126 0.1416065 0.1384354 0.1412231 0.1303378 0.1281766 0.1555659 0.1760812 0.161064 0.1544156 0.1848667 0.180385 0.122283 0.09534282 0.08730691 0.07099671 0.06326122 0.05720348 0.07532331 0.1127656 0.1055802 0.1098067 0.1120801 0.0935453 0.09487919 0.08166227 0.08282607 0.08412021 0.08481944 0.08021929 0.06867225 0.07167006 0.08016096 0.08451749 
0.2191909 0.1907419 0.1468912 0.1586808 0.1545314 0.1641473 0.1333299 0.1308978 0.1581404 0.2204579 0.1641255 0.1301031 0.1194637 0.1370705 0.1324595 0.141123 0.1069711 0.09258734 0.09677275 0.1077797 0.1376853 0.110287 0.1028861 0.1133223 0.107799 0.1044936 0.07894514 0.1220798 0.1417152 0.1215872 0.1147989 0.1290286 0.1494724 0.1342444 0.1342668 0.1061898 0.07023196 0.0788208 0.08411787 0.07515018 0.08702736 0.1052167 0.144694 0.1483567 0.1186302 0.1006164 0.08143348 0.0997733 0.08018266 0.06842543 0.06739312 0.06098706 0.07166111 0.08836679 0.08867437 0.06284802 
0.2365079 0.2293091 0.1756314 0.1193614 0.1284055 0.1251642 0.09810051 0.1063331 0.1297989 0.167713 0.1338835 0.1431645 0.1599051 0.1964273 0.1538623 0.1214914 0.1144539 0.1074226 0.1126668 0.1432861 0.1325679 0.116785 0.1237137 0.1157669 0.07577748 0.07402153 0.04405365 0.06417564 0.09105583 0.05305669 0.05162517 0.06462663 0.1064452 0.1102319 0.1102275 0.1049555 0.07289094 0.0836269 0.08859379 0.07328685 0.08353515 0.07489488 0.09428582 0.09936772 0.1046242 0.08968479 0.0815485 0.06708281 0.05583326 0.05199909 0.07516908 0.05476026 0.06205478 0.06505032 0.04900078 0.03980278 
0.2107352 0.1906766 0.1580859 0.1187299 0.153024 0.1834439 0.1145281 0.1545012 0.1695617 0.1553394 0.1384205 0.1628473 0.1555536 0.1831726 0.1537723 0.1356401 0.1362494 0.1264975 0.1199435 0.1473192 0.1391847 0.1373988 0.122957 0.1145543 0.06119893 0.05054102 0.05134248 0.02460255 0.04177042 0.0325652 0.02916262 0.04640375 0.08370056 0.08311298 0.05804184 0.09272151 0.0742414 0.07195576 0.08030027 0.06745592 0.06420849 0.06516244 0.0741784 0.08092377 0.06894248 0.05492328 0.0484572 0.03901381 0.04512626 0.0504951 0.06174639 0.06502388 0.05498799 0.04170059 0.03128241 0.02570427 
0.2303889 0.2457091 0.1749524 0.1769462 0.3030435 0.2010737 0.1733728 0.2154456 0.1866107 0.149494 0.1419168 0.1608711 0.167959 0.1750531 0.1608057 0.1758318 0.1793422 0.1658133 0.1616822 0.1681263 0.1794859 0.1687604 0.1428118 0.1223255 0.08499821 0.06368453 0.04578489 0.03845309 0.04035073 0.03130016 0.03462657 0.03581819 0.04799779 0.05628971 0.08162448 0.07358678 0.06513861 0.05645119 0.06784786 0.08244763 0.0686345 0.06835943 0.06478316 0.06268238 0.0566902 0.05171178 0.04569201 0.04683071 0.05810383 0.05689386 0.05154781 0.05578295 0.04951128 0.03693067 0.03216011 0.02543934 
0.2734123 0.2693294 0.2373584 0.3078528 0.2603234 0.1856429 0.1745869 0.2008807 0.2013197 0.189211 0.1559631 0.1557689 0.170527 0.1700877 0.2052854 0.2182067 0.2043506 0.2042942 0.1920595 0.1854847 0.1671812 0.1475375 0.1358801 0.1158783 0.0795271 0.05313507 0.03952032 0.0376216 0.03684865 0.0310784 0.03497699 0.04366458 0.02644872 0.03316338 0.03773955 0.05136957 0.06163571 0.04889542 0.05729338 0.06760644 0.06075051 0.0529107 0.05718754 0.06659936 0.05945801 0.04903513 0.05382416 0.0609321 0.06052738 0.05474528 0.04862735 0.04538701 0.04418189 0.03163618 0.02906956 0.01922068 
0.2736204 0.3057983 0.304543 0.3567232 0.2385981 0.1777857 0.1765338 0.2000235 0.184268 0.1755813 0.1629997 0.1780316 0.2118155 0.2066121 0.237574 0.2563834 0.2371359 0.2146327 0.2078964 0.2249634 0.1664001 0.1434721 0.1367328 0.1383438 0.0754572 0.04463246 0.03186252 0.02396931 0.02816532 0.04537181 0.02546773 0.02395706 0.02124012 0.02285361 0.0246478 0.04180073 0.0458222 0.03622138 0.03961789 0.06672885 0.07025237 0.05847188 0.05935567 0.05982409 0.06192412 0.05808894 0.05803661 0.06012432 0.05477334 0.05410885 0.04519132 0.02915739 0.02944743 0.02995959 0.0269552 0.02033983 
0.2779057 0.2772754 0.3683512 0.4027458 0.2533631 0.2107746 0.2218233 0.1876733 0.233215 0.2082789 0.1701145 0.1795021 0.2356824 0.2386453 0.2692706 0.2786247 0.2555441 0.2405874 0.1988145 0.1411649 0.1182613 0.121179 0.1492733 0.1453364 0.08466373 0.04422485 0.0481697 0.0183319 0.03115572 0.03809968 0.0129649 0.01783306 0.02103755 0.01595915 0.02267002 0.01883498 0.0191338 0.01261686 0.01281154 0.03949839 0.05313255 0.06274737 0.05139065 0.06275576 0.07321355 0.05896782 0.04328965 0.05086143 0.05218257 0.05604615 0.05292578 0.03514697 0.03095407 0.03437776 0.02554335 0.02392917 
0.2722665 0.3093228 0.351303 0.3532183 0.2671843 0.1778723 0.2220302 0.2549763 0.2173105 0.2413458 0.1995521 0.1837755 0.2172042 0.2257338 0.2354712 0.2573168 0.2474981 0.2200222 0.1818111 0.151325 0.1569284 0.1511799 0.1326784 0.1529291 0.1093255 0.05491472 0.04600096 0.02706051 0.01762921 0.02075939 0.01226335 0.01870333 0.0217994 0.01891039 0.02584607 0.02758777 0.02150254 0.01771599 0.01931168 0.03611413 0.04307201 0.05054576 0.04968374 0.06308617 0.07935021 0.08047401 0.06322572 0.05095835 0.05244547 0.0596812 0.04677497 0.03982016 0.03611004 0.02947537 0.02419234 0.02623555 
0.2137613 0.2403752 0.2453033 0.228076 0.2207413 0.2147799 0.2189719 0.2825334 0.2682842 0.2193425 0.2039502 0.1906005 0.2056597 0.221926 0.19255 0.1881983 0.2116505 0.2031027 0.2045484 0.2073908 0.1938726 0.1600132 0.1255845 0.1453437 0.1057007 0.07413714 0.04715355 0.04434321 0.02601497 0.01435257 0.01323847 0.01828785 0.01880255 0.02124382 0.01882423 0.01754624 0.01734229 0.01717716 0.01895415 0.03450824 0.04786337 0.05277682 0.05392025 0.04098843 0.05607349 0.06264389 0.07482799 0.06114238 0.05014427 0.04176047 0.03161984 0.02593929 0.02445727 0.02732542 0.02699749 0.04061035 
0.1881042 0.2047901 0.1914666 0.1938322 0.2242253 0.2407435 0.2191569 0.2587465 0.2955511 0.2368586 0.2105939 0.1992816 0.2244928 0.2592689 0.2122944 0.2026097 0.2176658 0.231154 0.2479866 0.2394334 0.2313779 0.1798343 0.131056 0.1333914 0.09584329 0.09443102 0.07217975 0.05876012 0.04367762 0.02417979 0.01515108 0.01908233 0.01892067 0.01826483 0.01829975 0.01324835 0.01341318 0.01521685 0.01749474 0.03299183 0.06021652 0.07234461 0.04907796 0.03610108 0.03925297 0.04569464 0.06668368 0.05376001 0.04503942 0.03749697 0.03193739 0.02696053 0.02739055 0.02366657 0.03757565 0.05988359 
0.2133045 0.2190921 0.1822027 0.1991614 0.2205172 0.2252247 0.2356848 0.2533589 0.2157975 0.2425004 0.2016363 0.1917122 0.2033038 0.2209996 0.221007 0.2630062 0.2576832 0.2617417 0.3002239 0.322083 0.2417372 0.1671606 0.1194043 0.1225474 0.112942 0.1081749 0.08675347 0.0673423 0.0519942 0.04022596 0.01971374 0.02257057 0.02065282 0.02002763 0.01828546 0.01274841 0.01248333 0.01420873 0.0151522 0.0276771 0.02982354 0.04484354 0.05166026 0.04670655 0.04818154 0.04286578 0.03829252 0.0327276 0.03881345 0.03797655 0.0348538 0.03939091 0.04060038 0.03777272 0.04004082 0.03993367 
0.2428626 0.2085972 0.2187342 0.194879 0.156772 0.1964448 0.2532198 0.2273148 0.1901788 0.2112514 0.1685793 0.1668555 0.1738715 0.2104203 0.2654933 0.2765032 0.2950004 0.287682 0.3034732 0.2767502 0.225489 0.1837083 0.13583 0.1253399 0.0961778 0.08676811 0.07939536 0.07630064 0.06258785 0.0529201 0.04786963 0.03248868 0.02823297 0.02492047 0.02337196 0.01090175 0.009214307 0.009937982 0.01165558 0.02400856 0.02897389 0.04531753 0.06514849 0.04396253 0.05031393 0.03780776 0.02948211 0.02632393 0.02691773 0.02530378 0.03137884 0.04707022 0.03492143 0.04514007 0.04597012 0.06772961 
0.2153924 0.3185092 0.3244126 0.2444673 0.1972882 0.1988895 0.2347865 0.2288741 0.2040032 0.1970957 0.1643803 0.1648734 0.1810597 0.2184651 0.2073916 0.2592567 0.2749006 0.3019521 0.3429625 0.2769542 0.2238225 0.2197299 0.1526369 0.1357101 0.1109392 0.08800106 0.08682126 0.08650566 0.07997886 0.06317158 0.0443734 0.0438551 0.03808352 0.02569016 0.02309608 0.01053557 0.008507967 0.008361632 0.01006431 0.0185625 0.02238229 0.05090576 0.05631641 0.04212001 0.043302 0.02854702 0.02812884 0.02367642 0.0290653 0.03397502 0.0288864 0.03033433 0.03601108 0.04402338 0.06202214 0.1048376 
0.2409315 0.2741385 0.2651657 0.2497539 0.2284399 0.2123566 0.2635494 0.2742447 0.2002621 0.1837053 0.1708263 0.1644356 0.1797251 0.1894623 0.1781427 0.238405 0.2636289 0.2780866 0.2805367 0.2717293 0.2555862 0.2250232 0.1851693 0.1626205 0.1473267 0.1073073 0.09497815 0.08744407 0.0833773 0.07197373 0.04015996 0.04853963 0.04379267 0.03124146 0.03140924 0.01032609 0.009195265 0.008019359 0.008750304 0.01670907 0.02289156 0.03428047 0.02349877 0.02440858 0.02280866 0.02212383 0.01791083 0.01759158 0.02452553 0.02366161 0.03408105 0.05102219 0.08650235 0.08737353 0.07288111 0.1038703 
0.2963343 0.2799965 0.2380666 0.2265395 0.2251707 0.2420647 0.2829745 0.3109998 0.2932244 0.1921598 0.1486937 0.1431051 0.1911567 0.1995822 0.1878934 0.2107909 0.2431832 0.24922 0.2198861 0.233342 0.2208728 0.2389242 0.2127239 0.2257483 0.210554 0.1528466 0.1154967 0.1027494 0.08681364 0.06156543 0.04801259 0.05038732 0.04340557 0.04543632 0.03768737 0.01296531 0.01099377 0.00948303 0.009404933 0.01833645 0.01981252 0.01971702 0.01510893 0.01554878 0.01417894 0.01351127 0.01378809 0.01707452 0.02467768 0.02900866 0.03123566 0.04639723 0.1043801 0.1194548 0.06607769 0.07846448 
0.2586342 0.2454855 0.2006975 0.2075858 0.2178175 0.2405072 0.2997772 0.3363919 0.2604834 0.1884235 0.1711921 0.1710497 0.175159 0.1951273 0.1955649 0.2047282 0.1932223 0.1916401 0.190565 0.1779357 0.1723601 0.2035471 0.1735896 0.3042934 0.3226802 0.2319248 0.1449205 0.1426175 0.1301174 0.09774344 0.08957967 0.07107074 0.05394599 0.04936919 0.04717151 0.02790146 0.02218602 0.01560497 0.01561207 0.01692219 0.01483514 0.01451904 0.01344102 0.007382044 0.006283725 0.0058543 0.005848391 0.006917117 0.01464284 0.01970835 0.0207863 0.04529946 0.08241001 0.0499624 0.05551056 0.05976395 
0.2297819 0.188647 0.1541346 0.1735428 0.1844012 0.1738371 0.1712746 0.2468574 0.1836276 0.2407262 0.2632042 0.1997566 0.1787825 0.2073544 0.2190913 0.1957995 0.1864907 0.1970581 0.1960356 0.1556105 0.1839703 0.2431289 0.1918222 0.2464401 0.2297025 0.2417189 0.168555 0.1548958 0.1703286 0.1505502 0.1179651 0.09287915 0.06694535 0.05992732 0.05244246 0.05967481 0.04578891 0.02505803 0.02068367 0.01953111 0.02870967 0.01925896 0.02404908 0.01780612 0.005929942 0.004305187 0.003849366 0.002544797 0.002917364 0.008736896 0.01723251 0.0287544 0.03046879 0.0255813 0.02951864 0.02502485 
0.2187675 0.1695255 0.1556014 0.1736188 0.1597905 0.1534026 0.1373123 0.1662465 0.1572314 0.1968613 0.2559949 0.2260916 0.1841246 0.1814355 0.2018379 0.2028895 0.1924165 0.2155472 0.1631261 0.1717482 0.1694319 0.2544605 0.2149107 0.2447504 0.2275154 0.2243257 0.1948868 0.1916822 0.17537 0.1591507 0.130486 0.09784675 0.07377004 0.07116907 0.0586816 0.06331568 0.06311034 0.05692232 0.0418643 0.03764658 0.03755596 0.03209194 0.01672059 0.007613649 0.004547065 0.003836798 0.005704565 0.003517214 0.004082248 0.005313978 0.02604939 0.02111829 0.01360448 0.0231244 0.03048006 0.02366617 
0.210644 0.1356427 0.1669069 0.1679929 0.1072118 0.09546392 0.1361242 0.2197673 0.197992 0.1807954 0.172563 0.2449134 0.2098558 0.1925429 0.2261891 0.2048849 0.1901666 0.2078018 0.2325226 0.1571044 0.1448945 0.1750288 0.1804285 0.2334147 0.2202445 0.2221135 0.2121631 0.2263651 0.1751035 0.15728 0.1268872 0.1072991 0.08749866 0.0827928 0.06282541 0.04567211 0.05882258 0.06647897 0.0503334 0.04494173 0.04417299 0.04049812 0.02889182 0.00664593 0.005609603 0.007978603 0.007527243 0.006369669 0.007719284 0.006111633 0.009451923 0.01510779 0.02024263 0.02321455 0.02423683 0.02799585 
0.1915953 0.151444 0.1456003 0.1717074 0.1489351 0.1126366 0.1221119 0.2116924 0.1986461 0.1996532 0.1993064 0.2330737 0.2210235 0.2137021 0.2429881 0.2434607 0.216759 0.2090265 0.2175697 0.1935386 0.1786652 0.1848268 0.1970065 0.2105711 0.2044239 0.2115911 0.2146366 0.2138509 0.1743612 0.1561997 0.1281434 0.1018271 0.09691422 0.06446376 0.05326004 0.04400636 0.03424269 0.03164965 0.03784922 0.05567959 0.04545778 0.03975446 0.0162933 0.01213701 0.01065805 0.01027797 0.01070645 0.008695821 0.01128941 0.01199878 0.009920407 0.01074559 0.01977324 0.04069705 0.03464377 0.03771431 
0.2226916 0.2048768 0.1466151 0.2061099 0.1654506 0.1291456 0.1340887 0.2094688 0.246426 0.2567383 0.2444341 0.2627857 0.233857 0.2411372 0.2601594 0.2311939 0.224769 0.2116549 0.2140863 0.1967426 0.1896695 0.2106487 0.2235185 0.2252944 0.2792171 0.2578154 0.2228596 0.2276008 0.2000638 0.1695416 0.1295452 0.1141881 0.1026843 0.06020185 0.0521035 0.03895056 0.03250744 0.03005096 0.03241372 0.02785377 0.03569371 0.02526252 0.017467 0.01325241 0.01258969 0.01069719 0.01035297 0.01231995 0.00918 0.009095815 0.009137661 0.01600502 0.02850342 0.04424632 0.03674894 0.03987145 
0.2496271 0.2082765 0.1938241 0.2052077 0.1654986 0.1453959 0.1685192 0.2599536 0.2391566 0.2678325 0.2404196 0.2645265 0.2422709 0.2428311 0.2366936 0.2270529 0.2385148 0.2141491 0.1998099 0.1895835 0.192488 0.1999976 0.2245525 0.2617927 0.3272055 0.2850848 0.2401468 0.2243193 0.1827996 0.1653856 0.1334819 0.1204773 0.103023 0.0662434 0.06268938 0.04891706 0.04314074 0.04871596 0.03680915 0.02878503 0.02497035 0.02210939 0.01833853 0.01495157 0.01307374 0.01124467 0.01161498 0.01189046 0.02136442 0.0144318 0.01243518 0.02011472 0.02388366 0.03255102 0.02534736 0.02347347 
0.2223194 0.2517106 0.2491774 0.2062804 0.1682202 0.1593646 0.1839329 0.2458964 0.2642511 0.2953453 0.2659515 0.2600247 0.2380349 0.2380387 0.2524994 0.247181 0.2032815 0.1951771 0.1883086 0.2037442 0.2479907 0.1931457 0.1840389 0.2502694 0.2359474 0.2471776 0.229506 0.2182463 0.18007 0.161607 0.1397453 0.1399603 0.09988357 0.0744867 0.0728832 0.07660213 0.06276431 0.04671356 0.03174566 0.02851807 0.02778885 0.02156311 0.02103797 0.01450642 0.01499111 0.01451236 0.01534633 0.0229769 0.02121535 0.0179383 0.01837933 0.02338468 0.01821594 0.01800949 0.02780314 0.005228375 
0.3042055 0.3245678 0.2987783 0.2381035 0.1905775 0.1860795 0.1806507 0.2526988 0.2761374 0.3356007 0.3290849 0.2845966 0.2608201 0.2563824 0.2366585 0.1796397 0.1776004 0.1883795 0.2388183 0.2657674 0.2719702 0.2117827 0.2021577 0.2373355 0.2974713 0.2544395 0.2239644 0.2040016 0.1710854 0.1365149 0.1198684 0.152643 0.08678073 0.06537328 0.06243058 0.08693687 0.09343107 0.04709347 0.0369255 0.02503416 0.02126318 0.02116702 0.01991872 0.01277016 0.01313331 0.01202708 0.02993843 0.0281425 0.02701479 0.0236069 0.02355655 0.03052919 0.02950429 0.01646936 0.0122731 0.01084086 
0.3222751 0.2781424 0.2083325 0.1836709 0.1688874 0.1818909 0.2148888 0.2785706 0.3117339 0.3269503 0.3057191 0.2662788 0.2555704 0.2363661 0.2155197 0.2009896 0.2216886 0.2656339 0.2839875 0.2114951 0.2067538 0.2130867 0.1853564 0.2323382 0.2909034 0.2939879 0.2810736 0.242505 0.1783081 0.1268217 0.1053237 0.09201372 0.07391055 0.071911 0.05939743 0.05641637 0.04227082 0.03373352 0.03310893 0.02746696 0.02448759 0.02286932 0.02034184 0.01634663 0.01643595 0.02446784 0.02879717 0.0395593 0.03659782 0.03180261 0.0363875 0.02481101 0.01828614 0.01326105 0.015772 0.005088438 
0.3693569 0.258888 0.1924643 0.1610058 0.1444634 0.1772959 0.2340977 0.3022361 0.3139296 0.317848 0.2944982 0.2615073 0.2307007 0.2214284 0.2026536 0.192513 0.2483063 0.2931176 0.2780761 0.2313513 0.1724334 0.1646098 0.1587465 0.1503802 0.2678052 0.2073752 0.2082357 0.2073823 0.1738239 0.1347345 0.09623917 0.08971675 0.08634498 0.06694599 0.04879512 0.04253491 0.03234929 0.02792755 0.02631805 0.02247409 0.02210336 0.02154712 0.0207394 0.01950362 0.01929165 0.028399 0.03356917 0.04439008 0.05158174 0.05805251 0.07884752 0.08563244 0.08406584 0.03035193 0.01783765 0.01336032 
0.3826057 0.2839885 0.2101007 0.185192 0.176588 0.1898645 0.208353 0.2637725 0.2758322 0.2552782 0.2611305 0.2396386 0.2265736 0.2031914 0.1885429 0.1796278 0.2386968 0.2594146 0.2447855 0.2040323 0.1492781 0.1408306 0.1356655 0.1419192 0.2528598 0.1868299 0.1723074 0.1639813 0.1325054 0.1060661 0.08363414 0.06942427 0.06451757 0.05583595 0.03711101 0.03550307 0.02924846 0.0236269 0.02190736 0.01983327 0.01940213 0.01975038 0.02080126 0.0608405 0.07295998 0.05202179 0.04551534 0.05739045 0.06709421 0.1046113 0.1165749 0.1656166 0.1741995 0.1430507 0.02463114 0.0330083 
0.4277048 0.3752857 0.3032177 0.2400983 0.2036347 0.2414065 0.2398315 0.257418 0.2627437 0.2439519 0.2175369 0.2218719 0.2167025 0.2011145 0.1643776 0.1821137 0.2929446 0.2805847 0.2016339 0.1561635 0.1210792 0.1045388 0.1004112 0.2286446 0.3006948 0.2838345 0.1433614 0.1160279 0.09897689 0.07125666 0.06272364 0.04186626 0.03922583 0.03283675 0.02733221 0.02032168 0.01738032 0.01536564 0.01423921 0.01228501 0.01207409 0.01488791 0.01720728 0.04254724 0.0523696 0.06216953 0.07928583 0.1058321 0.1143563 0.1145797 0.1060782 0.1747325 0.2143682 0.2112278 0.09291644 0.01333335 
0.4407982 0.3794402 0.2670947 0.2151697 0.2027406 0.1790341 0.2277653 0.2432017 0.2225141 0.1842937 0.1790636 0.1738285 0.1857245 0.1835833 0.1918195 0.1958029 0.2614136 0.2904846 0.2194685 0.15954 0.1327078 0.09690627 0.09036639 0.2493927 0.1588996 0.1580984 0.1017429 0.07961483 0.08274815 0.06531271 0.04845499 0.05891089 0.04197551 0.03248176 0.02839767 0.01942369 0.01432016 0.01349008 0.01376607 0.01441901 0.01268297 0.01216106 0.01646289 0.02258971 0.04109517 0.1073639 0.1418914 0.1739749 0.1269585 0.09595598 0.1007833 0.1762588 0.1790062 0.1536781 0.07195358 0.008521714 
0.3790215 0.3335635 0.1971494 0.1801939 0.1593711 0.1433996 0.191183 0.2233474 0.1782022 0.1718719 0.1540599 0.1595986 0.1723045 0.1629446 0.1774334 0.1774336 0.2125337 0.2190044 0.2279579 0.2059404 0.1752989 0.1089311 0.1152449 0.1120944 0.1022909 0.1029258 0.09001541 0.06724197 0.06862088 0.05708733 0.04229984 0.02650009 0.02261455 0.04203574 0.02579819 0.021656 0.01433631 0.008521126 0.009063402 0.01008823 0.01125835 0.01492983 0.01614424 0.03190151 0.04988764 0.1087509 0.1398035 0.1207487 0.09144534 0.1027428 0.1101934 0.1481241 0.1164148 0.0923861 0.08315569 0.05177419 
0.4021392 0.2532938 0.2378249 0.1741766 0.1668318 0.1720698 0.1721929 0.1849884 0.1506869 0.1520747 0.1288414 0.1346264 0.143354 0.1408118 0.1516339 0.1059571 0.2054848 0.1695353 0.2635004 0.2162985 0.185978 0.156014 0.1457629 0.09452078 0.06928524 0.05819703 0.08133383 0.07960715 0.05336361 0.03825498 0.03008243 0.02143629 0.0248296 0.02655853 0.02629775 0.01488355 0.009323515 0.007538841 0.007968907 0.007771823 0.008405276 0.01163273 0.01747101 0.0303611 0.03156685 0.05522922 0.06754832 0.06567461 0.09034807 0.1144458 0.133702 0.1224445 0.1177942 0.1086057 0.1049266 0.1153629 
0.3991941 0.3000738 0.2603751 0.1880707 0.1715139 0.1762477 0.1725268 0.2104484 0.1778119 0.149454 0.1246768 0.1127616 0.1256325 0.1181719 0.1255524 0.09631759 0.1877813 0.3114166 0.2675601 0.2426617 0.1952121 0.1353928 0.1579868 0.0801439 0.04496292 0.03755797 0.06320956 0.04993709 0.02673819 0.01891552 0.01396109 0.01462858 0.01490169 0.01294258 0.008749356 0.006002157 0.004968729 0.005065553 0.006534082 0.02470093 0.02319028 0.01468582 0.01838695 0.02509329 0.04286572 0.05861801 0.05651017 0.0807705 0.1093844 0.1239983 0.1312538 0.1038638 0.06685678 0.08400732 0.09395675 0.04951612 
0.3424645 0.2679478 0.150617 0.1906507 0.1579015 0.1385374 0.1506471 0.1704632 0.1770025 0.1733392 0.1379069 0.1071668 0.1142179 0.1328126 0.1119917 0.1503424 0.2642097 0.205647 0.2476143 0.1332909 0.1129707 0.06510402 0.0820528 0.07400055 0.06125072 0.0504716 0.03981904 0.0347848 0.0184934 0.01664065 0.01025387 0.01151737 0.01407331 0.006669679 0.005835908 0.004232503 0.003578176 0.004382517 0.005294472 0.02314768 0.03089156 0.03152419 0.02154878 0.06181141 0.08491859 0.07719596 0.04852377 0.06394468 0.07135113 0.1251258 0.154752 0.0886696 0.09607441 0.1141241 0.1250222 0.08201613 
0.3433808 0.2016987 0.1243096 0.1468508 0.1361874 0.1330036 0.1457688 0.1756489 0.1853004 0.1789348 0.1551045 0.1265581 0.1005211 0.08121075 0.07396332 0.08808836 0.1920957 0.2454696 0.1698214 0.1266722 0.07256287 0.05562796 0.04700477 0.04477894 0.04006471 0.03874757 0.05590548 0.03256315 0.0220882 0.01424928 0.008251084 0.009536003 0.007637287 0.006637824 0.004866159 0.006697295 0.002988644 0.003442519 0.00519547 0.01157791 0.01350025 0.01484853 0.02888272 0.03267128 0.05670178 0.05321539 0.04898499 0.05087756 0.0675512 0.0860459 0.08058097 0.09394287 0.1048184 0.1388748 0.1646247 0.07298387 
0.2593691 0.1794388 0.1182497 0.1330989 0.132805 0.1298864 0.1199059 0.1383512 0.1259229 0.1244389 0.1444462 0.1474957 0.09895466 0.07108068 0.08256833 0.1235444 0.1382957 0.186969 0.1416302 0.08428468 0.05905899 0.04301933 0.03075827 0.01884305 0.01866085 0.03407577 0.07999428 0.03240798 0.02108598 0.01297957 0.0106213 0.007085515 0.004956232 0.005043464 0.004337013 0.005560163 0.01730232 0.004810758 0.006138572 0.02899758 0.03806583 0.02927807 0.05202715 0.04870715 0.06744319 0.08366372 0.06245999 0.04418897 0.05147175 0.07810118 0.1085047 0.1431251 0.1482525 0.1498689 0.1426075 0.1237903 
0.190338 0.1576109 0.09798503 0.08713909 0.08867232 0.1195717 0.06850839 0.04806894 0.04432832 0.05226273 0.06165566 0.09768865 0.07904263 0.0502689 0.07173421 0.1380837 0.1279979 0.06317466 0.1217756 0.06598314 0.03495334 0.0294375 0.02624498 0.01736099 0.01924326 0.02730706 0.02420293 0.007789091 0.005531651 0.008840309 0.002262838 0.002936509 0.002260453 0.002701855 0.002112961 0.01626243 0.07839587 0.007801144 0.008319331 0.0178136 0.03567515 0.02246692 0.05245304 0.1391709 0.126397 0.08524899 0.1046828 0.06438426 0.06962336 0.07458232 0.1076757 0.1329032 0.1297984 0.1386694 0.1625 0.1112097 
0.2303894 0.1559085 0.09694557 0.102641 0.1040465 0.1149903 0.07447872 0.05943183 0.04637257 0.05273993 0.03908908 0.06712792 0.06378077 0.0485038 0.04601744 0.08165935 0.06021743 0.03682772 0.05399705 0.04045355 0.03064614 0.02579319 0.01981318 0.006451236 0.006576962 0.02052108 0.01605438 0.007939517 0.00211087 0.002163684 0.001274834 0.002377405 0.001779481 0.001382093 0.001537176 0.01106064 0.01745592 0.008425694 0.009418068 0.01589292 0.01947878 0.02173724 0.03637172 0.131528 0.1991173 0.1863922 0.1896774 0.09390148 0.08113186 0.07746476 0.1081729 0.08846775 0.09834677 0.1245161 0.1160081 0.08870967 
0.2729022 0.1732397 0.0951535 0.1013479 0.07400604 0.1199214 0.07520968 0.09236906 0.05669533 0.04727687 0.03345994 0.04217271 0.04962091 0.0415732 0.04332669 0.04819459 0.03533166 0.02715287 0.02314679 0.01812767 0.01781708 0.01962704 0.0169782 0.008250754 0.007807393 0.005371192 0.004804516 0.01138296 0.004062264 0.0007204368 0.000685688 0.001287054 0.0009053388 0.0009840273 0.001671931 0.01418222 0.01050427 0.008340113 0.01004615 0.01982668 0.02272698 0.03297614 0.04973326 0.1283693 0.1758889 0.1234629 0.1034766 0.1187887 0.1109404 0.1026912 0.123631 0.1047984 0.1066129 0.1233468 0.09955645 0.07834677 
0.2742404 0.2017274 0.1949981 0.1032002 0.09877334 0.09679261 0.073701 0.06626392 0.05105824 0.03713113 0.05344335 0.04079971 0.04371928 0.06647804 0.07470195 0.05468349 0.02767123 0.02238388 0.02080341 0.01875773 0.01744807 0.01865282 0.0177979 0.01019796 0.00491628 0.003265562 0.007608877 0.007733209 0.00740093 0.0004575299 0.0006824006 0.001452956 0.0009503894 0.001312057 0.001981892 0.005062488 0.006375486 0.008139098 0.01089651 0.0191973 0.02529077 0.06892455 0.1119642 0.1159064 0.1280008 0.07871134 0.05645258 0.09645838 0.09424093 0.1186833 0.1485398 0.1157258 0.1167742 0.1186694 0.1245564 0.09608871 
0.2127998 0.2624037 0.1894159 0.05646471 0.05337111 0.04790127 0.04421961 0.05873519 0.04693424 0.03366959 0.04066979 0.03062012 0.02401679 0.03506458 0.04312614 0.03081867 0.0208032 0.01700155 0.02156511 0.01878634 0.01347296 0.01208394 0.009078595 0.01057678 0.02376226 0.003572482 0.003410968 0.01694934 0.01418945 0.0007833845 0.000284994 0.001080557 0.001182914 0.001576482 0.002203354 0.006021919 0.009130324 0.01898551 0.02175198 0.0413327 0.05066809 0.07874732 0.08513182 0.0986185 0.1105729 0.09588286 0.05107386 0.0382258 0.0635887 0.1114113 0.1668951 0.06987903 0.06572581 0.06681451 0.06983871 0.0794355 
0.1813169 0.1386254 0.1354558 0.06300687 0.0810383 0.07674854 0.09822848 0.07064565 0.06490251 0.03233958 0.04605978 0.03802674 0.03087621 0.02324216 0.02207147 0.02844851 0.02907401 0.0178848 0.01738925 0.01365443 0.01488395 0.0124423 0.00695374 0.005562346 0.0100637 0.003228614 0.001361924 0.01204956 0.007490014 0.00034076 0.000163676 0.0009210223 0.001054313 0.001529827 0.002492629 0.007975687 0.008659892 0.01090217 0.01513228 0.03086179 0.04710738 0.07187413 0.07445979 0.1081064 0.06011988 0.06568019 0.03833646 0.02733871 0.03987903 0.05778226 0.03939516 0.01596774 0.02842742 0.03967742 0.04508065 0.03084677 
0.1529776 0.1198328 0.1470895 0.1554788 0.1451227 0.110636 0.08896574 0.06997032 0.06838316 0.04869677 0.06092034 0.03106163 0.02901634 0.02276227 0.03213958 0.02537751 0.01745918 0.01602263 0.01116793 0.007346939 0.008963448 0.01125743 0.006527136 0.001057902 0.001116803 0.001520417 0.002815146 0.0006907723 0.0002071834 0.000151083 0.0001010844 0.000855776 0.001026109 0.00165385 0.002710544 0.007442028 0.009436256 0.01346798 0.02501857 0.03420107 0.03867394 0.04595024 0.04387711 0.05278925 0.05386602 0.02556883 0.02761262 0.01362903 0.01245968 0.01298387 0.01125 0.01012097 0.009758064 0.01520161 0.02129032 0.02233871 
0.1007888 0.1026074 0.2031259 0.1439808 0.1200442 0.142048 0.1739817 0.1266785 0.03919338 0.04360108 0.04778877 0.02629349 0.01791519 0.01853977 0.02229384 0.02344091 0.01884831 0.01583948 0.0154619 0.01159107 0.009372602 0.01033739 0.007028317 0.003707094 0.003591438 0.001944462 0.001768556 0.001979773 0.0005260263 0.001747873 0.001055811 0.0008768746 0.001082498 0.001751305 0.002849035 0.007843617 0.0115685 0.01223502 0.01417719 0.02451285 0.03627033 0.06338599 0.04907819 0.02319023 0.02171763 0.02177515 0.02196245 0.003225806 0.004354838 0.003064516 0.003548387 0.007177419 0.008629031 0.004354838 0.004596774 0.00766129 
0.1362215 0.0973319 0.1630735 0.2432132 0.1524808 0.1055187 0.09010593 0.1092969 0.0313206 0.03151454 0.02398787 0.02636873 0.02613492 0.02514492 0.01971183 0.01876148 0.01782868 0.01336723 0.009197018 0.006135323 0.00755768 0.008177332 0.007864975 0.004141359 0.002425685 0.001550645 0.003211551 0.005835907 0.0004942509 0.0007913532 0.0009720621 0.0007899397 0.0009929084 0.001625187 0.00263092 0.001581028 0.001975319 0.002911814 0.004465422 0.0387 0.04141669 0.03597147 0.04457677 0.0371615 0.02727369 0.02662008 0.0265508 0.004193548 0.004879032 0.001814516 0.002056452 0.0006451613 0.003104839 0.002419355 0.001572581 0.001491935 
0.2234642 0.1007672 0.1099453 0.1634757 0.1255173 0.1021933 0.1028076 0.09924212 0.04735354 0.05161353 0.04606413 0.03767682 0.03662093 0.04128641 0.05263483 0.02782197 0.01773449 0.008559778 0.007383725 0.004231725 0.008648507 0.00968461 0.006343686 0.01119835 0.006134813 0.002199163 0.001611772 0.003571488 0.0001124572 0.0001283929 0.0002176152 0.0008121094 0.00104227 0.001711071 0.00276066 0.001649713 0.009056536 0.03056345 0.03319732 0.02861331 0.03319592 0.036071 0.03605708 0.03560993 0.02920361 0.02772307 0.02792324 0.0006048387 0.004596774 0.0007258064 0.002540322 0.000766129 0.005120968 0.001491935 0.001733871 0.005120968 
0.1914118 0.1107875 0.08924475 0.1408639 0.1142966 0.07827777 0.1059428 0.1013294 0.06357286 0.03547778 0.0394207 0.03394589 0.03977419 0.0377487 0.04170615 0.02210741 0.00926527 0.005378318 0.005494165 0.005114881 0.002819741 0.004630534 0.002234035 0.00185943 0.001801279 0.002006731 0.001726196 0.0003135243 0.0002671212 0.0002879567 0.0003754877 0.001215006 0.001439728 0.002052332 0.002993081 0.00170616 0.002079538 0.002409736 0.002676327 0.02122254 0.02357794 0.02896012 0.02833668 0.02777894 0.02865277 0.02740868 0.02390517 0.000766129 0.003991935 0.0005645161 0.0004435484 0.002620967 0.007298387 0.00233871 0.001209677 0.005080645 
