ncols         56
nrows         54
xllcorner     28.264
yllcorner     -5.7719999999999
cellsize      0.25
NODATA_value  -9999
0 0.0003850564 0 2.417542e-005 1.631543e-005 0 0 0 0 0 0 0.005700859 0.0113942 0.01013105 0.002733835 0.0008819064 0.0006901113 0.00032888 0.0004365916 0.0008916841 0.002270978 0.001842577 0.006323184 0.02802414 0.009222457 0.02185034 0.0439349 0.04567919 0.09640095 0.06268512 0.05089345 0.04917148 0.05714863 0.03966189 0.07805457 0.04228741 0.04151524 0.04001871 0.07610175 0.1002248 0.07612953 0.05745419 0.03294807 0.03419279 0.09391756 0.09788028 0.0753991 0.03238549 0.04150388 0.03674315 0.01328295 0.01402627 0.04403873 0.05915781 0.05131687 0.01485173 
0 0 0 0 0 0 0 3.385201e-005 1.74737e-005 0 0 0.0009908993 0.006701613 0.01721709 0.01282421 0.006006333 0.0006950744 0.0002772629 0.001352579 0.0009746617 0.0003282783 0.0009960178 0.009164032 0.01170315 0.02467659 0.04581309 0.02573941 0.01987454 0.03856475 0.02901943 0.03826058 0.03770239 0.06669342 0.04433496 0.04083343 0.05866081 0.06609797 0.05359823 0.08534058 0.05231101 0.1283658 0.05448161 0.0185974 0.04126223 0.04441532 0.06900777 0.04168328 0.01278283 0.01189224 0.02669813 0.03747626 0.04145215 0.06527948 0.04527505 0.02732219 0.01485904 
0.002933453 0.0008817631 0 0 0 0 0 4.21786e-005 0.003820975 0.002085974 0.0008285357 0.006329647 0.002734635 0.001531292 0.003818623 0.004051349 0.0009323346 0.001817871 0.001764512 0.0007077536 0.005671216 0.004084413 0.005305427 0.007083362 0.01903589 0.0366352 0.02259536 0.01771171 0.0469841 0.03893892 0.02925785 0.04959547 0.05330243 0.02864355 0.063124 0.06623163 0.07127712 0.07365255 0.07449822 0.06373017 0.1499894 0.07929673 0.05465207 0.03503427 0.06425736 0.03949535 0.06988725 0.02298266 0.01478508 0.01925589 0.05638291 0.0456675 0.02065991 0.01268451 0.01170486 0.01198341 
6.983329e-007 1.673328e-006 3.418874e-006 0.0002035275 0.0002208459 0.0006728899 1.825115e-005 0.003551722 0.008362836 0.004943882 0.001100881 0.01065479 0.003526179 0.001561435 0.001751377 0.004306556 0.004272943 0.002267381 0.005254636 0.008463643 0.002900124 0.005001912 0.007598086 0.01391515 0.01324231 0.02849431 0.03362477 0.01999173 0.05394718 0.03052084 0.03511073 0.04797359 0.03411184 0.01953883 0.1089215 0.0879792 0.06528164 0.06840017 0.05379648 0.05168891 0.06938401 0.04158357 0.0396914 0.02046846 0.02707898 0.09561716 0.1657447 0.02585761 0.01499422 0.02955247 0.0394693 0.02405269 0.02779993 0.01034251 0.01010886 0.009671216 
9.792199e-007 2.342604e-006 0.000990233 0.0006889604 0.001351179 0.0005347285 0.0003036159 0.002747463 0.001666898 0.004018494 0.007436428 0.004931604 0.002537556 0.001946068 0.003861068 0.004972008 0.005831484 0.007783558 0.009261653 0.01446719 0.01170086 0.01310829 0.01166873 0.01501156 0.02409874 0.02725084 0.03049874 0.03481892 0.05084912 0.04719248 0.05152098 0.06816041 0.02359223 0.02414807 0.1066906 0.07136437 0.08740579 0.04984278 0.04473926 0.05135711 0.02569899 0.07030559 0.05287461 0.01358594 0.01983032 0.06169756 0.09298508 0.0249689 0.01045541 0.01626196 0.0264332 0.02737737 0.05283954 0.0154671 0.00661227 0.00967529 
0.001502836 0.002842934 0.003781893 0.005897298 0.01121468 0.002391574 0.001335818 0.002104945 0.0001088357 0 0.006691455 0.01093759 0.004091369 0.002784028 0.005092845 0.0102446 0.01150345 0.02175796 0.01997635 0.02008332 0.01230119 0.03086645 0.01352062 0.01221096 0.0183675 0.04294859 0.0676026 0.07431562 0.09445608 0.09295789 0.07716914 0.08287011 0.03627043 0.02177641 0.07651129 0.05238219 0.08995189 0.08465794 0.0615249 0.04430183 0.05256691 0.04549747 0.02448467 0.009001954 0.05568057 0.0607863 0.03951633 0.04090001 0.03153101 0.01870758 0.02757415 0.03858833 0.04491861 0.03455287 0.003883387 0.004278289 
0.004337482 0.006807765 0.01048932 0.01287438 0.01411955 0.06308631 0.000715197 0 0 4.071342e-005 0.02754864 0.03410004 0.004484588 0.004278273 0.008624639 0.01495779 0.023217 0.04301303 0.03991333 0.04012571 0.04255664 0.0345569 0.03179121 0.02654991 0.01817523 0.06352934 0.06975459 0.05802712 0.09497096 0.09507955 0.06691426 0.07534099 0.04827455 0.1062911 0.04557649 0.04520974 0.04882737 0.09173295 0.1076245 0.03888666 0.0466603 0.007972817 0.004362337 0.01704407 0.03327157 0.04533903 0.02983197 0.04651456 0.03270436 0.02607595 0.02442172 0.02685961 0.0247195 0.0240427 0.02564768 0.01676129 
0.01274923 0.01365406 0.009362911 0.00314577 0.002022506 0.0110894 0.0002710401 0.002910357 0.001448287 0.00321818 0.01334603 0.0294611 0.003383973 0.00950482 0.01227827 0.008179938 0.03407807 0.03760038 0.04202978 0.06370981 0.0749695 0.06552709 0.06688699 0.08387005 0.04048498 0.0538122 0.09848021 0.08706968 0.1076423 0.0896248 0.0847209 0.05633152 0.04781901 0.065506 0.03023206 0.02307724 0.02561199 0.03777717 0.05930038 0.01460231 0.007501139 0.02400709 0.0170139 0.008878909 0.02783915 0.04114549 0.02904292 0.07232532 0.06687443 0.04147277 0.0402333 0.01687528 0.01372808 0.01855806 0.003678472 0.0218179 
0.02054092 0.01826151 0.01879705 0.009036912 0.002200609 0.006184778 0.006149725 0.003697097 0.002487485 0.003849284 0.03219525 0.02726819 0.003115223 0.0120441 0.01711837 0.02538807 0.04721226 0.04160895 0.04608775 0.05991735 0.06327639 0.06295329 0.05163961 0.04492088 0.05297536 0.0439418 0.06710482 0.03557891 0.04427921 0.06106155 0.07044651 0.06347282 0.05364205 0.02704759 0.01898855 0.03904763 0.03361751 0.02223454 0.01876425 0.01038477 0.0547251 0.05135095 0.007489261 0.00137535 0.01890882 0.04440182 0.01035415 0.04712443 0.0854583 0.04919354 0.05652622 0.05882768 0.04428237 0.006993337 0.01602379 0.007926498 
0.1437897 0.03562795 0.03199765 0.008984402 0.009536856 0.01280177 0.01122598 0.006446207 0.004894909 0.007602798 0.01015475 0.005396061 0.01880659 0.01045991 0.01004664 0.02229282 0.02663442 0.02945072 0.0244063 0.06143706 0.05144058 0.03964772 0.03899305 0.03418929 0.01776259 0.02417588 0.03713578 0.01507911 0.01006183 0.01793853 0.07270616 0.04890198 0.03019901 0.04138807 0.02907305 0.06880102 0.07645051 0.1088467 0.04101945 0.007784183 0.04874068 0.07446229 0.01856418 0.04215034 0.04286873 0.03915297 0.008901013 0.01339155 0.0140615 0.04706599 0.06357355 0.08029637 0.04262367 0.02407374 0.01095866 0 
0.1478753 0.0388198 0.05090813 0.01195084 0.008491769 0.01677825 0.01452295 0.01169962 0.00837541 0.0115974 0.008545992 0.007342467 0.01019158 0.01132066 0.01087587 0.01977785 0.02848578 0.02375993 0.0249832 0.05504734 0.06172334 0.04374789 0.02465845 0.01152886 0.002917327 0.01126098 0.009445499 0.02657153 0.008755506 0.02491507 0.05157832 0.02848297 0.021234 0.02159426 0.0217827 0.04216811 0.05091248 0.04740523 0.02277586 0.02236136 0.03499408 0.03678546 0.01760953 0.01359099 0.005585171 0.009255414 0.01979552 0.01431928 0.01143854 0.008073429 0.01810174 0.06880756 0.03239378 0.01208232 0.01351183 0.00924265 
0.02805874 0.04634112 0.04181332 0.0150595 0.01306901 0.0266481 0.01830336 0.01623589 0.01208059 0.01261722 0.01313095 0.009273091 0.008743309 0.01008432 0.009332994 0.01555479 0.02244117 0.0150985 0.01865597 0.05284375 0.04088172 0.02648726 0.01574758 0.0109925 0.02521536 0.03041279 0.03038614 0.01369935 0.03020811 0.05251492 0.05966466 0.02014089 0.01735915 0.01616045 0.01065106 0.01384493 0.01675951 0.01459942 0.05290659 0.01637881 0.02051986 0.01430385 0.01604394 0.01293405 0.01171334 0.01224368 0.01194913 0.01335848 0.01609419 0.009457299 0.005656396 0.01281803 0.01741132 0.03455947 0.02321594 0.02370001 
0.02248529 0.05686158 0.06225474 0.02267959 0.01702759 0.02709134 0.02582638 0.02117307 0.01528798 0.01461466 0.02422556 0.0336846 0.01062364 0.006304889 0.008241595 0.01225147 0.01520602 0.01678962 0.01529534 0.0433153 0.03440484 0.02599364 0.01219979 0.03894888 0.03995876 0.02743998 0.02762592 0.02167082 0.03736398 0.04404827 0.04613506 0.03228653 0.03811809 0.03838689 0.01495233 0.02015341 0.03401678 0.03714475 0.04175961 0.01338263 0.0260127 0.01439785 0.01365737 0.01199988 0.0115325 0.01003998 0.009754894 0.01045585 0.009981458 0.00976948 0.007206427 0.002288952 0.001492696 0.005333519 0.009795959 0.01475265 
0.03259898 0.03890112 0.04526202 0.03846086 0.02553323 0.02313177 0.04963506 0.02424508 0.01922673 0.01903283 0.0350615 0.04066637 0.01224108 0.008865031 0.008599407 0.01972968 0.01814369 0.0142763 0.01252381 0.02589528 0.0137485 0.01321121 0.01357474 0.04533281 0.0267933 0.04319301 0.04247202 0.04307161 0.0605582 0.06184655 0.05888861 0.02136878 0.04263534 0.02378174 0.04500706 0.05568857 0.06745207 0.07638723 0.0202088 0.0158577 0.02631914 0.01979801 0.02044376 0.01255228 0.01078649 0.01500849 0.01549142 0.01190681 0.009724041 0.009985581 0.005684205 0.0022839 0.002021646 0.005112887 0.004616199 3.159983e-005 
0.02163718 0.02466248 0.04218148 0.03200823 0.02671179 0.02323508 0.0827593 0.03147984 0.02379447 0.02250355 0.04531408 0.02840669 0.01440995 0.01257261 0.01285281 0.02565979 0.02409197 0.0163221 0.02229908 0.02205842 0.01506976 0.02912263 0.01872236 0.0414259 0.02519087 0.0452261 0.05860476 0.06522164 0.08525658 0.07825026 0.05036621 0.0162805 0.01585853 0.01825809 0.04673201 0.07363601 0.08973547 0.08165222 0.02237492 0.03586678 0.03858291 0.02292487 0.01785597 0.01207757 0.01216725 0.02495166 0.02822352 0.016135 0.008680526 0.02371026 0.01133613 0.002267359 0.001452796 0.0009078713 0.0006605447 0.0001493088 
0.03239163 0.01843866 0.01956732 0.02709443 0.02321249 0.02176099 0.02819869 0.03028816 0.02999208 0.02928346 0.02966349 0.03263043 0.02590951 0.02165691 0.02275999 0.02868117 0.015809 0.01227304 0.07209961 0.01302633 0.02066518 0.01804875 0.01077659 0.0335255 0.05539452 0.03332199 0.05663117 0.04896907 0.06374812 0.06131114 0.03539828 0.01337735 0.01637083 0.03099514 0.03839728 0.04423951 0.05635015 0.03554279 0.01012306 0.04244017 0.0294671 0.02306761 0.02358205 0.01602277 0.01611209 0.03857215 0.02835142 0.028885 0.009223921 0.007698942 0.007270044 0.003253277 0.001421507 0.0008640777 0.0006276849 0.0001253334 
0.06716638 0.05544864 0.008908974 0.03271142 0.02609365 0.02356582 0.02476364 0.03479507 0.03429247 0.03440286 0.03607322 0.04467314 0.03231066 0.0270272 0.02527842 0.02302526 0.01679817 0.01222582 0.01377557 0.02091698 0.01670616 0.03026465 0.01693377 0.02571301 0.06443461 0.06061897 0.04290561 0.03950468 0.04630225 0.04618732 0.01114553 0.01129074 0.02046095 0.02580911 0.02149334 0.02654703 0.03906548 0.02368141 0.02728744 0.04140542 0.02629809 0.02747051 0.02980303 0.0271993 0.01912486 0.02228454 0.01563052 0.01538782 0.009596067 0.007268577 0.01042498 0.008068448 0.002680127 0.0009792433 0.004697443 0.004645657 
0.02875013 0.02325597 0.01786585 0.03693119 0.03565236 0.03186411 0.03663542 0.03970413 0.03828342 0.03426352 0.03330325 0.04828752 0.03645082 0.029323 0.027673 0.02547613 0.0243052 0.01476079 0.0135606 0.02076212 0.01895912 0.01853898 0.01354785 0.02302961 0.03942401 0.04822686 0.03384717 0.02563969 0.02509145 0.02745175 0.02271624 0.01898056 0.02520004 0.0220998 0.01947135 0.0140635 0.01388099 0.03019913 0.01301387 0.01764475 0.01832615 0.02711727 0.03052455 0.02484229 0.02334605 0.02140268 0.009243765 0.01267749 0.01017314 0.007936523 0.007455887 0.006143037 0.01229956 0.01277268 0.04143908 0.05332639 
0.03638389 0.03202013 0.01929477 0.03744464 0.03618439 0.04012194 0.05316466 0.04394266 0.0404725 0.03695196 0.03391758 0.04269854 0.03902815 0.0338893 0.03248878 0.04085721 0.02802141 0.01393959 0.01861358 0.02727965 0.045248 0.03259833 0.0212679 0.03352022 0.02723875 0.02353437 0.02908205 0.03421123 0.02037722 0.01927212 0.02069911 0.0131183 0.01742448 0.02202252 0.01786552 0.01109986 0.008772304 0.0157152 0.01634715 0.01923252 0.01755919 0.02092106 0.03454034 0.07051928 0.09322541 0.01823899 0.01651082 0.03795818 0.01366789 0.01144877 0.01092788 0.07997262 0.0596298 0.06945329 0.03545395 0.05158136 
0.140989 0.06915129 0.01829448 0.03136593 0.03126555 0.04207271 0.04882609 0.04746668 0.02864857 0.02763715 0.02316671 0.03266528 0.04486528 0.0461239 0.04242072 0.03986741 0.02884444 0.01963284 0.01682362 0.02052792 0.02416892 0.04492171 0.03261347 0.05770217 0.03926365 0.03013269 0.03823031 0.04971851 0.02235945 0.03222897 0.02998262 0.01566184 0.01250718 0.01247686 0.01609484 0.009670117 0.009539301 0.01324693 0.02700639 0.02524025 0.01476804 0.01765394 0.02364166 0.07930208 0.08718082 0.04327122 0.009871018 0.01152739 0.008445623 0.009841895 0.02036165 0.07463305 0.01499197 0.02170064 0.01294494 0.02111047 
0.1372293 0.06592176 0.04582902 0.06469576 0.047865 0.04906119 0.05302291 0.04779514 0.03378582 0.03774333 0.02713076 0.0520848 0.05658823 0.06627309 0.05784538 0.05252666 0.03648461 0.03272194 0.02925136 0.02018742 0.02309945 0.03988678 0.02617299 0.04349896 0.03785297 0.0320811 0.04872405 0.04246639 0.05555029 0.02764235 0.01867517 0.01309976 0.01328391 0.02117899 0.02923595 0.02032539 0.01085106 0.009520188 0.0265707 0.02224862 0.0169111 0.01328983 0.01309314 0.01681764 0.06403714 0.04969389 0.009084106 0.009153367 0.008175475 0.007421305 0.01541092 0.0460836 0.05367908 0.01714236 0.00955428 0.01134568 
0.05406172 0.04760202 0.08398166 0.09252449 0.06714725 0.05111751 0.04789107 0.04609251 0.0410094 0.0356666 0.03251451 0.05616737 0.06390339 0.08541886 0.09439815 0.08472177 0.05381661 0.0686459 0.05121139 0.03160369 0.03980741 0.04342648 0.0275866 0.02846391 0.0290158 0.03263291 0.03791808 0.03239753 0.0159461 0.01557842 0.01411272 0.01728208 0.02190614 0.02819084 0.02272243 0.0145405 0.01611583 0.0133137 0.01212633 0.01932215 0.01539735 0.01175577 0.01319595 0.01174438 0.01059788 0.03157908 0.009932024 0.01078157 0.00762575 0.01340611 0.01499916 0.03088136 0.03249977 0.0190636 0.01612449 0.007073442 
0.1182761 0.08514006 0.1063679 0.1165592 0.1014279 0.1094404 0.08481224 0.06545313 0.05456675 0.04550474 0.04042365 0.05733353 0.07124554 0.088266 0.08703778 0.06884536 0.06081108 0.08457911 0.1051882 0.07451149 0.04168802 0.03756132 0.02482291 0.0253625 0.04226725 0.04723738 0.03533522 0.0206121 0.01861753 0.02318022 0.01504036 0.018345 0.02666193 0.03431473 0.03287581 0.01395892 0.01071981 0.01079018 0.01281224 0.0177829 0.01568281 0.01582814 0.01260911 0.01203767 0.01097698 0.01100537 0.014028 0.01955483 0.008874009 0.0155852 0.03536563 0.02227428 0.008105178 0.007578158 0.01378337 0.01814376 
0.1401119 0.2724868 0.1126634 0.1261775 0.1322558 0.1453355 0.137785 0.1831097 0.1079864 0.07026841 0.05389454 0.07645693 0.07387349 0.07668053 0.07700306 0.07258938 0.07902013 0.110603 0.1196292 0.06079699 0.0426315 0.03195625 0.02966172 0.02392686 0.02220554 0.02276836 0.01516099 0.02078196 0.02256294 0.01220244 0.01132659 0.02309918 0.02475261 0.02928316 0.03469444 0.03117123 0.02615739 0.02363315 0.02239786 0.02057974 0.01991627 0.02009202 0.01994644 0.01877886 0.01780878 0.01497489 0.02077179 0.01927233 0.01318794 0.03507442 0.09005929 0.05550867 0.01229346 0.03664734 0.05134105 0.05773407 
0.1438517 0.3506163 0.2210538 0.1274976 0.1405633 0.1712473 0.1794626 0.1813185 0.146981 0.07316842 0.04939728 0.0870128 0.08728734 0.08707117 0.08739004 0.0875965 0.0723421 0.06902961 0.09422117 0.06307265 0.0357397 0.04129265 0.04092664 0.0348128 0.02328734 0.01728573 0.01375261 0.0325551 0.05241666 0.02867059 0.02125646 0.02799493 0.03114513 0.03373452 0.03906484 0.04750374 0.04116298 0.02820942 0.02932584 0.02439113 0.02678666 0.02796844 0.02868039 0.01924328 0.01820521 0.009388015 0.009665869 0.01330189 0.01475298 0.02792925 0.0464322 0.01931163 0.0135869 0.0378875 0.01975387 0.03552643 
0.2167233 0.1998917 0.106673 0.1382035 0.1549321 0.1936813 0.183217 0.1445354 0.1119987 0.08809057 0.0720774 0.1107221 0.1351711 0.1120387 0.1183548 0.1119517 0.09024695 0.07542418 0.07017667 0.07371079 0.04968563 0.04082699 0.05079959 0.05276631 0.05270135 0.03986261 0.02078102 0.03656518 0.06356081 0.05655348 0.01696634 0.03645511 0.03839758 0.040296 0.05095712 0.05120189 0.06699506 0.03769746 0.03246356 0.02909122 0.03109793 0.02932938 0.02468495 0.01569825 0.01095272 0.008768195 0.01135918 0.01168008 0.009863145 0.01522342 0.04158081 0.0555853 0.01665869 0.01408419 0.02426956 0.02471262 
0.2043224 0.1480701 0.128145 0.1460039 0.1528707 0.1515402 0.1684625 0.1782978 0.1173205 0.1049438 0.1248312 0.1581481 0.1845013 0.1528117 0.1418895 0.1354849 0.1454857 0.1234877 0.09480689 0.09004657 0.07815892 0.06470428 0.07909688 0.09114996 0.08028112 0.05418438 0.05293458 0.04160969 0.07482129 0.06892356 0.03492257 0.04411413 0.03795093 0.04070945 0.04597727 0.0502192 0.06741485 0.04794601 0.04222609 0.03557532 0.03285187 0.03017807 0.02846342 0.02330302 0.02172237 0.01588889 0.01253034 0.009785877 0.02132387 0.01775236 0.0236726 0.07214023 0.03788505 0.03682182 0.03541011 0.03264638 
0.1309348 0.1562336 0.1429187 0.184295 0.1734345 0.1862664 0.2030384 0.1941179 0.1859585 0.1462053 0.1516958 0.1579279 0.1786055 0.1880129 0.1723082 0.1495197 0.1689433 0.1706008 0.1289918 0.1354402 0.1257441 0.1237749 0.1192804 0.1541128 0.1165146 0.08854224 0.07005992 0.05611547 0.06559341 0.06370115 0.05617782 0.06827487 0.05267211 0.05629585 0.06696329 0.08937564 0.09420265 0.08908702 0.08200581 0.06147815 0.05425914 0.05530321 0.04879387 0.02966034 0.04032873 0.03681133 0.02617558 0.01385544 0.02296034 0.02226836 0.03620615 0.04617823 0.03858268 0.04503072 0.03871675 0.05639255 
0.1979359 0.1816053 0.1259255 0.1723611 0.1785337 0.1892197 0.2208194 0.2087906 0.2341577 0.1714535 0.1612894 0.1673307 0.1841699 0.1946295 0.1754933 0.1735889 0.1927806 0.1907488 0.1711416 0.179674 0.1647827 0.1681202 0.1644141 0.1726582 0.1416926 0.1307069 0.09269815 0.06301524 0.07578978 0.06485932 0.05890646 0.05968233 0.05947657 0.06209688 0.07277857 0.09531087 0.1038183 0.1047559 0.101861 0.07095181 0.06528101 0.06371813 0.06359376 0.03830973 0.04098208 0.05080929 0.05134681 0.02371777 0.03577698 0.04914203 0.04804543 0.05078797 0.05504966 0.0339702 0.05195927 0.09621643 
0.2448645 0.2029854 0.1778294 0.1993737 0.2007102 0.1843024 0.2197966 0.1844802 0.1914685 0.1810414 0.162014 0.1867398 0.1903721 0.2083375 0.1690339 0.1919026 0.1827491 0.2101954 0.2038568 0.2114569 0.1945231 0.2250348 0.1821447 0.1849013 0.1708973 0.2033224 0.1145638 0.0813519 0.08520993 0.06675801 0.05830218 0.09347901 0.0740637 0.06388352 0.07146373 0.0948411 0.115645 0.1304013 0.117231 0.07641664 0.07040808 0.0671434 0.07010751 0.04160168 0.03070805 0.03765603 0.03838838 0.02229685 0.02059376 0.04268092 0.04530945 0.04397543 0.0826907 0.08506043 0.08623623 0.1512915 
0.2389451 0.2295682 0.1776258 0.1554887 0.1742036 0.1554468 0.1641833 0.1714821 0.1846336 0.1744876 0.1588628 0.2071827 0.2181972 0.2008747 0.1825105 0.1572101 0.2041012 0.1972192 0.2330103 0.2595088 0.2399018 0.2183663 0.1717423 0.1661411 0.2258818 0.259113 0.1543455 0.1232193 0.09616728 0.07956121 0.07089624 0.09110904 0.0825757 0.07885017 0.0738217 0.08678345 0.1013246 0.1274742 0.1324859 0.07361778 0.06819592 0.05992715 0.05324157 0.03527016 0.03058437 0.03454293 0.0388878 0.03838826 0.01776773 0.01920865 0.05247273 0.05918159 0.06318317 0.07689878 0.0812441 0.04832141 
0.2258789 0.1713584 0.1339361 0.1626991 0.1615608 0.1450328 0.1407086 0.1805707 0.1932163 0.2114076 0.1946435 0.2063159 0.2186285 0.2300586 0.195337 0.21208 0.2033813 0.2400732 0.2584195 0.2532423 0.2514935 0.2586544 0.2066104 0.1592744 0.2181787 0.3134655 0.1566859 0.1366373 0.1190925 0.0977409 0.09123664 0.07127682 0.07073879 0.07664055 0.07526809 0.1084379 0.1216568 0.0930035 0.09966148 0.08516204 0.08345583 0.07956339 0.04852156 0.02236868 0.01453998 0.05104098 0.09482986 0.05718495 0.0293708 0.01483997 0.02447904 0.0258992 0.04563081 0.05015934 0.04899392 0.02591251 
0.2233382 0.1376119 0.1332019 0.1609403 0.1514558 0.1370901 0.1324938 0.1803273 0.1909855 0.1844884 0.1954125 0.2106194 0.210294 0.1865482 0.2080312 0.2340415 0.2594853 0.2820316 0.2996646 0.2912486 0.271758 0.2691199 0.2232018 0.1726183 0.199487 0.1957123 0.2086706 0.187934 0.1429403 0.0967883 0.09060404 0.07756245 0.0665906 0.07042356 0.08009872 0.09636506 0.09943087 0.08286861 0.09231911 0.08993756 0.08919504 0.07185052 0.04472781 0.03958608 0.01984479 0.1093124 0.1357491 0.06028867 0.05364819 0.04748325 0.02311663 0.02021439 0.04492275 0.0744629 0.06903824 0.03034258 
0.2328011 0.1737848 0.1335561 0.1482299 0.116925 0.1275422 0.1382706 0.1677733 0.1823878 0.1795051 0.1943322 0.2003646 0.2078037 0.2011597 0.2226464 0.2395766 0.2724003 0.3163208 0.3129894 0.3112567 0.2793563 0.2519362 0.2416567 0.1826486 0.1982556 0.2474516 0.2362552 0.2018797 0.1717316 0.1107601 0.09814993 0.09087377 0.07085928 0.08322229 0.08290416 0.09878029 0.08348185 0.09132041 0.07941967 0.07641216 0.08164006 0.0858233 0.06856612 0.06662912 0.03429303 0.05754974 0.126881 0.0592062 0.07554686 0.06126914 0.03394278 0.04865178 0.07251251 0.09815522 0.05976728 0.0252234 
0.2341714 0.1411664 0.1182467 0.1552199 0.1328948 0.1354757 0.1331261 0.1653781 0.1816661 0.1772386 0.1858449 0.19921 0.2212606 0.212072 0.2471583 0.2556729 0.3400035 0.3944575 0.3774836 0.3396269 0.2597553 0.2022489 0.201022 0.1917482 0.2534178 0.304003 0.2261086 0.200663 0.157074 0.1568824 0.133521 0.1130769 0.08314682 0.07642045 0.07443716 0.0848134 0.08639544 0.09109769 0.08521745 0.0799488 0.09575695 0.1085858 0.1078736 0.09575216 0.07784534 0.06982472 0.1042897 0.1410773 0.1016874 0.05540086 0.05183199 0.09564837 0.1131422 0.06514777 0.03858244 0.0117471 
0.2551992 0.1772141 0.1487055 0.1700176 0.1459882 0.1261812 0.110477 0.1403893 0.1453093 0.163256 0.191775 0.2101899 0.2262432 0.2459927 0.2575883 0.2974066 0.449169 0.4657331 0.3703599 0.3439561 0.2343367 0.1796725 0.1588164 0.1863361 0.336507 0.2936945 0.259951 0.2128406 0.1442134 0.1082645 0.1050488 0.0866771 0.07268984 0.08112568 0.0761411 0.08805811 0.09176947 0.09062567 0.1031877 0.1155744 0.1032306 0.1325531 0.1231267 0.09004318 0.08742455 0.05924022 0.06854406 0.08759515 0.05915865 0.04749178 0.04558927 0.09416223 0.1102745 0.06285883 0.01862099 0.001652765 
0.3028066 0.2194582 0.1375335 0.1574666 0.1293068 0.1113162 0.09348746 0.1054775 0.142476 0.1588644 0.1554228 0.179727 0.2112219 0.2089735 0.2526233 0.2774389 0.3637061 0.3933128 0.2922669 0.2430076 0.1836412 0.1822947 0.2151216 0.2375508 0.306102 0.345769 0.206413 0.1918254 0.1463933 0.09650715 0.1158432 0.0953356 0.09646845 0.07356413 0.07621317 0.08845268 0.105549 0.1124573 0.1205853 0.1163418 0.1154333 0.1335021 0.1015009 0.08464596 0.1030036 0.06383547 0.0637602 0.07243924 0.05169152 0.07006196 0.09821006 0.09689177 0.09950178 0.05026443 0.01303625 0 
0.2730243 0.2370688 0.1006306 0.1101831 0.1213748 0.1225103 0.1091663 0.1111915 0.1186066 0.153484 0.1399921 0.1871904 0.200658 0.1973989 0.2403945 0.2684282 0.3025451 0.2905531 0.2471361 0.1922887 0.1889404 0.1881172 0.230155 0.2746983 0.3186836 0.3544551 0.2364527 0.1890538 0.1532693 0.1186751 0.1386301 0.09486207 0.08507616 0.0767575 0.06874619 0.0949453 0.1248404 0.1402702 0.1508443 0.1464568 0.1250509 0.1105534 0.1103854 0.09697461 0.1138034 0.1566618 0.1615885 0.1547323 0.07487982 0.08354256 0.08059371 0.08012259 0.06534437 0.02442447 0.01695368 0.0006854839 
0.2521788 0.1830789 0.1022195 0.1168918 0.1228796 0.1382299 0.1119956 0.1053144 0.1235833 0.1402377 0.1551666 0.2020759 0.1766307 0.2055539 0.2472161 0.2414842 0.2737538 0.2218717 0.2604867 0.1799016 0.1891577 0.1969869 0.2774733 0.2205317 0.3637207 0.3038174 0.2036497 0.2146041 0.1504113 0.1448758 0.1595506 0.1142678 0.07286307 0.07488731 0.08680866 0.1138644 0.1459475 0.1499355 0.1540099 0.1979671 0.1600549 0.1537316 0.1679015 0.1172008 0.1042777 0.115043 0.1652973 0.1501474 0.07561467 0.06020637 0.0515297 0.06223068 0.02941378 0.01416548 0.01427014 0 
0.2255495 0.2132191 0.1519198 0.1153023 0.1129714 0.1061032 0.08320867 0.08474794 0.1149544 0.1304565 0.1504897 0.1726255 0.1581862 0.1531944 0.1642468 0.1840955 0.1923238 0.1913741 0.1894742 0.2079009 0.1885561 0.1692045 0.2909454 0.2270076 0.2964457 0.2446554 0.2034023 0.1851344 0.1894069 0.1297622 0.1474233 0.1155881 0.08593573 0.08731264 0.1049118 0.1092937 0.1478757 0.1727301 0.1840451 0.2078599 0.1812218 0.1892532 0.190735 0.1274482 0.1209609 0.1420234 0.1634972 0.2086129 0.1367315 0.0531217 0.02379945 0.0264271 0.01928876 0.0136792 0.01330523 0.0006451613 
0.2267471 0.2216723 0.1657421 0.128444 0.1139548 0.1220437 0.08715648 0.09800861 0.1123069 0.12576 0.157666 0.1974009 0.1701113 0.1438427 0.1574244 0.178358 0.1883694 0.1451022 0.1540215 0.1854795 0.1421039 0.1861448 0.2500566 0.1922942 0.2148585 0.2086965 0.2356124 0.1777498 0.1665286 0.1097152 0.1220685 0.1055055 0.1126979 0.1124826 0.1321763 0.1232468 0.1402683 0.1818391 0.247301 0.2851595 0.2738051 0.2194014 0.1696643 0.1051414 0.1118526 0.1464175 0.1438698 0.1054324 0.07779978 0.04152102 0.03347277 0.02079268 0.01506665 0.01406175 0.0137372 0.006169355 
0.2525755 0.2081077 0.1936971 0.2105206 0.213461 0.1595349 0.1471699 0.1488797 0.1319481 0.1501117 0.1828347 0.1953163 0.2028414 0.1750887 0.1301857 0.1320053 0.1610852 0.1932631 0.2003438 0.2287481 0.297131 0.3236045 0.2880513 0.2153738 0.1760986 0.2133544 0.2119301 0.1549063 0.1248863 0.1000387 0.09510647 0.08891801 0.0881209 0.1123261 0.1091807 0.1122792 0.1262395 0.1707217 0.219318 0.2536488 0.2486502 0.2406243 0.1463464 0.1079852 0.1079435 0.08707559 0.09673838 0.07731727 0.03292646 0.02631959 0.0241561 0.0175555 0.0153277 0.01487306 0.01312698 0.0005241935 
0.2575227 0.215849 0.1960559 0.2176678 0.2627009 0.2063013 0.1831108 0.2088657 0.1859661 0.2001553 0.1926675 0.2152576 0.2167396 0.2039638 0.2142177 0.1881845 0.2034315 0.1862195 0.2250283 0.3080519 0.284057 0.2939086 0.2486829 0.2203113 0.2597072 0.2788315 0.2288626 0.1717406 0.1462092 0.1501156 0.1478359 0.08702802 0.06184354 0.06967326 0.08056232 0.1006191 0.1910254 0.1768709 0.1783242 0.1825839 0.1833925 0.1907644 0.1497589 0.09670175 0.1296791 0.1148876 0.09566504 0.037781 0.02346516 0.0206597 0.02670369 0.01735288 0.01658743 0.01335491 0.0139976 0 
0.1913639 0.1690312 0.1890937 0.1879595 0.1957164 0.2245625 0.2218244 0.2264467 0.2304708 0.2060628 0.1941507 0.1754577 0.2288656 0.2746162 0.2514701 0.2224938 0.2002751 0.1321686 0.1701549 0.289126 0.1875263 0.2069923 0.1970259 0.1937427 0.2934977 0.2865641 0.2359872 0.1887624 0.1891034 0.241986 0.1926868 0.0824047 0.0378078 0.05102176 0.05668361 0.09198833 0.2847403 0.1429658 0.1128091 0.1543159 0.2140706 0.2098863 0.1532303 0.1191905 0.1304726 0.1282493 0.08899322 0.05017964 0.03974885 0.03406681 0.04222315 0.01137097 0.01141129 0.0001612903 0.003669355 0.004516128 
0.2033429 0.1719694 0.21253 0.1788108 0.1900904 0.2376292 0.1930982 0.2184603 0.2960443 0.2549996 0.1763073 0.1804035 0.2468894 0.2479081 0.2173061 0.2042584 0.1580414 0.1472399 0.1787054 0.2226154 0.209466 0.2227861 0.2436445 0.2162102 0.271598 0.3186898 0.1976619 0.1863368 0.2378206 0.1754581 0.1677119 0.08051962 0.06706947 0.07904162 0.0697139 0.07559606 0.09871439 0.09758518 0.09603662 0.1572827 0.2102962 0.1931642 0.1522442 0.1408505 0.1297029 0.1064852 0.07603223 0.04770527 0.04038749 0.03639439 0.03880306 0.02455645 0.01189516 0.002137097 0.01096774 0.005040322 
0.2465188 0.2049645 0.2574318 0.2479475 0.1489253 0.2107444 0.1909686 0.1866955 0.2247614 0.2720845 0.2332166 0.2079402 0.2279326 0.2644397 0.2243459 0.1928186 0.1701028 0.1448087 0.1395159 0.1290412 0.2046967 0.204743 0.1832798 0.2078644 0.2298777 0.198123 0.1733231 0.1790233 0.1955905 0.2254671 0.165077 0.09373338 0.07022514 0.04915088 0.05013693 0.06904359 0.07741441 0.09654693 0.1271916 0.1529246 0.1906217 0.1771246 0.1520866 0.1361735 0.1268941 0.09794513 0.06704038 0.05052568 0.04549614 0.03894161 0.03942175 0.01754032 0.0008870967 0.005725806 0.01314516 0.01116935 
0.2617757 0.2122571 0.3302589 0.2616535 0.1617565 0.174602 0.2337257 0.1848029 0.2136828 0.2763996 0.2911347 0.2683029 0.2799247 0.3194683 0.2532313 0.2252063 0.1946086 0.1797444 0.163843 0.1929978 0.2217536 0.2535882 0.2359467 0.2177658 0.184683 0.1964333 0.1969686 0.2066281 0.2351762 0.2611845 0.2044827 0.1652464 0.1231246 0.08692825 0.06714656 0.07304057 0.08437456 0.09578919 0.1180086 0.1442785 0.1650155 0.167263 0.1422204 0.1303525 0.1032509 0.09102894 0.06909643 0.05226706 0.04732107 0.0450855 0.04295179 0.00532258 0.01548387 0.006532258 0.01096774 0.004798387 
0.1717512 0.1894121 0.2552716 0.2384904 0.169756 0.1679896 0.209002 0.2066601 0.2255465 0.2213216 0.2456403 0.1999932 0.239803 0.2468172 0.2152686 0.2015261 0.1637224 0.17651 0.1546873 0.1771317 0.2214977 0.1857325 0.1688787 0.1660914 0.2108927 0.1963009 0.1399888 0.1348665 0.2082711 0.2897143 0.2080093 0.2272278 0.1396136 0.1166393 0.07593755 0.1026666 0.08866055 0.07972571 0.1873171 0.1353462 0.1214139 0.1272705 0.1082626 0.1165782 0.09722512 0.06699213 0.07452171 0.02221774 0.01947581 0.02532258 0.02133065 0.02129032 0.05927419 0.04451613 0.01697581 0.004153226 
0.1631114 0.1569607 0.2474155 0.2488312 0.1533424 0.1339089 0.1964791 0.2240992 0.2602994 0.2850175 0.2707809 0.2002093 0.2022739 0.1965956 0.2180274 0.2136416 0.1989283 0.1734215 0.1739066 0.2081834 0.1972823 0.1746124 0.1776934 0.1438397 0.2378661 0.2603971 0.169295 0.1617791 0.227141 0.1904451 0.1665711 0.1647592 0.1685949 0.1442448 0.1457277 0.1037536 0.1182287 0.09034755 0.1563489 0.1513765 0.1519793 0.1106504 0.09625667 0.09459727 0.09654733 0.08338963 0.08788287 0.01403226 0.01798387 0.03951613 0.04625 0.02975806 0.09649193 0.0791129 0.04943548 0.01237903 
0.2125239 0.1796292 0.247989 0.2029475 0.1807928 0.1830839 0.1960584 0.2459645 0.2468576 0.2594376 0.2547401 0.1833957 0.2045079 0.1690892 0.2062992 0.2271627 0.2347748 0.198581 0.2038584 0.2363854 0.209704 0.185338 0.1641499 0.1834391 0.2011937 0.2129312 0.1727436 0.1985749 0.2675683 0.2762452 0.1762879 0.2064164 0.2219087 0.1785421 0.1589772 0.1478029 0.1825058 0.1327711 0.1111828 0.116092 0.1652334 0.1290684 0.09929446 0.09733744 0.1220237 0.1058095 0.07651019 0.01068548 0.01141129 0.02552419 0.04625 0.02471774 0.03145161 0.07713709 0.08262096 0.04580645 
0.2977178 0.2608729 0.2405434 0.2436572 0.2010324 0.1962352 0.1890792 0.2161984 0.2163939 0.2564868 0.2360449 0.1877137 0.1833261 0.1910141 0.2230134 0.2192301 0.2438718 0.2284169 0.2327784 0.2444494 0.2386679 0.2161489 0.1636112 0.197954 0.2244022 0.1988045 0.2749585 0.2881727 0.2060781 0.2023465 0.2521121 0.2646774 0.2669287 0.214961 0.1858677 0.1809626 0.1991071 0.2002131 0.1884566 0.1230542 0.1386382 0.1215479 0.1024246 0.09839711 0.1240998 0.115806 0.08014726 0.0007258064 0.01076613 0.01282258 0.02 0.0166129 0.02564516 0.04185484 0.06810483 0.06157257 
0.2718219 0.2757663 0.2772698 0.2275384 0.1580396 0.1286515 0.1436113 0.2096366 0.1858037 0.2057514 0.1761968 0.1891753 0.2361717 0.2350778 0.2309241 0.225527 0.213872 0.234339 0.264376 0.2358555 0.2129808 0.2378986 0.1638597 0.2008848 0.220503 0.2174197 0.2438958 0.2649358 0.238094 0.1923464 0.2546546 0.2668819 0.2192943 0.2095828 0.1959397 0.1968049 0.200967 0.2352931 0.1469581 0.1400647 0.1437362 0.1379125 0.1047436 0.09577059 0.1043629 0.1012112 0.07397018 0.003508064 0.01004032 0.008951612 0.006532257 0.01096774 0.01814516 0.02935484 0.06245968 0.04979838 
0.2292734 0.2185331 0.1959709 0.2292738 0.1685686 0.1189393 0.1154565 0.1997343 0.2351324 0.1952253 0.1647737 0.1952095 0.1800472 0.2250046 0.2743473 0.2650385 0.2310172 0.2527682 0.2643112 0.2215077 0.2155855 0.2081421 0.1716874 0.2003643 0.2014342 0.2196941 0.2681952 0.2763832 0.2118365 0.2115442 0.229442 0.2807358 0.2344539 0.2263821 0.2339387 0.2702925 0.2883014 0.3385937 0.2549034 0.2019017 0.2015359 0.1476972 0.1214226 0.09996069 0.09546398 0.08165515 0.07231475 0.01685484 0.02427419 0.01463709 0.007137096 0.0191129 0.02060484 0.03564516 0.03548387 0.0266129 
0.18955 0.2049633 0.2119494 0.2556182 0.1835842 0.1604559 0.1621286 0.2468609 0.2501275 0.2159095 0.2066614 0.2031033 0.1922358 0.2024812 0.2318571 0.2649598 0.230349 0.2231598 0.2502424 0.2397258 0.2244575 0.2276069 0.2049627 0.2070928 0.1739928 0.1912766 0.2240762 0.2483277 0.2050385 0.2434368 0.2085678 0.2741158 0.2594459 0.2636067 0.2798436 0.3435499 0.3969029 0.415212 0.3432237 0.2414497 0.1750732 0.203955 0.1655305 0.0947548 0.08538534 0.09642991 0.0997119 0.05741935 0.02108871 0.01866935 0.01419355 0.01701613 0.02028226 0.0303629 0.02927419 0.01979839 
