ncols         56
nrows         54
xllcorner     28.264
yllcorner     -5.7719999999999
cellsize      0.25
NODATA_value  -9999
0.005329935 0.0106539 0.01523347 0.01305183 0.008002255 0.004328533 0.01382386 0.02247457 0.02380682 0.02542746 0.03121508 0.02846076 0.02953808 0.0328785 0.04290888 0.05658637 0.03227568 0.0235112 0.01132048 0.007573231 0.01881703 0.03417818 0.03152779 0.04169925 0.05110911 0.05095395 0.06553765 0.08052878 0.09383732 0.1014516 0.1309117 0.1464073 0.1294005 0.1289333 0.1558611 0.1263227 0.1579724 0.1376974 0.13266 0.1462329 0.1263004 0.1037214 0.09748826 0.1040359 0.1077224 0.114022 0.1112172 0.1208849 0.114532 0.1097339 0.1088531 0.1199235 0.1199383 0.1169411 0.1079053 0.147977 
0.005210893 0.00890567 0.01599446 0.01249136 0.007021821 0.01967535 0.01985239 0.03173105 0.0375088 0.03575137 0.03657375 0.03939542 0.0421454 0.04538103 0.05610231 0.0468279 0.0334457 0.02485051 0.01299277 0.007954858 0.01302094 0.009485801 0.00999903 0.03651711 0.04755678 0.06375153 0.08275991 0.1001519 0.099329 0.1213745 0.1145757 0.1364613 0.1313528 0.1476898 0.1562643 0.1689028 0.1735108 0.1546309 0.1578283 0.1340221 0.1255835 0.09654938 0.1110048 0.1168711 0.1139495 0.1254299 0.1183514 0.1222428 0.1290486 0.1273298 0.1182848 0.09766908 0.09225684 0.08759448 0.0962443 0.1303126 
0.006579077 0.01056896 0.02071876 0.0305767 0.02691283 0.02544127 0.02319758 0.04411267 0.05158373 0.05040107 0.0408984 0.05070595 0.06160274 0.06351081 0.05193966 0.04120956 0.03063134 0.02209611 0.01240975 0.00436047 0.008062143 0.01182362 0.01525001 0.03510245 0.05241712 0.07567127 0.1236782 0.121705 0.1140696 0.1198217 0.09727084 0.1602634 0.1724751 0.1665499 0.1893977 0.1983734 0.1683118 0.1477869 0.1422393 0.1175232 0.1227635 0.1291988 0.126368 0.1158007 0.1195718 0.1224705 0.1249216 0.1260999 0.1269496 0.1056995 0.1092356 0.08407255 0.08180515 0.08631343 0.09425224 0.1379256 
0.02024103 0.0210818 0.03970034 0.04134426 0.03707117 0.02902739 0.02252516 0.03241316 0.03374692 0.04076079 0.04305149 0.05045414 0.05685977 0.06481206 0.06138634 0.06442401 0.0486068 0.0316854 0.01449053 0.006486784 0.01302431 0.01676065 0.02847086 0.039549 0.04720214 0.07053754 0.1081191 0.1157171 0.1016754 0.1201641 0.1760099 0.2768081 0.2936033 0.2638329 0.3024552 0.3229001 0.2357621 0.1943743 0.1432126 0.1062839 0.1442265 0.1741419 0.152083 0.1364982 0.1161901 0.129234 0.1405586 0.1365826 0.1311409 0.1012055 0.08487251 0.0608434 0.05426005 0.06298292 0.06996131 0.06716745 
0.02020484 0.02265762 0.02201186 0.04468227 0.03518948 0.03055766 0.02444919 0.03698704 0.03928468 0.04280078 0.05145711 0.05004519 0.06303267 0.06574368 0.06470061 0.0648282 0.05023189 0.03109284 0.02271763 0.008306682 0.01137637 0.0130211 0.01239475 0.03609504 0.05154827 0.05849814 0.06537138 0.08695076 0.08592962 0.1074657 0.1429067 0.2508994 0.2699637 0.2726559 0.3087346 0.2694166 0.2307629 0.1630781 0.1223904 0.1264775 0.1836378 0.1402077 0.1312253 0.1423169 0.1259125 0.1287954 0.1419752 0.1376181 0.1360201 0.1248856 0.09576949 0.06822865 0.07027695 0.06694798 0.0610055 0.05807684 
0.02181441 0.02069065 0.02266561 0.04465762 0.03551313 0.03088642 0.02829122 0.05402071 0.04528405 0.05370126 0.05907781 0.05503647 0.06138112 0.06419922 0.06552568 0.07289103 0.04597281 0.03048818 0.02423368 0.01113039 0.01538849 0.01397919 0.01295204 0.03756168 0.04941772 0.06962501 0.05663092 0.06997862 0.07498729 0.1110574 0.1676718 0.2378156 0.2371799 0.2749256 0.3144597 0.2379081 0.1909404 0.1317755 0.1076771 0.1424625 0.137483 0.1206105 0.1390673 0.1476536 0.1500776 0.1372323 0.1403023 0.1537847 0.1450718 0.1326161 0.1042249 0.08932715 0.06435631 0.07605015 0.06576446 0.05800429 
0.02434687 0.02436968 0.02933686 0.03630998 0.03589193 0.03688765 0.03297314 0.07301772 0.05583811 0.06075954 0.06586781 0.06826601 0.0622256 0.06752191 0.06811883 0.07594962 0.053718 0.04170733 0.03158371 0.01177954 0.01482437 0.0150531 0.01314912 0.02918497 0.026829 0.0334927 0.03697393 0.06438577 0.08181121 0.1123135 0.1402355 0.2312552 0.2576842 0.290066 0.2940798 0.1987566 0.1832279 0.1350694 0.1127842 0.1331054 0.1624555 0.1483476 0.1620114 0.1471709 0.1539215 0.1450387 0.1456931 0.1413433 0.1353359 0.1138662 0.1040533 0.08010205 0.06834149 0.08360408 0.11041 0.09602237 
0.01831792 0.02330858 0.03041362 0.05582193 0.05659448 0.07089727 0.07533054 0.07177716 0.0798693 0.068006 0.080773 0.09758753 0.0785558 0.07359076 0.05916053 0.02985572 0.02070723 0.01328099 0.01544495 0.01748854 0.01204065 0.008116178 0.006462953 0.02038993 0.02614278 0.04181697 0.03747026 0.05797514 0.06916449 0.09254389 0.08707636 0.1825823 0.1911936 0.1834898 0.1723732 0.08439973 0.1044048 0.07484411 0.1137712 0.1553527 0.1852024 0.1818743 0.1710883 0.170382 0.1788597 0.1931481 0.1384618 0.1098696 0.1126647 0.09416188 0.06731592 0.04590905 0.06032863 0.04651715 0.08482713 0.1014899 
0.02804475 0.03053379 0.02800486 0.06805291 0.07316723 0.0774452 0.09169615 0.0824248 0.08073955 0.07964987 0.09483334 0.1180315 0.08789824 0.08793735 0.06959599 0.03128425 0.01827059 0.01438315 0.02398114 0.02353792 0.01655588 0.01456955 0.01401665 0.02420806 0.02611546 0.03544081 0.04896227 0.07325546 0.06687374 0.08889773 0.08466475 0.1178377 0.1560071 0.1358155 0.1123628 0.08148631 0.06905241 0.08731348 0.1285765 0.1523459 0.1674923 0.149589 0.1570289 0.1281902 0.1430227 0.133414 0.1336758 0.1156349 0.109167 0.0902206 0.07198573 0.06906966 0.07624757 0.05533425 0.06802112 0.08653489 
0.04276352 0.0415254 0.03769968 0.08606541 0.1032633 0.1062549 0.110025 0.1212643 0.112904 0.11787 0.1143128 0.1664596 0.1223516 0.0902518 0.08237452 0.03984997 0.02109758 0.01486873 0.02133239 0.02047962 0.01507457 0.02076979 0.02122243 0.02001776 0.03486782 0.03779986 0.06863899 0.07253826 0.07270829 0.07582036 0.06585676 0.1196621 0.1036477 0.07898343 0.1030126 0.09615353 0.08467531 0.08847906 0.1370558 0.1683202 0.1271976 0.134436 0.1414299 0.1261836 0.1181795 0.129434 0.1814122 0.1116028 0.08647078 0.08267098 0.09509115 0.08687299 0.07644694 0.07959693 0.1212011 0.08237148 
0.0409329 0.03983203 0.05203206 0.1121604 0.1287087 0.1425585 0.1390583 0.1626578 0.1513661 0.1586215 0.1739481 0.2189795 0.1627576 0.116404 0.08592112 0.04674993 0.02481803 0.01572837 0.02697373 0.0142508 0.006688545 0.004807156 0.00805377 0.03353325 0.03565058 0.04382301 0.058769 0.05592621 0.07750503 0.07921116 0.07521088 0.08845311 0.0818793 0.08147081 0.1040979 0.1499561 0.1317517 0.1129192 0.1450503 0.1554582 0.1446415 0.1957518 0.2000082 0.1515605 0.1599108 0.1518037 0.1800283 0.1214033 0.08588934 0.08640806 0.09988369 0.1056112 0.0848447 0.08671581 0.06940689 0.06331995 
0.04767386 0.05128013 0.06415928 0.0950555 0.09624249 0.1006686 0.09977645 0.1227785 0.1232075 0.1615533 0.2116531 0.1803257 0.1412984 0.1243199 0.08301383 0.04932076 0.03132334 0.02877065 0.03130733 0.01544403 0.008998592 0.007741428 0.01704298 0.03123417 0.06107396 0.03532398 0.04264047 0.04445679 0.05769793 0.04623092 0.0495933 0.04755011 0.04985042 0.0516796 0.07641866 0.1648464 0.1663034 0.1619257 0.1573987 0.1562717 0.186277 0.149677 0.1830617 0.1367122 0.16042 0.1639836 0.1474544 0.1412598 0.1229369 0.1174096 0.1230086 0.09955774 0.1149136 0.08908737 0.1026588 0.09809919 
0.05456809 0.05921204 0.07063387 0.08807782 0.1221202 0.1115472 0.1128045 0.1282553 0.1190127 0.1639013 0.1838976 0.1834597 0.1247214 0.1067128 0.08273785 0.05326605 0.0420318 0.03906922 0.03278461 0.01558385 0.007434264 0.007948737 0.02485266 0.02965208 0.02725064 0.02895798 0.04242912 0.04020851 0.03536478 0.03944784 0.05072963 0.0591117 0.04581781 0.03509737 0.05425568 0.1252383 0.1498875 0.1428768 0.1638177 0.1627449 0.158517 0.1501655 0.1737498 0.1450204 0.153847 0.1446509 0.1430193 0.1612572 0.1465413 0.1292268 0.113149 0.07308279 0.1036478 0.1099372 0.112733 0.08321586 
0.06804327 0.07973741 0.08639831 0.09518261 0.1299901 0.1811278 0.1217333 0.1533733 0.1450243 0.1513626 0.1902997 0.1449051 0.1155288 0.0991221 0.08188107 0.07033511 0.05988741 0.0553612 0.03698414 0.02593259 0.01467961 0.01971061 0.0160263 0.03443054 0.02978931 0.03513439 0.04539219 0.04267341 0.03639429 0.04174406 0.0439206 0.05789928 0.04783591 0.04272627 0.04740688 0.1410558 0.1524621 0.1398466 0.1572108 0.1754746 0.1678842 0.1739694 0.1679522 0.1525705 0.1520033 0.1553062 0.1594231 0.1929994 0.1594819 0.1342775 0.1118726 0.06991936 0.07831164 0.07468818 0.1124681 0.1068904 
0.08679429 0.103965 0.1083313 0.09933845 0.1185446 0.1233697 0.1625725 0.1356491 0.1502665 0.1704076 0.1720183 0.1696452 0.1336281 0.1137472 0.08618472 0.08435222 0.08652041 0.08200902 0.05927675 0.03471594 0.0199625 0.02111 0.02736037 0.04935933 0.04677584 0.04678705 0.04974072 0.05119606 0.04681911 0.04661676 0.05090297 0.04013372 0.04501162 0.03782512 0.06255578 0.1416602 0.2122878 0.1581002 0.1830169 0.189283 0.1892023 0.1798486 0.1778238 0.1714831 0.2387967 0.1844488 0.1707479 0.2273369 0.1722925 0.1360259 0.1254381 0.07835163 0.07143003 0.06793913 0.07952807 0.1082322 
0.1119421 0.08549938 0.09030874 0.09920633 0.09005767 0.1005763 0.1173631 0.1302503 0.0997915 0.1582741 0.1625257 0.1365505 0.1298906 0.1263237 0.1225699 0.09059864 0.09896893 0.1167352 0.1089481 0.06536441 0.03038447 0.01868368 0.02434366 0.04188756 0.04021545 0.02834076 0.02716706 0.03049937 0.02864831 0.02738943 0.02808688 0.02606592 0.03179877 0.04244405 0.08592568 0.108668 0.1186282 0.1326296 0.223278 0.2835615 0.2457619 0.2298007 0.2162582 0.2106355 0.2078489 0.213111 0.2232955 0.2049314 0.1628327 0.1382758 0.1268271 0.09143609 0.07132158 0.07612458 0.08874637 0.09346668 
0.09370881 0.08819387 0.1006718 0.1045735 0.1056945 0.08601949 0.08159274 0.08870365 0.08104869 0.09603601 0.08378638 0.1005375 0.1426707 0.1355705 0.1149449 0.1117576 0.1139841 0.0934154 0.1036872 0.04721817 0.03423867 0.021647 0.01581364 0.03750989 0.05280322 0.0276397 0.02608826 0.03042194 0.02766599 0.02562843 0.02669195 0.02380515 0.03082935 0.03960128 0.09305706 0.1148563 0.08904112 0.1104752 0.1563383 0.2045222 0.2299055 0.2583953 0.2286828 0.2181292 0.2021187 0.211855 0.2045884 0.2068744 0.1960971 0.147814 0.1356183 0.09033312 0.07661775 0.09069835 0.09052389 0.09349927 
0.09823125 0.1055142 0.1300975 0.1362895 0.09341948 0.08390754 0.08398107 0.09936164 0.07224851 0.07517623 0.07200035 0.08931816 0.1110885 0.1235896 0.1122062 0.1221519 0.1053998 0.08136425 0.08297314 0.04767971 0.04678344 0.04477383 0.0191676 0.03890333 0.06201963 0.03554459 0.04395975 0.04533918 0.02714287 0.02596286 0.0261522 0.02502398 0.02989732 0.03536336 0.06246984 0.066126 0.07593603 0.1000883 0.149432 0.1823176 0.2024507 0.2693924 0.2833675 0.2729628 0.2332622 0.211237 0.1878917 0.1891088 0.2020107 0.2220588 0.1660711 0.09319938 0.1130613 0.11629 0.08573896 0.09751465 
0.1212418 0.1297076 0.1308261 0.1534232 0.1053374 0.08833289 0.09163065 0.07190166 0.08926562 0.07736769 0.06927897 0.0968115 0.1145138 0.1519065 0.1288545 0.1453148 0.1420916 0.1057996 0.1060079 0.09532899 0.06823391 0.0590022 0.02293937 0.06945449 0.05260171 0.05368647 0.05379344 0.04867009 0.03002899 0.02732625 0.02774907 0.02800251 0.03000922 0.03595487 0.04433683 0.05870373 0.06543635 0.08983649 0.1247891 0.1452032 0.1820448 0.1944005 0.1950749 0.1827054 0.1879736 0.2118479 0.1663288 0.168989 0.1548305 0.1646731 0.1984059 0.1348321 0.1064257 0.1293716 0.1125721 0.1114829 
0.1616093 0.1482798 0.1320246 0.1386683 0.1043554 0.08120582 0.07994705 0.08630005 0.08630848 0.08484739 0.07962636 0.1077743 0.1366979 0.1627977 0.1551555 0.1290442 0.1295732 0.1318393 0.1346403 0.1139945 0.1019161 0.09662134 0.07231968 0.05834211 0.06550199 0.0528946 0.05065111 0.05243854 0.04697052 0.04050106 0.04069307 0.04495831 0.04277322 0.04681129 0.05047759 0.03923323 0.05207681 0.06323189 0.07480735 0.1197844 0.1511986 0.1431177 0.1523371 0.1579632 0.1643836 0.1691411 0.1458217 0.1471951 0.139854 0.1361842 0.153603 0.1238649 0.1146914 0.115912 0.1263756 0.1258076 
0.1189427 0.1208125 0.1309858 0.1333026 0.1268344 0.08448397 0.07150094 0.0777804 0.07523925 0.0706193 0.07125613 0.08946884 0.1029459 0.1307967 0.1281387 0.1318198 0.1334793 0.124671 0.1274782 0.1323227 0.1270492 0.08970092 0.07764485 0.07310535 0.08332548 0.06164518 0.06504553 0.07671589 0.05241982 0.04670376 0.05737675 0.05526595 0.04697631 0.04747884 0.05150771 0.04381606 0.04801787 0.04824103 0.05884073 0.1239439 0.1715616 0.1241903 0.1339453 0.1628586 0.1776766 0.1557491 0.1509468 0.1407912 0.1395105 0.1313749 0.1392845 0.1331319 0.1216876 0.1272331 0.1406248 0.1230935 
0.1330702 0.1261874 0.1198034 0.1597546 0.1585709 0.08487983 0.07311344 0.09433564 0.06803161 0.05800805 0.06263835 0.07440951 0.07821099 0.1084938 0.115217 0.1213466 0.131694 0.1166001 0.1175367 0.1339221 0.1174364 0.09399194 0.09214829 0.07514604 0.07629406 0.06828908 0.07700339 0.1079413 0.06995356 0.06048465 0.05987488 0.08243629 0.07597761 0.0674824 0.06353027 0.04406645 0.04677184 0.04818638 0.06119279 0.09808222 0.1251326 0.121207 0.1135736 0.1337664 0.1734875 0.175318 0.1469786 0.1395472 0.1358162 0.1264393 0.1354987 0.1648692 0.1332416 0.1339476 0.1359957 0.1270115 
0.1275351 0.1293506 0.1167008 0.1426372 0.1129622 0.07943224 0.08049461 0.1144568 0.06980308 0.05734536 0.05689845 0.06850693 0.07213385 0.09433515 0.1278747 0.1212791 0.1241226 0.1035208 0.1016247 0.1449875 0.1309698 0.1102014 0.1092315 0.0914456 0.09252719 0.09369291 0.08783094 0.1018724 0.09012744 0.07858511 0.06868955 0.07809658 0.07428256 0.06622466 0.07141519 0.046235 0.04514835 0.04707203 0.07911471 0.1185121 0.117258 0.1247157 0.116502 0.1503154 0.1799464 0.1273988 0.1346866 0.1688127 0.1515894 0.1340056 0.1520688 0.1784187 0.1539134 0.1533144 0.151079 0.1615889 
0.2122027 0.2286526 0.141946 0.1229902 0.09057298 0.0724204 0.07133046 0.09463093 0.08841781 0.07882181 0.07556527 0.0902091 0.09293824 0.09918956 0.1013264 0.1059597 0.09158821 0.08545026 0.08653814 0.08804636 0.09226745 0.08500287 0.1097129 0.1194231 0.1206577 0.1300103 0.1357391 0.1348848 0.1260434 0.1169351 0.1108535 0.1070662 0.09623592 0.09222408 0.09594983 0.1071655 0.09579608 0.09936262 0.1014939 0.09589434 0.1032378 0.1281595 0.1045946 0.1084213 0.1550033 0.1536914 0.1611615 0.1857791 0.1958932 0.1770965 0.1908409 0.2065656 0.1980754 0.1928752 0.26634 0.3026745 
0.1291644 0.1502569 0.1616737 0.1320162 0.09778888 0.09094238 0.07076511 0.08941028 0.08365569 0.07955866 0.07857632 0.08824554 0.08597756 0.08544155 0.08432826 0.08553638 0.07879129 0.08064316 0.07739028 0.08377621 0.08711304 0.09467062 0.09783431 0.1450895 0.1441155 0.149937 0.1566214 0.1371467 0.1460715 0.1397337 0.1344257 0.1268794 0.113818 0.1051199 0.1018307 0.1121915 0.1102382 0.09929406 0.09900063 0.08431588 0.09602713 0.1047244 0.09351756 0.1040287 0.1444808 0.1829489 0.1809669 0.144099 0.1710412 0.160144 0.1851654 0.1640466 0.1815062 0.2025682 0.2283097 0.2907765 
0.1461904 0.1470753 0.1715938 0.1245457 0.1047737 0.08917043 0.072292 0.09229012 0.08867829 0.08408828 0.08577981 0.09196784 0.08743358 0.08377736 0.07827236 0.07739113 0.07519535 0.07134576 0.07307667 0.08544734 0.08469304 0.08450282 0.09811226 0.1612463 0.1599395 0.1706375 0.1596969 0.1539467 0.1725848 0.1585325 0.1354297 0.1371621 0.1236684 0.1187135 0.1162722 0.12086 0.1220014 0.1165667 0.1086593 0.08903286 0.09114841 0.1064444 0.09443516 0.1160553 0.1361968 0.1646013 0.1847576 0.1928498 0.161336 0.1654236 0.2027433 0.173333 0.2164846 0.2592981 0.2723865 0.2228347 
0.1346426 0.1293346 0.1480922 0.1126219 0.1363252 0.09417103 0.06620976 0.09092694 0.0909282 0.09445298 0.08850152 0.09321764 0.09129614 0.0842168 0.07737563 0.07187391 0.0720291 0.0735518 0.07835401 0.08302309 0.08644342 0.08597925 0.1202023 0.1876908 0.1839812 0.1859218 0.1802639 0.1787554 0.1663224 0.1564473 0.1498998 0.1510321 0.1346991 0.1262653 0.1197202 0.118642 0.1206703 0.1289112 0.1240693 0.1003549 0.1031497 0.1016284 0.1087057 0.136214 0.1561838 0.186288 0.2268343 0.1624217 0.1811928 0.2070206 0.255752 0.2042948 0.2037483 0.2491137 0.2972091 0.363383 
0.1862256 0.1331068 0.147307 0.1192471 0.1064995 0.09185682 0.08005826 0.1291498 0.1225398 0.1188955 0.1073189 0.1013908 0.09280544 0.08631966 0.08214986 0.07198031 0.07493612 0.07592094 0.07904599 0.09333698 0.09544921 0.1157688 0.1571084 0.2419473 0.2476691 0.2464371 0.2396342 0.1887372 0.1674228 0.1547811 0.1582767 0.1589878 0.1453392 0.1392213 0.1381514 0.1248464 0.1263403 0.1323168 0.1372635 0.1198099 0.1167599 0.1195274 0.1194598 0.1405902 0.1383988 0.1656982 0.1965732 0.1428304 0.1455406 0.1616626 0.1732578 0.1718734 0.1201028 0.1623237 0.1777088 0.2568683 
0.1364293 0.1172 0.1135993 0.1076307 0.1037617 0.08819587 0.08283724 0.1217206 0.1108264 0.1044379 0.09613909 0.09678806 0.09119196 0.0897333 0.0856716 0.07788692 0.07921748 0.08607126 0.09701487 0.1100675 0.1222273 0.1364889 0.1685854 0.2511366 0.2742952 0.2957299 0.2716595 0.2125361 0.1786259 0.170282 0.1627985 0.1575078 0.1600609 0.1551171 0.1471917 0.136398 0.1437683 0.1475277 0.1457321 0.1435829 0.1411153 0.1245511 0.1244788 0.1505415 0.1556306 0.1692667 0.2107851 0.1433184 0.1416919 0.1388166 0.1616278 0.1595373 0.1388545 0.129461 0.2106607 0.3115615 
0.1444803 0.1152387 0.1248089 0.09860947 0.08678236 0.08092862 0.08669681 0.1190714 0.1096078 0.1010793 0.09764059 0.09401745 0.09800801 0.09724838 0.1073072 0.102335 0.106499 0.1089002 0.1230034 0.1343834 0.1188293 0.1755267 0.2361597 0.3167593 0.3116034 0.3338819 0.3083527 0.2292207 0.1807392 0.1786518 0.1604137 0.1634512 0.1543968 0.1594459 0.1555611 0.1472564 0.1554708 0.1571539 0.1635718 0.1461969 0.1433643 0.1397658 0.1484088 0.174112 0.1714476 0.177291 0.2365565 0.1803682 0.1425705 0.1369928 0.1784595 0.1507458 0.1532215 0.1267514 0.1713523 0.2764853 
0.1556835 0.1562986 0.1537755 0.1039507 0.07420419 0.08060972 0.08333247 0.1061167 0.1060326 0.1001759 0.09933846 0.0962288 0.09932437 0.1023263 0.1331441 0.1343428 0.1397104 0.1459346 0.1593317 0.1695568 0.1768623 0.1752368 0.2008325 0.3290205 0.3728925 0.3737923 0.3240102 0.2582807 0.193384 0.1815343 0.1701441 0.171921 0.157761 0.1536421 0.1631656 0.159162 0.1678007 0.171335 0.1831561 0.1526098 0.1654915 0.1618069 0.1744684 0.1849556 0.1992186 0.2044448 0.2400709 0.1407044 0.14824 0.1521867 0.1889135 0.1313919 0.1143051 0.1304841 0.1540338 0.1820023 
0.1222798 0.1251969 0.1211175 0.1197155 0.1019764 0.09269562 0.09552331 0.1234283 0.1162933 0.1110641 0.1121669 0.114729 0.1246617 0.1481054 0.1992597 0.2700394 0.263757 0.2968943 0.3296316 0.2959516 0.2907939 0.2437092 0.2643053 0.2973635 0.3379263 0.4018481 0.3389638 0.2748157 0.2272366 0.207167 0.201445 0.1751852 0.1623281 0.1619923 0.1721182 0.2120383 0.2281008 0.243335 0.2421616 0.2099776 0.2108303 0.1918462 0.1938501 0.167224 0.1409642 0.1564729 0.1617962 0.1283077 0.1009893 0.1247402 0.1730851 0.1860725 0.1872699 0.1835507 0.2199495 0.2546212 
0.09669948 0.09732736 0.1042399 0.1149076 0.09819931 0.09171215 0.09909675 0.1128598 0.1098562 0.1127286 0.1101504 0.1191668 0.1288247 0.1712782 0.2330817 0.286036 0.261033 0.3063236 0.3341968 0.2754122 0.2644324 0.25128 0.2583818 0.2868164 0.3495274 0.3546907 0.3037929 0.2814153 0.2554348 0.2141489 0.2017672 0.17766 0.1647302 0.1704419 0.1842407 0.2287479 0.2394773 0.2587703 0.2575934 0.2215856 0.212047 0.1881979 0.1905569 0.1425728 0.1258351 0.1341973 0.1573776 0.1618838 0.1517306 0.1831648 0.1959773 0.2087394 0.2056327 0.2028193 0.1949978 0.1662245 
0.1066421 0.1081793 0.08702397 0.09996022 0.09452964 0.09471545 0.09527048 0.1079756 0.1084025 0.1115418 0.1166648 0.1283898 0.1403874 0.1641965 0.2011763 0.251759 0.26956 0.3028566 0.3683662 0.2706407 0.2412047 0.233344 0.2625468 0.2789817 0.3433078 0.3505612 0.2978539 0.2621166 0.251792 0.2325867 0.2059322 0.1841166 0.1675203 0.1761075 0.2054823 0.2519282 0.2370378 0.2441905 0.244854 0.2102956 0.1963086 0.1871736 0.1945171 0.1318213 0.1215178 0.1329813 0.1893293 0.1562406 0.1253314 0.1628557 0.1889241 0.1995006 0.205087 0.1921876 0.220566 0.1707073 
0.1133048 0.08653019 0.0847083 0.09765393 0.09781092 0.09814002 0.09294561 0.1077173 0.1104561 0.1115193 0.1174404 0.1388592 0.1671151 0.1856954 0.2265971 0.2734642 0.308497 0.3641083 0.3642784 0.2650111 0.2381319 0.2478005 0.2498202 0.2635795 0.3040368 0.3027868 0.2903608 0.2509834 0.2390114 0.2225468 0.2074331 0.1880165 0.1663435 0.1687565 0.2028832 0.2314495 0.2276408 0.2366342 0.2341513 0.2095239 0.1961517 0.1849398 0.2027249 0.1526477 0.1300467 0.1435782 0.198401 0.1976349 0.1282209 0.162057 0.1867592 0.2557074 0.2130708 0.2150693 0.2716525 0.1561153 
0.1166286 0.09382678 0.07772652 0.1025253 0.09888642 0.1015681 0.09332929 0.1149611 0.1179384 0.1271092 0.1389256 0.1761141 0.1983811 0.2184713 0.2790788 0.4163286 0.4240541 0.4269609 0.4200477 0.3186818 0.2815974 0.2701527 0.2938749 0.3849008 0.3600072 0.3059497 0.2833278 0.2348272 0.2259851 0.1955498 0.1989819 0.1815548 0.1722655 0.1655366 0.1758105 0.1939586 0.1961696 0.1944989 0.1913719 0.1819427 0.181652 0.1705522 0.1838774 0.225308 0.2221761 0.227501 0.259246 0.3135178 0.2896655 0.2020733 0.227478 0.2721012 0.2180501 0.1927622 0.2699231 0.2800856 
0.09299775 0.08594006 0.0787594 0.1043408 0.1011145 0.1070937 0.09178734 0.109855 0.1203899 0.1243933 0.1321256 0.1655759 0.2028098 0.2167296 0.2510047 0.3392236 0.3453182 0.3763848 0.3683175 0.2822257 0.2598275 0.2388382 0.2644208 0.3469893 0.298952 0.2821006 0.2659052 0.2129674 0.1968663 0.1929111 0.1954409 0.1887621 0.1650873 0.1570714 0.1588382 0.1728136 0.1900493 0.1784951 0.1789 0.2142762 0.2009108 0.1701581 0.1932476 0.2076637 0.2587707 0.2417984 0.2423881 0.2752311 0.2829518 0.2390973 0.2456286 0.2374397 0.238992 0.1964494 0.2561595 0.2635319 
0.09765535 0.06664423 0.05962574 0.08700954 0.09252182 0.09877611 0.0914434 0.1103589 0.1213687 0.1248213 0.132047 0.1603051 0.1911208 0.2200691 0.2485739 0.2883401 0.2884877 0.3273087 0.3278068 0.2807213 0.2450672 0.240473 0.3076792 0.2875772 0.2550655 0.2513512 0.2373288 0.1968429 0.184371 0.1928667 0.1904747 0.1922652 0.1712499 0.1610454 0.1622685 0.1813323 0.1801457 0.1776524 0.1742086 0.192503 0.1828397 0.1898953 0.2175597 0.1719866 0.2239807 0.2602782 0.2407098 0.2322594 0.2905271 0.3014086 0.2861027 0.2731797 0.2976574 0.2320136 0.2395708 0.1885 
0.07732964 0.06396592 0.05666194 0.07771638 0.08797441 0.09185148 0.08739443 0.1051082 0.1202605 0.1347776 0.1437345 0.1569588 0.1869968 0.1956166 0.2355833 0.2690662 0.2842647 0.3039656 0.3353291 0.284642 0.261302 0.3066067 0.3213582 0.2662821 0.2624274 0.2399562 0.2271608 0.1881436 0.1825878 0.1980154 0.2177516 0.2219725 0.1875751 0.1703904 0.1883063 0.1925717 0.1922874 0.1800477 0.1819099 0.2032847 0.1913527 0.1991483 0.2106093 0.1900417 0.2039917 0.2510076 0.278465 0.2385833 0.2803763 0.2772616 0.305583 0.3939654 0.3110651 0.2584715 0.2070174 0.2729167 
0.08735285 0.07449417 0.06391308 0.07310736 0.07961877 0.08299707 0.07785449 0.1207313 0.129914 0.1362218 0.1589485 0.1500971 0.1658325 0.1988059 0.1996948 0.2432375 0.2496787 0.2788602 0.2842138 0.2745474 0.251062 0.2669994 0.2571469 0.2730148 0.2457545 0.2115801 0.2020369 0.1773533 0.1738907 0.1908772 0.2401934 0.2265412 0.2025487 0.1989103 0.2026893 0.208096 0.2035046 0.1969054 0.2041457 0.2609884 0.2369926 0.2397762 0.2767561 0.3353331 0.2919942 0.3095916 0.3584452 0.3431988 0.4243272 0.4646843 0.5377538 0.5509368 0.4807761 0.3447877 0.3604712 0.3770417 
0.0779775 0.07017303 0.06088643 0.07292974 0.07649496 0.07735568 0.07090297 0.1148367 0.1185796 0.12826 0.1378305 0.1393183 0.1677865 0.1924877 0.1863512 0.2318466 0.2448794 0.2547487 0.2625116 0.2448175 0.2425372 0.2344643 0.235117 0.270724 0.2232518 0.187339 0.1853849 0.1795682 0.1841737 0.1935928 0.2094178 0.2680686 0.2253227 0.2181691 0.215729 0.2092559 0.2095339 0.2153569 0.210495 0.2331909 0.2382255 0.2472647 0.2838337 0.3485973 0.3070078 0.3217441 0.3591783 0.3666488 0.4637441 0.6058803 0.6010163 0.5915797 0.4090656 0.3642873 0.3314441 0.3454584 
0.08665659 0.06603512 0.06434423 0.06891952 0.07309623 0.073307 0.07055122 0.1111641 0.1183936 0.1276078 0.1396607 0.1376913 0.1456209 0.1649165 0.1964737 0.2231863 0.2486483 0.2569691 0.266608 0.2283427 0.2434461 0.2167353 0.21368 0.2262404 0.2131829 0.1915466 0.1744771 0.1799078 0.1791628 0.1978115 0.1952464 0.2252716 0.2288593 0.237317 0.2276732 0.2204739 0.2218632 0.2293271 0.2286816 0.2142388 0.2309591 0.2683 0.2746413 0.3074289 0.3065897 0.3326836 0.367749 0.4995008 0.5995021 0.5726171 0.5736586 0.4628132 0.4338351 0.3653369 0.3391337 0.3309583 
0.09376355 0.08153529 0.07351704 0.0633056 0.06306245 0.0640249 0.0620184 0.1069433 0.1129258 0.1210897 0.1489352 0.1404531 0.1436378 0.1562901 0.1881113 0.2117575 0.2233828 0.2347444 0.2677138 0.2276772 0.2073911 0.223731 0.2181548 0.2087456 0.2009892 0.1869504 0.1741511 0.1842417 0.1819179 0.2013587 0.2218823 0.2251103 0.2289693 0.2535535 0.2361652 0.2418499 0.289828 0.2666877 0.256268 0.2443128 0.2352518 0.270071 0.2913866 0.3144191 0.3600731 0.3517707 0.4972149 0.6200304 0.6034722 0.6555676 0.6195433 0.4735363 0.4059581 0.3731994 0.3536985 0.3640417 
0.1020577 0.07235077 0.0587085 0.07207356 0.06170065 0.06068961 0.04655034 0.0813356 0.08819706 0.112499 0.102115 0.1390256 0.1590392 0.1610027 0.1973785 0.1877522 0.1804653 0.1824235 0.2157549 0.2492068 0.2143958 0.2122836 0.2462755 0.1806805 0.1749135 0.1314421 0.110557 0.1262826 0.1306267 0.2075977 0.2887828 0.2644137 0.2461874 0.2724834 0.2700039 0.3188483 0.4056692 0.3394439 0.3573844 0.2765038 0.2590775 0.2818676 0.3092283 0.3641122 0.3738088 0.4267249 0.6013384 0.6857556 0.6445392 0.7118773 0.560261 0.5440834 0.4849584 0.4450417 0.457125 0.443 
0.05951528 0.0539542 0.05072564 0.05790562 0.04660426 0.05156746 0.05135985 0.07797551 0.1020851 0.1095573 0.1106839 0.1345499 0.1589278 0.1665509 0.1734329 0.1660755 0.1750017 0.1776159 0.1835821 0.1790007 0.1755695 0.2250462 0.2238389 0.1575138 0.1516387 0.1288659 0.08878826 0.1261911 0.1358447 0.162446 0.2069366 0.2419047 0.2368126 0.3029298 0.3106126 0.3445639 0.3478801 0.342127 0.3277328 0.275806 0.2632388 0.3151194 0.2773209 0.3321077 0.3338659 0.3759308 0.6011061 0.6597573 0.662048 0.5692997 0.5737059 0.5418332 0.4891666 0.4545833 0.4673749 0.4530417 
0.05283602 0.04657463 0.05233185 0.05309152 0.04940706 0.06786793 0.06842973 0.08825605 0.08446269 0.09579182 0.1133926 0.1443222 0.1565005 0.1733484 0.1878056 0.1583028 0.1591813 0.1663842 0.1771692 0.1768249 0.1715977 0.2027309 0.1689636 0.1136065 0.1147173 0.110701 0.08745467 0.1225809 0.138561 0.1766906 0.1637707 0.2160123 0.2355192 0.2681786 0.274188 0.3233761 0.3307641 0.3402551 0.3263531 0.2837231 0.2732227 0.279957 0.2857294 0.3387262 0.3450426 0.4246009 0.6537873 0.601817 0.6572617 0.5709915 0.5618721 0.554 0.5204166 0.5333334 0.5099999 0.4139166 
0.06333949 0.05522841 0.0488515 0.05184613 0.05159798 0.08539012 0.0726037 0.09854861 0.1030863 0.1159192 0.141258 0.1789365 0.2382395 0.2182432 0.2198034 0.1626876 0.1622164 0.1637858 0.1775088 0.1714302 0.1777832 0.1649905 0.1464175 0.09186671 0.1112718 0.08687948 0.08426403 0.1176482 0.1576221 0.1909898 0.1646035 0.2240932 0.2289828 0.2362408 0.2459562 0.3016749 0.3313975 0.3313676 0.3247132 0.2920813 0.2864467 0.305664 0.3218306 0.3608094 0.3600941 0.4310015 0.4791624 0.5080096 0.5691948 0.5799341 0.5627177 0.573375 0.5724584 0.55325 0.4990416 0.3607084 
0.06817847 0.06768829 0.06133467 0.07306574 0.06918034 0.1100407 0.1216997 0.1189709 0.1177725 0.1184311 0.1332345 0.1653159 0.1597279 0.14995 0.1586254 0.1950642 0.2009591 0.1588505 0.1475319 0.1995525 0.1798185 0.1564221 0.1420032 0.0952848 0.1217461 0.127764 0.1217331 0.1610072 0.1743631 0.1863085 0.1842452 0.1863425 0.1739104 0.2077652 0.2112155 0.2781883 0.3150213 0.3208768 0.3364852 0.3852256 0.3789288 0.391987 0.426446 0.4556141 0.4690998 0.5675476 0.5897932 0.5407499 0.6302918 0.6190416 0.6308334 0.5418749 0.5514166 0.5205415 0.4897083 0.3759167 
0.04758831 0.05522485 0.1060612 0.1205585 0.09597734 0.1040184 0.1160543 0.1189239 0.1141466 0.1014804 0.1057968 0.138562 0.128487 0.1437337 0.1420963 0.18291 0.2054982 0.1606092 0.1308174 0.1462975 0.1683338 0.1467829 0.1435102 0.09815017 0.09328837 0.1152345 0.104397 0.1315508 0.1482037 0.1496867 0.1626159 0.1972724 0.1869841 0.2002719 0.2235294 0.2969527 0.3099569 0.2985151 0.3148282 0.3969868 0.4258168 0.4415684 0.4922621 0.5282826 0.5323736 0.5726117 0.6709161 0.5662917 0.5693749 0.5590833 0.5841666 0.5002083 0.4858751 0.5111668 0.4358749 0.32525 
0.04026257 0.05353559 0.06900608 0.120383 0.101031 0.08991179 0.07179882 0.1086017 0.1093642 0.1094055 0.1051494 0.140499 0.1431958 0.148919 0.1499862 0.1623152 0.190765 0.1619236 0.1403417 0.1546274 0.1572476 0.1374948 0.1179895 0.1030936 0.1111831 0.09141187 0.07960681 0.1209425 0.1239542 0.1687365 0.1433758 0.1711737 0.1666111 0.1954233 0.2082725 0.2791929 0.2882963 0.2942602 0.311227 0.4001916 0.4411006 0.4708632 0.5182765 0.6020048 0.5939457 0.6070786 0.6404124 0.6175833 0.5776249 0.543375 0.5328751 0.4300833 0.420125 0.4296667 0.3645833 0.2524167 
0.05254327 0.05322731 0.07500657 0.1433993 0.09578053 0.08677962 0.07803148 0.138679 0.1127808 0.109221 0.1163907 0.1411877 0.1468512 0.1636622 0.1689482 0.1810565 0.1782622 0.1482971 0.147797 0.1549051 0.1332465 0.1184643 0.1058654 0.07260691 0.099874 0.08128458 0.07243575 0.1392561 0.1600776 0.1514346 0.1485007 0.1418556 0.1554781 0.1844449 0.2026166 0.2400044 0.2701204 0.3027107 0.319382 0.4035682 0.4593965 0.5149316 0.5366977 0.6275851 0.6272182 0.6204016 0.6162364 0.6944999 0.5754582 0.5634583 0.564625 0.461875 0.4081667 0.39425 0.3820833 0.236 
0.08776797 0.09054948 0.1364016 0.1641281 0.1327583 0.1293781 0.09508866 0.1165412 0.100024 0.1066891 0.1353578 0.1677842 0.1724387 0.195586 0.2034498 0.2076603 0.1917448 0.1548729 0.1644628 0.2242038 0.216037 0.15716 0.1306086 0.1308423 0.1691167 0.1273607 0.1298144 0.1767265 0.1834275 0.1566775 0.1413243 0.1489114 0.1569957 0.1638025 0.1741218 0.1872312 0.200404 0.2400482 0.2816473 0.4473215 0.4989184 0.5476473 0.5715412 0.7681801 0.7248323 0.7101909 0.6941354 0.6851667 0.7859583 0.7282499 0.6642083 0.5335833 0.528375 0.4213749 0.3874167 0.2800417 
0.08349749 0.1105461 0.1359827 0.1628499 0.1301734 0.1325127 0.1318436 0.1119656 0.1275315 0.1261005 0.1397822 0.1883416 0.1892251 0.2173773 0.1997613 0.2615235 0.22958 0.1657717 0.157583 0.2457112 0.2118533 0.1627262 0.1527911 0.1747025 0.1336412 0.1380748 0.1469542 0.1705266 0.1887979 0.1693401 0.1678388 0.1524802 0.1439423 0.1481596 0.1688887 0.2130735 0.2279384 0.2425348 0.2766002 0.4447472 0.5012798 0.53632 0.5803637 0.649451 0.6949612 0.7285581 0.6976042 0.7279583 0.8503332 0.8074166 0.7321251 0.5420417 0.4835417 0.39175 0.364625 0.2522916 
0.06040733 0.08936266 0.09072676 0.1487518 0.1164895 0.1203345 0.1324551 0.1658274 0.1228238 0.1275805 0.1516702 0.2083997 0.1996972 0.179199 0.2015474 0.2376575 0.2265828 0.2249475 0.2152822 0.213699 0.209817 0.1737992 0.1579436 0.1319881 0.09476984 0.1040555 0.1156654 0.1632491 0.2607453 0.1720628 0.1704614 0.1598689 0.1416706 0.1388342 0.1592427 0.1907692 0.2601248 0.2557472 0.259466 0.4313812 0.4734257 0.5370062 0.5687054 0.648065 0.7673001 0.7072829 0.6740668 0.7168332 0.8142083 0.7690417 0.7732084 0.6291666 0.51425 0.4125416 0.4109583 0.3127083 
