ncols         56
nrows         54
xllcorner     28.264
yllcorner     -5.7719999999999
cellsize      0.25
NODATA_value  -9999
0.1270956 0.1607815 0.1442116 0.1350735 0.1814789 0.1371149 0.1301314 0.1006565 0.07218829 0.06234206 0.07320156 0.1695647 0.133853 0.09316355 0.1219213 0.08786437 0.0713308 0.09747082 0.1626316 0.1727927 0.1213326 0.1148713 0.1561269 0.1831202 0.217855 0.3229606 0.3051291 0.3408573 0.4579562 0.3485143 0.3019776 0.384912 0.3729869 0.4530931 0.3912045 0.3550783 0.3209658 0.2837606 0.2758804 0.2804924 0.2256653 0.1926134 0.2035852 0.1880227 0.206127 0.1961922 0.1802277 0.158048 0.1988091 0.2088531 0.238953 0.2037981 0.148414 0.1145658 0.09536217 0.07387083 
0.1085191 0.1425559 0.1475445 0.1349254 0.1461718 0.1621542 0.1698865 0.1375615 0.09841404 0.07677883 0.1181751 0.1982111 0.1620948 0.1259279 0.1160445 0.1055068 0.08826479 0.08721371 0.09300045 0.1016318 0.1249146 0.1838622 0.1645804 0.2046855 0.215588 0.2571719 0.3083985 0.4331867 0.4065068 0.408159 0.366484 0.3797297 0.4347628 0.506537 0.4925002 0.3771947 0.3565271 0.3364622 0.2787474 0.2647538 0.2380008 0.2261062 0.1947012 0.167741 0.172323 0.1705838 0.1351923 0.1122811 0.1321084 0.1846609 0.2345884 0.2270447 0.1238476 0.08030539 0.06707748 0.0467502 
0.1356168 0.1620578 0.1419153 0.1529327 0.1337841 0.138014 0.2107771 0.2081657 0.1501304 0.09175956 0.1372516 0.2325162 0.2043691 0.1713496 0.1425145 0.09957037 0.08821715 0.08266307 0.08517306 0.1128564 0.1544828 0.2810484 0.2439869 0.284699 0.2593727 0.2961912 0.3234335 0.3792883 0.482257 0.4365012 0.3621005 0.3681991 0.3985814 0.5103682 0.4212835 0.337101 0.3400536 0.3021558 0.2760949 0.2625331 0.2763934 0.2690471 0.2071862 0.1557569 0.1342796 0.1197268 0.1136434 0.1112097 0.1719824 0.2104896 0.206771 0.1763561 0.1175602 0.07058324 0.06163287 0.08397647 
0.1501852 0.1372192 0.14056 0.1658973 0.1605754 0.1262326 0.1480502 0.1443025 0.1707754 0.1480785 0.1307384 0.163903 0.1767623 0.2085185 0.1965331 0.1079946 0.07543345 0.07590245 0.09807718 0.1155568 0.1491677 0.2124272 0.1840988 0.1988595 0.237706 0.2548171 0.2441264 0.3328412 0.3376345 0.3061607 0.3051901 0.318718 0.330297 0.3570671 0.4550337 0.356657 0.3180262 0.2982743 0.2785449 0.2899031 0.3071083 0.2955481 0.2561868 0.2089601 0.1836869 0.1572077 0.1416379 0.189559 0.1715467 0.1641809 0.1446473 0.1398295 0.1057965 0.08807193 0.06618506 0.1550666 
0.124349 0.1456174 0.147265 0.1720407 0.1752167 0.1558505 0.1506071 0.1321272 0.1413895 0.1767564 0.1444974 0.2016237 0.1499787 0.1864935 0.1613672 0.1387845 0.1384417 0.1064615 0.1006341 0.09648239 0.09122632 0.1416317 0.1488505 0.1971148 0.2008905 0.181938 0.2146181 0.2877471 0.2534684 0.2355769 0.2681586 0.2951469 0.3257932 0.3658368 0.355305 0.373761 0.3035085 0.2548522 0.2777678 0.268674 0.3291239 0.3019687 0.2849019 0.2592797 0.2564638 0.2541771 0.2436382 0.2500946 0.1977733 0.1377236 0.08584457 0.07309081 0.0889083 0.09969924 0.0551182 0.1115819 
0.1538079 0.161213 0.1400456 0.1604181 0.1582 0.177738 0.1741674 0.1705567 0.1824775 0.2661833 0.2232997 0.1901111 0.1732384 0.2117435 0.1785978 0.1730679 0.1767423 0.1755694 0.104427 0.09724947 0.0741333 0.1421551 0.1274042 0.1601096 0.1452916 0.1731963 0.2237247 0.3133608 0.2581425 0.1982872 0.1723713 0.2936357 0.37676 0.3737864 0.4230203 0.3498622 0.2794815 0.2381791 0.2556328 0.2863256 0.285844 0.2815028 0.2764586 0.2716052 0.2550145 0.2445063 0.2323239 0.2220902 0.1518218 0.09616759 0.07499025 0.06636785 0.08523289 0.06143588 0.0548755 0.06220301 
0.138215 0.1379064 0.1211241 0.1239313 0.1117086 0.1385316 0.1636084 0.1673868 0.1952149 0.270428 0.1720508 0.2126573 0.1541749 0.1677923 0.2045825 0.1672948 0.1728336 0.1446639 0.1094338 0.08027888 0.06451181 0.1031764 0.1242233 0.1345819 0.2093709 0.1393618 0.178801 0.2557491 0.2651975 0.2146562 0.1928564 0.2399633 0.2673975 0.2781349 0.3067947 0.2851084 0.2654152 0.2177526 0.2197159 0.266973 0.2852848 0.2538972 0.2709339 0.2288603 0.1964768 0.2226979 0.2361208 0.1622532 0.1286442 0.07309333 0.08223429 0.06394938 0.08885035 0.05825145 0.05170725 0.05293695 
0.13131 0.1405999 0.1098545 0.1207812 0.1203591 0.1293365 0.1679801 0.1879983 0.1987234 0.1945131 0.1583219 0.1636424 0.1622496 0.1504265 0.1778729 0.1714334 0.1885192 0.1370022 0.1288305 0.1003306 0.0748648 0.08792919 0.08368199 0.122691 0.1166842 0.06795853 0.1192811 0.1875609 0.2272682 0.2024855 0.2600357 0.2748642 0.269516 0.2913775 0.284438 0.2256364 0.1798423 0.1587683 0.1802384 0.2131074 0.2034916 0.1879221 0.2143491 0.1442188 0.1351216 0.192773 0.2039719 0.1556935 0.09139922 0.0804274 0.07835671 0.06366924 0.04682992 0.02178205 0.02902045 0.04878845 
0.1388779 0.1388136 0.144892 0.139516 0.1460024 0.1945666 0.1716251 0.1812301 0.190967 0.2038483 0.2031446 0.1717041 0.1581129 0.1903877 0.197084 0.1950702 0.1850524 0.1482192 0.0913334 0.07234348 0.07863654 0.09913244 0.08005464 0.09425645 0.07325447 0.04085882 0.06769418 0.1007666 0.1520229 0.2025456 0.275814 0.3132608 0.239795 0.1781586 0.1510662 0.1524618 0.145592 0.1719612 0.1508345 0.1556511 0.137384 0.1423382 0.1193319 0.1023846 0.1175467 0.137863 0.1263005 0.1128029 0.08388131 0.06826276 0.06837996 0.03805588 0.02548818 0.01856115 0.02298259 0.03827923 
0.1053552 0.1021313 0.1045364 0.1206954 0.1655932 0.2072996 0.155321 0.1826401 0.2208979 0.2381193 0.2314659 0.1693715 0.1800281 0.187546 0.179679 0.1883448 0.2526731 0.1809804 0.09746435 0.0800441 0.0818536 0.07427769 0.06665851 0.08448888 0.06733564 0.02111842 0.03393932 0.06969053 0.1047833 0.1333735 0.224001 0.2334279 0.1546617 0.1126263 0.1154765 0.1250938 0.1510433 0.1151925 0.09878641 0.1361221 0.1272091 0.1083531 0.1000069 0.09316132 0.07640457 0.07061376 0.09576547 0.07727548 0.06544917 0.0578194 0.07225483 0.05925773 0.01494197 0.01078532 0.01822874 0.03431524 
0.1036679 0.09081987 0.06191289 0.1620619 0.1618063 0.1241636 0.1326909 0.1447476 0.1904948 0.2021724 0.2072356 0.1774965 0.1766973 0.1931838 0.1505531 0.1593719 0.2151098 0.1877538 0.1139947 0.05461847 0.06134095 0.07969134 0.0846783 0.08224548 0.03692765 0.02155979 0.0199463 0.03335235 0.05028579 0.05677203 0.09329455 0.1294355 0.09536678 0.08558277 0.09427156 0.1032568 0.1019352 0.07598199 0.0931062 0.1335824 0.1001573 0.09549487 0.09148112 0.1056699 0.05624447 0.04821979 0.04334948 0.04136258 0.04048498 0.03679397 0.0312331 0.02050178 0.01030163 0.005645473 0.01090073 0.01912113 
0.09512911 0.0865403 0.09107101 0.1637138 0.1896867 0.1738483 0.1537986 0.1512451 0.1883362 0.2051191 0.2126073 0.1832428 0.1678924 0.1630897 0.1505215 0.1498742 0.1470292 0.1679788 0.1311058 0.06934899 0.06782778 0.07032735 0.08170847 0.06988337 0.06613708 0.05915678 0.03689159 0.03565669 0.04180817 0.04861782 0.05371861 0.0684083 0.05541597 0.07319803 0.06814056 0.0411616 0.04376903 0.04881365 0.05992047 0.09476561 0.08515128 0.08278977 0.08389744 0.07430939 0.07193871 0.06075647 0.05237505 0.05983657 0.06051265 0.06362183 0.04305281 0.01479309 0.01168327 0.01771255 0.01660544 0.013096 
0.1134709 0.1016451 0.1406873 0.2034128 0.2009742 0.1948227 0.1705511 0.1520609 0.1714324 0.1950828 0.208867 0.1846796 0.2142768 0.197263 0.1602064 0.1478677 0.1490058 0.1515224 0.118909 0.1191806 0.05832224 0.04962476 0.06089216 0.05983318 0.05060158 0.02947433 0.02273007 0.02385226 0.02383776 0.01728322 0.02666789 0.03933832 0.04834082 0.05155354 0.05203846 0.02170404 0.02627744 0.03287342 0.05398045 0.07960458 0.07047677 0.06907476 0.0659584 0.06983145 0.06048072 0.0515435 0.05189067 0.05653438 0.06820443 0.04587631 0.0355226 0.01254158 0.01004736 0.01639222 0.01534635 0.01601139 
0.1444098 0.1086605 0.1316756 0.1573753 0.1683637 0.1910746 0.1707412 0.163182 0.1412267 0.1705555 0.2005879 0.1769694 0.1952013 0.1607493 0.1517962 0.1583131 0.157927 0.1268594 0.1213191 0.111651 0.07792769 0.07852686 0.06598718 0.07768068 0.04292919 0.0165469 0.01710853 0.01504974 0.009822521 0.01173017 0.01539355 0.02745178 0.03259922 0.03614064 0.03823355 0.01335264 0.01888924 0.02373195 0.04651393 0.06691142 0.05522637 0.05380395 0.05224274 0.05460339 0.05076455 0.04916687 0.04695449 0.05518978 0.06043684 0.03986032 0.03101639 0.01083158 0.01187709 0.00708143 0.0145372 0.00901938 
0.1298706 0.1018318 0.1338299 0.1182832 0.1318146 0.1501899 0.1609667 0.1420768 0.1750784 0.1131319 0.1507995 0.192418 0.198196 0.1441362 0.1306417 0.1553211 0.1617571 0.1357014 0.1356652 0.1276519 0.1146746 0.09169643 0.05792959 0.07760151 0.04779499 0.01692625 0.008222663 0.008661072 0.008041707 0.009151234 0.01200432 0.0212392 0.02520165 0.02785315 0.02964165 0.008116778 0.01586999 0.02011788 0.01887993 0.05090336 0.04628894 0.04731925 0.0560477 0.04752439 0.0410602 0.04475142 0.03918941 0.04865709 0.04059115 0.03289486 0.0262048 0.009999223 0.01289925 0.007471095 0.007667442 0.00770888 
0.1324558 0.1065124 0.1353888 0.1149575 0.1170058 0.1191966 0.1294564 0.1316104 0.1330538 0.09762046 0.1415634 0.1673239 0.1779471 0.1493433 0.1318643 0.1554531 0.1603673 0.1707737 0.2057494 0.145844 0.164876 0.1570943 0.1016118 0.06801179 0.03665585 0.02401514 0.01341085 0.003247077 0.002635496 0.003355383 0.003685561 0.01177667 0.01496746 0.01686568 0.01791112 0.01668942 0.01773307 0.0185858 0.01758941 0.03311475 0.02710462 0.0274959 0.04354699 0.02535815 0.0282553 0.03639618 0.02405756 0.02240662 0.02055896 0.01855677 0.0158738 0.00743 0.005821594 0.005278641 0.005584519 0.004251282 
0.1459635 0.1720936 0.2236984 0.1493917 0.1443468 0.1624873 0.116018 0.1294989 0.1605626 0.1433482 0.1362932 0.1543659 0.1615487 0.1514273 0.1414296 0.112434 0.1422996 0.1736255 0.1670201 0.1400918 0.1914957 0.2073939 0.1319049 0.08940952 0.05913964 0.03675989 0.02352096 0.004357441 0.001761967 0.001509996 0.001993124 0.00637586 0.007529094 0.008827258 0.015357 0.01249748 0.01096346 0.01128533 0.01633918 0.03036468 0.03057804 0.02225482 0.01888325 0.01695033 0.01962252 0.01662495 0.01631199 0.01930797 0.0181203 0.01642648 0.01336276 0.005559993 0.004313355 0.004005127 0.004848317 0.004812974 
0.1808248 0.2310522 0.2281218 0.1733267 0.1324915 0.1418948 0.1055587 0.1354171 0.1204636 0.1285038 0.1240548 0.1230649 0.1279436 0.1557665 0.1574925 0.1466246 0.153915 0.1653026 0.1631765 0.1469015 0.1601715 0.1812427 0.1709225 0.1183136 0.0873637 0.04847514 0.03306428 0.01120063 0.001908676 0.001355644 0.001484171 0.004183138 0.00453154 0.005042071 0.005821667 0.006310563 0.007007302 0.007380365 0.01072589 0.01374869 0.0129447 0.0143818 0.0161445 0.01694929 0.01762626 0.01854727 0.01872803 0.02082208 0.019426 0.01771932 0.01497512 0.008680426 0.005963073 0.00570905 0.00480313 0.004169585 
0.2470426 0.3941938 0.283134 0.160813 0.1328897 0.1336541 0.1114919 0.1045776 0.08467183 0.1106574 0.09216529 0.09121721 0.09340453 0.1373903 0.1505564 0.1693148 0.1972224 0.2045108 0.1745268 0.168643 0.1454895 0.1595745 0.1835918 0.1294067 0.08979145 0.06276748 0.04564232 0.01169113 0.003046401 0.002344751 0.002222896 0.005477041 0.005166571 0.005258763 0.005706064 0.00588618 0.006298447 0.006548532 0.007655683 0.01352403 0.01632938 0.02482712 0.02722354 0.02724509 0.02454365 0.02550928 0.02564521 0.02567324 0.02412147 0.02222282 0.0202694 0.01452367 0.01177986 0.006565606 0.002938377 0.003067074 
0.1990158 0.1986622 0.2116282 0.1613448 0.1470679 0.1595453 0.1283265 0.09421694 0.08526447 0.08863878 0.06687288 0.06431399 0.07250214 0.1287173 0.1506525 0.2377106 0.1967622 0.2097429 0.2221461 0.1608158 0.170142 0.1785866 0.1764597 0.1359929 0.09448711 0.07856748 0.05224658 0.02808089 0.01714772 0.01409149 0.01391328 0.01533835 0.01286438 0.01037123 0.009146507 0.006107521 0.006355157 0.008888856 0.01222046 0.01806302 0.02137892 0.02371711 0.03326814 0.03468342 0.03130258 0.03207387 0.03199673 0.03092519 0.02945332 0.0278185 0.02471064 0.02594102 0.01740723 0.01643283 0.01082916 0.01641194 
0.1787233 0.1440039 0.1502742 0.1188219 0.1187771 0.1141932 0.1211682 0.1038486 0.1007901 0.08776331 0.05684949 0.05486476 0.08807372 0.1184609 0.1446994 0.2157324 0.182997 0.2116868 0.1807351 0.1607143 0.1593729 0.1547129 0.1565716 0.1703344 0.1220867 0.1050192 0.09345444 0.03887566 0.02306474 0.02094007 0.01637913 0.01683722 0.01312585 0.009295093 0.008920078 0.006835527 0.00937186 0.01559148 0.02223171 0.02096581 0.02485355 0.03580167 0.03031554 0.03403698 0.03574796 0.03663699 0.03660268 0.03407556 0.03264923 0.03092149 0.02819214 0.02633082 0.02271597 0.02972305 0.01918009 0.03670546 
0.1177261 0.1050425 0.09669407 0.1079541 0.1092855 0.09827697 0.09477675 0.1304113 0.1020037 0.06828796 0.04823036 0.06829235 0.118699 0.1650815 0.1518479 0.2035318 0.2107789 0.224168 0.162485 0.1754965 0.2407691 0.1877024 0.1575212 0.1910033 0.1940053 0.1752126 0.1388163 0.06995845 0.03540412 0.02756197 0.0223069 0.02525886 0.01832145 0.01516811 0.0135379 0.01329575 0.01222823 0.01847549 0.02308113 0.02435849 0.02913669 0.03133998 0.03447571 0.03935014 0.040716 0.04039774 0.04056994 0.03677905 0.03528745 0.0337734 0.03606146 0.03083829 0.02696369 0.04363308 0.03235275 0.03167471 
0.1144722 0.1089742 0.09696986 0.1017712 0.1118964 0.09801324 0.08644138 0.1008361 0.07838599 0.05432168 0.06195907 0.111047 0.1253286 0.1644374 0.1781489 0.1582589 0.1835758 0.2503375 0.2022048 0.1674161 0.2560709 0.2243586 0.1868725 0.1954079 0.2020581 0.2107061 0.1533918 0.1061135 0.07285864 0.05119384 0.03926811 0.03144555 0.02801393 0.03470093 0.02766976 0.01948757 0.01812069 0.01813047 0.02281826 0.02823481 0.033673 0.03532592 0.03781593 0.04124288 0.04246658 0.04302101 0.04269016 0.0392329 0.03763382 0.03605058 0.03399227 0.03353722 0.03055205 0.03944363 0.03739109 0.03575429 
0.1097434 0.1064058 0.1221552 0.1357024 0.09473159 0.0805311 0.08386163 0.08395669 0.06761387 0.0906762 0.1092465 0.147683 0.1561602 0.2128228 0.1964466 0.1705744 0.1777136 0.1906753 0.2100522 0.2058436 0.2721558 0.2910232 0.1972095 0.172352 0.1894417 0.248612 0.1618011 0.145573 0.1221362 0.1213732 0.1101412 0.07227957 0.05963413 0.05393517 0.04308443 0.03103447 0.02594006 0.02213143 0.02528557 0.03143878 0.0362421 0.03853236 0.04081573 0.04799857 0.04913056 0.04935966 0.04892771 0.04807007 0.04570055 0.04395901 0.04623058 0.04853459 0.04580333 0.04636548 0.04641986 0.03604489 
0.1025943 0.111079 0.1190165 0.1210522 0.06446146 0.0504917 0.05917406 0.07593211 0.08048548 0.09212331 0.09690455 0.1302756 0.1639538 0.1742852 0.2015965 0.1953034 0.1624141 0.1478123 0.1906819 0.1977691 0.2463105 0.3017308 0.2065602 0.1684217 0.1487109 0.1545281 0.1263644 0.1169524 0.1206132 0.157364 0.1731531 0.09416866 0.06912521 0.06806214 0.04563415 0.03255405 0.02512718 0.02276369 0.02670723 0.03310268 0.03792705 0.04009878 0.04232579 0.04987241 0.05023658 0.05023343 0.04976808 0.04892185 0.04685888 0.04510442 0.04779348 0.0452021 0.03735325 0.06239723 0.05609699 0.05161862 
0.0756378 0.08799503 0.1879256 0.1497734 0.08267185 0.06981175 0.09089042 0.1187962 0.112107 0.0990525 0.09497106 0.1092778 0.1277364 0.1633421 0.2054847 0.2154317 0.1985091 0.2334981 0.2555137 0.190496 0.2013083 0.2443701 0.2296016 0.2085087 0.2050981 0.185971 0.1589002 0.1705394 0.1631435 0.1393593 0.1132134 0.09690493 0.08338418 0.1017582 0.08477931 0.02975998 0.0235366 0.02422982 0.02836866 0.03510144 0.04003526 0.0419798 0.04380062 0.05036881 0.04998661 0.04989742 0.0585058 0.05387363 0.04811742 0.04934273 0.05661052 0.0511953 0.05406121 0.1348375 0.1483514 0.1803727 
0.06901179 0.07027877 0.09928686 0.08380286 0.09995139 0.1057864 0.1141646 0.1401803 0.1633413 0.1286739 0.1031413 0.1072251 0.1183399 0.1351516 0.159846 0.2028297 0.1979096 0.2222738 0.2067811 0.2187263 0.2090947 0.2092574 0.2416149 0.2191423 0.1936595 0.1727555 0.1798183 0.1927104 0.1637778 0.159619 0.1346222 0.1046276 0.09594222 0.1086258 0.07596286 0.03297295 0.02607787 0.02713072 0.03136799 0.03832947 0.04326095 0.04482431 0.0460233 0.05053551 0.04973912 0.04954931 0.0616978 0.05889331 0.06387104 0.06701944 0.05417205 0.07955696 0.09780756 0.1403384 0.1674962 0.1808249 
0.1115442 0.1120501 0.1207736 0.1047259 0.1248974 0.1203188 0.1152683 0.1246615 0.1269044 0.1279114 0.1211822 0.1139979 0.1215213 0.1386276 0.154201 0.1743922 0.1980415 0.2237473 0.2297088 0.219086 0.2163585 0.2290613 0.2226404 0.2257432 0.2395303 0.1728325 0.1748084 0.1728828 0.1573102 0.1518808 0.1250669 0.1060089 0.09637199 0.08281811 0.06048359 0.04156023 0.03736701 0.03669196 0.03884801 0.04396829 0.04749179 0.04778267 0.04759174 0.04356213 0.044587 0.05745178 0.04915772 0.04262125 0.06031249 0.07097816 0.06087073 0.1033091 0.1311083 0.1614863 0.1605888 0.1202634 
0.1024505 0.1358413 0.1279354 0.1171115 0.1763065 0.1118336 0.1057704 0.1290629 0.1241159 0.09639405 0.07739265 0.1009392 0.112732 0.1308647 0.1347516 0.1391534 0.1640093 0.1707886 0.1921004 0.1986903 0.2146054 0.2333722 0.2463012 0.2631712 0.2760747 0.2261002 0.192915 0.1813146 0.1515618 0.132537 0.1239185 0.1159642 0.09419482 0.07659626 0.06398993 0.05328093 0.04447139 0.04123342 0.0430312 0.04780731 0.05120608 0.05102187 0.04859441 0.04386998 0.05099019 0.04841854 0.07686536 0.04189518 0.04791608 0.0639884 0.06418407 0.1261915 0.1188809 0.135701 0.129911 0.09042813 
0.1091546 0.1470723 0.1416809 0.100702 0.09609244 0.08617711 0.08875305 0.103845 0.1081085 0.07228671 0.0578568 0.08731577 0.1062494 0.1180222 0.1194258 0.1188093 0.1226502 0.188563 0.1427159 0.1780987 0.1722914 0.1799584 0.2435016 0.2990038 0.2717044 0.266298 0.2005052 0.1759922 0.1727924 0.1545214 0.1321816 0.125674 0.09044562 0.07420588 0.0846402 0.09677953 0.06083105 0.06082132 0.05759553 0.06015677 0.05493674 0.05411296 0.05102212 0.04495021 0.04279406 0.04316704 0.05982457 0.05117729 0.04766333 0.05854333 0.08707791 0.1214964 0.1483307 0.1700992 0.1437158 0.1324043 
0.1340884 0.1620029 0.1249328 0.09012909 0.07113822 0.0625538 0.05773368 0.07606599 0.08478775 0.06754392 0.05262512 0.09174427 0.09977403 0.1051141 0.1165775 0.1332016 0.1136458 0.1364158 0.185306 0.1909782 0.2156477 0.1775874 0.176977 0.2110418 0.2842184 0.2426829 0.2531733 0.1884333 0.168355 0.1442605 0.1432109 0.1436092 0.1127724 0.08362097 0.08211543 0.1411277 0.1214221 0.08175026 0.07033786 0.06916051 0.07004475 0.05739155 0.06153527 0.04655966 0.04427989 0.04624416 0.05829375 0.05595026 0.0594223 0.07594877 0.1009786 0.1623308 0.1627531 0.1514012 0.1876249 0.1604966 
0.1538114 0.1751267 0.1339262 0.09428153 0.07633478 0.05005658 0.05781662 0.08040368 0.07930201 0.07450954 0.07365354 0.1025656 0.1089025 0.1088743 0.1682138 0.168458 0.1897838 0.1610178 0.2255763 0.2449469 0.2538583 0.2194005 0.1870138 0.1921899 0.2934688 0.4810171 0.2855285 0.2214812 0.2189605 0.1664578 0.1557849 0.1365436 0.1184712 0.0909894 0.08335903 0.1479982 0.1713024 0.1128845 0.09763523 0.06364392 0.0632906 0.06082438 0.06405342 0.04768162 0.04595022 0.04777033 0.05243312 0.06728374 0.07998008 0.09046865 0.1226764 0.1459567 0.1707685 0.1873896 0.1625599 0.1896372 
0.1613177 0.1742256 0.1029812 0.07145765 0.05563726 0.04525918 0.04879185 0.06873731 0.07115395 0.06362522 0.06672845 0.08372639 0.09191015 0.1166001 0.1134937 0.135657 0.1958825 0.2290891 0.2606372 0.2263444 0.2025625 0.1636886 0.1940115 0.2059623 0.3321352 0.377823 0.2531483 0.2611687 0.2701733 0.2085148 0.1638052 0.1159788 0.1071591 0.1024418 0.09419335 0.1343558 0.1313881 0.1147529 0.1036528 0.06879032 0.06698806 0.06368302 0.06012679 0.04767795 0.04633862 0.04898152 0.05526631 0.07789242 0.105022 0.1172659 0.147311 0.1216847 0.1740375 0.2322984 0.249236 0.2554134 
0.1845596 0.1454187 0.08031545 0.06333247 0.04858033 0.0441324 0.04660599 0.05901401 0.05647997 0.05374405 0.06318462 0.08024651 0.09577499 0.1084673 0.1437606 0.16827 0.2148766 0.2617568 0.2427421 0.1909378 0.165961 0.1558083 0.1632728 0.2189958 0.2850272 0.2972985 0.2850037 0.2579239 0.2463493 0.2272226 0.1659601 0.1135255 0.1099461 0.1062396 0.104494 0.117467 0.1240301 0.1162858 0.1023194 0.07718301 0.08418003 0.06571252 0.07283801 0.04994616 0.04964627 0.07047042 0.07888499 0.1113307 0.1443941 0.1709488 0.1862959 0.1812102 0.2402506 0.2620111 0.335793 0.5249822 
0.1922975 0.127164 0.06961708 0.06201943 0.06230434 0.05340432 0.0500245 0.05795753 0.05917803 0.05334983 0.05623195 0.08085144 0.1062149 0.1126835 0.1403914 0.2475301 0.2517267 0.2072963 0.1888646 0.1702171 0.1547868 0.1556317 0.1831462 0.2140004 0.3829342 0.2919457 0.2076273 0.2158845 0.2101893 0.1888617 0.1509135 0.1141961 0.1319888 0.1033864 0.09271476 0.1052845 0.1087404 0.1021073 0.09249636 0.09531992 0.08488206 0.08099796 0.07868551 0.05392716 0.05584311 0.07254911 0.09347833 0.1450552 0.1845049 0.3026871 0.3338932 0.3616048 0.3173033 0.4181849 0.31392 0.4034884 
0.1953996 0.1184991 0.08968809 0.07300606 0.06405941 0.05906803 0.05581916 0.05743209 0.04735047 0.05484999 0.06367704 0.0845833 0.1086301 0.1722027 0.1841097 0.2434129 0.2450789 0.2349863 0.1897756 0.1442189 0.1519207 0.2032103 0.1933316 0.3950524 0.4530902 0.335054 0.2543723 0.2117365 0.1911985 0.1710288 0.1404863 0.110392 0.1023234 0.09890958 0.09583343 0.09572309 0.08060061 0.07398713 0.06909039 0.05780231 0.04984757 0.06073335 0.07062916 0.07794486 0.0871118 0.1111693 0.1696399 0.2296503 0.3002233 0.4260851 0.4808697 0.552524 0.5843866 0.5690124 0.4414124 0.2682188 
0.1993574 0.126843 0.07292382 0.06867452 0.06733093 0.05728948 0.04866744 0.05144192 0.04610042 0.05227178 0.07040051 0.07686753 0.0824732 0.1114439 0.1552455 0.1890525 0.1884896 0.2289621 0.1721876 0.1102621 0.1339116 0.1936077 0.2270261 0.2664767 0.3534546 0.3275642 0.2079722 0.2058389 0.1871496 0.1556544 0.1363237 0.1074481 0.09664465 0.08830471 0.08170312 0.09698565 0.08214052 0.06871473 0.06097502 0.04464684 0.05545406 0.05270568 0.06583041 0.08748031 0.1006883 0.129205 0.1750675 0.2848302 0.3757489 0.5409285 0.6132967 0.6975259 0.6525784 0.5107269 0.4870663 0.3647243 
0.168046 0.1058515 0.06286658 0.05474039 0.04733317 0.04610667 0.04272988 0.05257099 0.0512696 0.0496589 0.05787661 0.06590274 0.06907323 0.08327777 0.1430764 0.1983974 0.2278756 0.2164422 0.1831011 0.1289285 0.139888 0.1603392 0.2712523 0.2442777 0.2362562 0.245245 0.2085573 0.2060827 0.1727019 0.1545812 0.1381012 0.1118015 0.08729552 0.07859848 0.07452464 0.08201192 0.06352522 0.05591005 0.05330468 0.03742809 0.0428067 0.05404794 0.0707874 0.09739995 0.1182217 0.1495859 0.2358095 0.3298254 0.5144438 0.5930379 0.7125149 0.7318414 0.6288574 0.5032283 0.5465301 0.2362097 
0.1586826 0.0949911 0.05532141 0.04828667 0.04631333 0.05109524 0.04426766 0.04969358 0.06452104 0.04919302 0.05413909 0.05705437 0.06703606 0.0617677 0.1275557 0.1240219 0.2338705 0.18183 0.2128976 0.08454282 0.09053078 0.134083 0.1814034 0.2636039 0.2175445 0.2110282 0.214751 0.2103321 0.1907541 0.1434833 0.1260965 0.09723058 0.08042152 0.07051066 0.06489426 0.06501273 0.05089157 0.04799682 0.04837297 0.04263126 0.04446156 0.05338988 0.07496779 0.1056805 0.1278557 0.1713533 0.2321498 0.3810665 0.4828535 0.6779029 0.7319537 0.7052895 0.6272485 0.6088464 0.4915247 0.2933871 
0.1254802 0.07107397 0.04709207 0.04608491 0.0444648 0.04694913 0.04227446 0.06918878 0.08084296 0.06836437 0.07576805 0.08872386 0.09228278 0.07792222 0.1440233 0.1114976 0.1124411 0.1357953 0.1239164 0.06840625 0.05282672 0.09828877 0.2641506 0.2527593 0.1959588 0.1877994 0.1306479 0.128819 0.1109912 0.09553445 0.1174435 0.08529852 0.05999506 0.05376253 0.04807024 0.031926 0.02983516 0.02866122 0.0338502 0.04783151 0.03897931 0.04978074 0.07392177 0.142575 0.1837805 0.2395915 0.3022761 0.4496343 0.6003455 0.7113809 0.7476765 0.7443568 0.6629441 0.5190229 0.5445724 0.3712903 
0.1275407 0.06998563 0.04256567 0.0483364 0.04563282 0.04711278 0.04816124 0.08144441 0.08563723 0.07001336 0.0815696 0.0752497 0.08026927 0.0608703 0.1022709 0.08439598 0.06499234 0.08002491 0.07957435 0.06813917 0.04444554 0.08654527 0.1584635 0.2083838 0.2092081 0.2034729 0.09816813 0.09642077 0.09862396 0.08626971 0.07459483 0.06510898 0.05467895 0.05067373 0.0508685 0.02898899 0.02150128 0.02526835 0.033151 0.04175017 0.0389258 0.05307762 0.07236557 0.1605213 0.2007972 0.2776027 0.3418371 0.4455355 0.637455 0.7421355 0.675317 0.7158432 0.5862603 0.6386889 0.6202673 0.4660483 
0.1306852 0.05996604 0.04645551 0.05389392 0.05442722 0.05284315 0.06519127 0.08917193 0.1008478 0.09843521 0.07883425 0.07364564 0.07804672 0.06072595 0.07535868 0.1205179 0.07330012 0.1006273 0.1353838 0.0856128 0.05340168 0.08295718 0.08272824 0.09095138 0.1596183 0.1440299 0.06540004 0.08040021 0.08097797 0.07498654 0.06614289 0.06209201 0.04854421 0.04956665 0.05488881 0.02920494 0.02102827 0.02489137 0.03151883 0.04325113 0.04467156 0.05347108 0.07171997 0.1621386 0.2246715 0.2879222 0.3363138 0.4252217 0.6313093 0.6327639 0.6113734 0.5003355 0.6344584 0.6488146 0.6717952 0.5292742 
0.1174237 0.06848109 0.05649322 0.0626717 0.06579668 0.06853115 0.07050902 0.1167747 0.1006852 0.09393536 0.08596548 0.09490569 0.0717955 0.08809837 0.1465291 0.1405345 0.07770686 0.07330437 0.1394592 0.1664774 0.06554677 0.05563384 0.03360015 0.02575727 0.07205915 0.1048949 0.06795581 0.0690237 0.07583874 0.07325979 0.07162939 0.04990497 0.04239104 0.03778935 0.03467624 0.03582836 0.1010888 0.02444143 0.02966725 0.03362137 0.05039275 0.06220729 0.06907863 0.1458041 0.200747 0.2726328 0.3337364 0.3671256 0.4555876 0.5755934 0.5933304 0.5698489 0.6349279 0.7066367 0.6570462 0.5085484 
0.09982905 0.06843867 0.05300059 0.06858882 0.07448123 0.04970905 0.06261408 0.1018691 0.07829312 0.08157261 0.06860216 0.06212476 0.06870981 0.06262 0.08681048 0.07129016 0.05696543 0.06628522 0.1121147 0.09996495 0.1011063 0.05859143 0.04001147 0.03767078 0.02890582 0.0368255 0.03250339 0.015396 0.0185605 0.02652843 0.02308811 0.02356143 0.02170454 0.02263752 0.02361799 0.04699871 0.1931621 0.02586117 0.03947874 0.03802692 0.05645191 0.06051296 0.08615058 0.1437282 0.1915261 0.2392867 0.3035572 0.3615067 0.388671 0.5654157 0.4817845 0.3743145 0.3670161 0.381129 0.3121774 0.3021774 
0.1038877 0.08269766 0.0456309 0.04739818 0.04927722 0.04194818 0.03977763 0.08974981 0.07533731 0.07408252 0.09005795 0.06508724 0.0755356 0.07215881 0.07865215 0.0993053 0.07262965 0.08852816 0.09229796 0.09366259 0.07118193 0.04384561 0.03126474 0.03305519 0.09380527 0.05655548 0.01408626 0.009721528 0.009867731 0.01352902 0.008206251 0.01925873 0.01900875 0.02349204 0.02505244 0.02937479 0.03581568 0.03434971 0.04411986 0.04472667 0.05008269 0.06464531 0.07895178 0.1315599 0.1811245 0.2434244 0.3091823 0.405604 0.4902375 0.430063 0.4712965 0.3179033 0.2577016 0.4 0.2891128 0.2283871 
0.1155566 0.05926104 0.02987349 0.03864733 0.03752826 0.05243472 0.04332314 0.0686948 0.1093935 0.09329136 0.1053868 0.0774134 0.07803845 0.08331197 0.07915226 0.09050114 0.09336574 0.08263222 0.1050885 0.08474778 0.08140248 0.04460661 0.02040533 0.01593538 0.009086274 0.018629 0.008072181 0.006326328 0.007340798 0.006508011 0.00765064 0.01491354 0.01652035 0.02233863 0.02647969 0.02870408 0.0291754 0.0375531 0.04188296 0.04925565 0.05726037 0.07745013 0.09649029 0.1445509 0.1905939 0.2293894 0.3132052 0.3945095 0.5407916 0.4239217 0.4103561 0.2800806 0.2764516 0.2450807 0.244879 0.1869758 
0.09129218 0.0595655 0.02989399 0.03328801 0.03848785 0.03809447 0.04147592 0.05035388 0.06091693 0.1278947 0.1598445 0.1038494 0.09699408 0.0966389 0.08150092 0.06200634 0.05857688 0.06689964 0.06317313 0.05168554 0.05025686 0.03892697 0.01828011 0.007537399 0.00435732 0.01275408 0.01455599 0.01044067 0.01446977 0.005333429 0.005581181 0.01169985 0.01522858 0.02090933 0.02670034 0.03171216 0.02863211 0.03542817 0.04255563 0.05047044 0.05938504 0.09654866 0.119014 0.1545029 0.1840452 0.2191655 0.2847644 0.3992359 0.4161453 0.4351569 0.4071433 0.2630645 0.2524194 0.231129 0.1606048 0.1243548 
0.05360973 0.05028233 0.03963216 0.01917478 0.04616716 0.03697987 0.04657642 0.03340651 0.03124981 0.06326699 0.09326886 0.05752116 0.05459006 0.04485948 0.04255835 0.04983755 0.04735398 0.03410998 0.03139386 0.03304061 0.03365118 0.02566961 0.01909897 0.01525992 0.003311335 0.02071591 0.03266245 0.05696924 0.03334411 0.002058495 0.003973036 0.003377769 0.00970543 0.02071133 0.02862186 0.02967875 0.02978371 0.03689343 0.04445881 0.07086829 0.08203556 0.1259432 0.2039826 0.2173557 0.2103889 0.2471872 0.2855581 0.4010887 0.4274193 0.4205241 0.3714113 0.2496371 0.2508065 0.2277016 0.1531452 0.1144758 
0.03434312 0.01927622 0.0266387 0.02278041 0.02107007 0.04499632 0.05561243 0.04578211 0.02602709 0.03621833 0.07419994 0.05949194 0.05759311 0.04786107 0.04739859 0.05017561 0.0311488 0.03055124 0.03323938 0.03174872 0.02203706 0.01198792 0.01654228 0.01265472 0.001653715 0.008499461 0.01773781 0.01615626 0.00471181 0.0008742161 0.002567941 0.005468951 0.009266152 0.0171595 0.02155357 0.02569788 0.02952958 0.03685645 0.04579911 0.0778747 0.08433255 0.1107361 0.2120042 0.1826238 0.212058 0.2846896 0.3755383 0.3731048 0.4056049 0.3668951 0.2750806 0.2367339 0.2131451 0.1666935 0.1281048 0.1356855 
0.03435491 0.01891344 0.009653001 0.06907308 0.02837435 0.04660477 0.05293201 0.04149785 0.02456936 0.02604736 0.04784037 0.0379582 0.04467783 0.04376133 0.04335339 0.03697589 0.02505735 0.02717695 0.02333319 0.01670501 0.01992386 0.01320862 0.007993009 0.003254832 0.001665265 0.002016045 0.005787936 0.003405346 0.001102429 0.0002767215 0.002309794 0.001833379 0.007476782 0.01554038 0.0192595 0.02495575 0.03244921 0.04629906 0.05377943 0.09052816 0.107592 0.1511503 0.1730798 0.2166624 0.2513101 0.3049174 0.2950405 0.2677419 0.3420565 0.2514919 0.1868145 0.1580645 0.1614919 0.1412097 0.09306451 0.1045968 
0.06347357 0.03557885 0.02918928 0.08336484 0.05616568 0.04811841 0.03584105 0.03219151 0.01490728 0.01296347 0.01612591 0.02247822 0.02650605 0.03663455 0.04604652 0.03867316 0.03741735 0.04203558 0.03468968 0.02145977 0.01806561 0.01422155 0.007097493 0.002949335 0.001325834 0.007055806 0.001435157 0.0005955727 0.000447794 0.001996345 0.000789605 0.003475631 0.008265318 0.01539479 0.01933366 0.02609704 0.04447966 0.04173116 0.0465003 0.08415063 0.1122775 0.1527056 0.1783553 0.2476132 0.3310392 0.3371678 0.199708 0.1642338 0.2692741 0.2397984 0.1795161 0.1441129 0.115121 0.111371 0.05483871 0.06645162 
0.08523916 0.04867554 0.05233989 0.05261063 0.06175338 0.05707058 0.03179912 0.03840441 0.02193961 0.01082903 0.009457913 0.01716066 0.01931011 0.0196455 0.02375729 0.03829746 0.03817 0.04322293 0.02398973 0.01871358 0.009643253 0.006936754 0.006333805 0.00929678 0.006461291 0.006451632 0.003456703 0.001705474 0.001706056 0.001142489 0.001337398 0.003825581 0.006923656 0.01283268 0.01762725 0.02058114 0.02606348 0.03868515 0.03156133 0.1335575 0.1912896 0.1977322 0.2003271 0.2778056 0.3990082 0.4482139 0.2315467 0.1608468 0.2517338 0.2358064 0.1607258 0.1172177 0.09584676 0.06362903 0.05624999 0.03814516 
0.05817828 0.02520004 0.03497239 0.08197986 0.04340146 0.01548355 0.03812335 0.07442708 0.04899082 0.02270062 0.007833505 0.01138192 0.01284344 0.01589362 0.01883781 0.04441158 0.03117653 0.01970316 0.02306085 0.02467565 0.01442114 0.006676584 0.005853512 0.004977424 0.004328331 0.00394867 0.003084097 0.007944521 0.0008172299 0.0007729813 0.001099244 0.002957004 0.005659284 0.0112347 0.01610341 0.01800466 0.02002396 0.06293459 0.04730519 0.1219377 0.177493 0.187614 0.2126946 0.2944994 0.3474679 0.4307549 0.1969715 0.1505242 0.1935081 0.2078226 0.1793952 0.138508 0.09548388 0.0873387 0.06786291 0.03100806 
0.05747941 0.03008062 0.02382142 0.01723481 0.02960479 0.01966635 0.04503413 0.07340772 0.0451443 0.02076817 0.007557784 0.01001786 0.01559266 0.02925076 0.01574675 0.05452971 0.05524912 0.01472634 0.01838113 0.01772481 0.01755158 0.006252242 0.00553353 0.004641681 0.003947905 0.003292462 0.002654816 0.001099208 0.0007247816 0.0007606752 0.002843239 0.002348374 0.004624833 0.009699231 0.01456231 0.0154832 0.01824662 0.06176631 0.09544878 0.143503 0.1443659 0.1770102 0.1590322 0.2586587 0.3589371 0.3757977 0.1773743 0.1683871 0.2041935 0.1940726 0.1787903 0.1304032 0.08951613 0.1050403 0.0876613 0.05052419 
