ncols         56
nrows         54
xllcorner     28.264
yllcorner     -5.7719999999999
cellsize      0.25
NODATA_value  -9999
0.2500257 0.2374266 0.2206378 0.2436584 0.218996 0.2016803 0.2164739 0.2800127 0.2452427 0.2344807 0.2560161 0.3453158 0.3158958 0.3023996 0.2167435 0.2154596 0.2071267 0.2109065 0.2052437 0.2579329 0.2073098 0.1817241 0.1620718 0.1876332 0.196815 0.245065 0.2153287 0.1893663 0.2317383 0.2567706 0.2210637 0.2078084 0.1948617 0.2059264 0.1433349 0.1447533 0.1451548 0.1618562 0.1635836 0.1191461 0.113239 0.1065316 0.1254117 0.1499519 0.1421005 0.1220824 0.1428035 0.1614279 0.1371594 0.08783302 0.06730334 0.05111763 0.03134349 0.02158207 0.008320258 0.01396371 
0.2292133 0.2336394 0.2300584 0.3072336 0.262926 0.244103 0.2436773 0.4022606 0.3584645 0.3254316 0.3008366 0.3430596 0.3206578 0.4503486 0.3112077 0.2831989 0.2402444 0.1781132 0.1745804 0.210449 0.1798119 0.2013619 0.1484157 0.1672602 0.1592399 0.1452733 0.1599593 0.1893829 0.2217595 0.2255739 0.215666 0.1885282 0.1793398 0.1479978 0.1113386 0.1485275 0.170438 0.1584482 0.1391802 0.1118599 0.09185656 0.07382046 0.1216682 0.1470429 0.111965 0.1166826 0.1035898 0.0919221 0.07444747 0.05171357 0.0444586 0.04143272 0.02279414 0.01902841 0.01819653 0.01587758 
0.2363494 0.257171 0.2943442 0.3269156 0.2964283 0.2874992 0.2801094 0.4000873 0.3681423 0.3456841 0.3590312 0.355547 0.3091337 0.3499356 0.3585382 0.2742047 0.2702878 0.2149185 0.173329 0.2118804 0.2519948 0.3065596 0.1547637 0.1395459 0.1887008 0.1764368 0.1486715 0.1536798 0.1853462 0.1625024 0.1307148 0.1749868 0.1900877 0.1519407 0.1096137 0.1458731 0.1927853 0.1736981 0.1555002 0.127991 0.1105741 0.09256347 0.09492075 0.1218131 0.1631245 0.1091902 0.08623327 0.07526103 0.07074338 0.04321724 0.02897441 0.03096437 0.01494132 0.0174445 0.02084241 0.03117046 
0.3129064 0.3443878 0.3674523 0.3531849 0.3103895 0.2978691 0.3234327 0.3927087 0.3164111 0.3194501 0.3352758 0.3626586 0.2976115 0.3122119 0.2389282 0.2254062 0.355591 0.3326488 0.2289516 0.2658577 0.3325051 0.2349044 0.1518128 0.1836239 0.1985563 0.1430269 0.143035 0.1524219 0.1155992 0.1324346 0.1196551 0.1125498 0.101321 0.0846387 0.107262 0.1501474 0.1537845 0.1395554 0.09792534 0.08164144 0.09071739 0.1027819 0.1882158 0.213639 0.1188553 0.09009612 0.1174921 0.08866154 0.04123189 0.01941892 0.01915969 0.02262081 0.03161841 0.02164298 0.01728069 0.01509126 
0.2381519 0.2808344 0.2730982 0.3019976 0.2673975 0.2636346 0.2731065 0.3663365 0.3210584 0.3046397 0.2444449 0.3208632 0.2929178 0.2771223 0.241317 0.207808 0.290129 0.3274876 0.2246335 0.2612051 0.3368993 0.2137459 0.1703099 0.1976736 0.1688776 0.1304238 0.1448638 0.1787689 0.07937068 0.1034167 0.1255148 0.1246589 0.1327152 0.119138 0.1396688 0.1467458 0.1274122 0.09821236 0.05752283 0.07071745 0.1046376 0.1490052 0.2044462 0.1545131 0.1018226 0.07278417 0.07859036 0.0455473 0.02472419 0.01877217 0.01646145 0.01819866 0.03550119 0.0183481 0.01278029 0.004282947 
0.2134225 0.2271622 0.3232319 0.2926017 0.2253573 0.2193423 0.2321952 0.311993 0.3391019 0.3572226 0.2779021 0.2419632 0.2165682 0.194522 0.2485851 0.2201239 0.3057359 0.2819161 0.2449807 0.2738084 0.2160863 0.1677009 0.1694174 0.2586348 0.2561988 0.1830529 0.1270809 0.1328431 0.1065409 0.09265123 0.1136902 0.1125036 0.1189485 0.1002666 0.1234209 0.1092018 0.08153643 0.05247171 0.04387059 0.09561906 0.1533909 0.1878712 0.1830886 0.09491502 0.05875739 0.03776417 0.03754001 0.03025137 0.02383929 0.02634798 0.02762778 0.03834135 0.03928671 0.01783103 0.01428134 0.002964966 
0.2936981 0.2549752 0.3117531 0.2765401 0.2527678 0.2306485 0.184319 0.1847903 0.2470374 0.2813669 0.2792947 0.2353102 0.2077683 0.1851741 0.2340609 0.2473496 0.2873265 0.2437874 0.3616099 0.3163089 0.1962964 0.1895982 0.1721625 0.1860302 0.2102348 0.1781768 0.147959 0.1239606 0.1014737 0.09077442 0.07602689 0.09093621 0.1029735 0.1182947 0.08262511 0.08276096 0.07092837 0.03326906 0.03528043 0.08430259 0.08635184 0.09980089 0.09845924 0.06387307 0.04402893 0.03028056 0.03610758 0.04007171 0.02471 0.02438501 0.02024751 0.03084287 0.02180318 0.007625601 0.0009142778 0.0005945966 
0.2504136 0.2604664 0.3508811 0.3775717 0.2269998 0.207829 0.1403003 0.1777581 0.237176 0.2458795 0.2821746 0.2474416 0.2196631 0.2146807 0.1985263 0.4194636 0.4368346 0.3452153 0.3187684 0.3121884 0.3078781 0.261774 0.1880576 0.2353799 0.2149109 0.248231 0.1955557 0.1844618 0.165105 0.1596089 0.1304217 0.08056533 0.07720003 0.09322867 0.07110647 0.03597943 0.02647664 0.02130107 0.03729383 0.04367134 0.05269068 0.08356178 0.06243996 0.05301066 0.03713629 0.01359412 0.02489477 0.04480059 0.02055828 0.01707848 0.01436097 0.01970282 0.03697525 0.004373864 0.004327035 0.0008996499 
0.2396161 0.2718358 0.3874284 0.4579009 0.3010512 0.2731963 0.2060997 0.2211896 0.2452778 0.2344238 0.1949773 0.232634 0.2011995 0.2052242 0.2668658 0.5193888 0.4156705 0.335219 0.2384813 0.2746247 0.2349515 0.2079283 0.1539156 0.1478476 0.1520028 0.235252 0.206663 0.2004149 0.1278649 0.09223676 0.09772593 0.05618555 0.06747778 0.05956971 0.04153316 0.01972913 0.0259221 0.02647527 0.02195285 0.0403567 0.03184752 0.03189263 0.02480304 0.05163943 0.02553457 0.01640093 0.01980333 0.02063688 0.02076409 0.01535754 0.02162264 0.04535357 0.03762988 0.005137598 0.01525312 0.01086252 
0.2278698 0.3313011 0.3039424 0.4085506 0.3624751 0.3361743 0.2510009 0.2709852 0.2183408 0.179622 0.1659459 0.17531 0.2270943 0.2131622 0.3034383 0.4325151 0.2470344 0.1800596 0.2081185 0.3049669 0.2632306 0.266796 0.2148236 0.1706366 0.1843869 0.2435343 0.2128251 0.1726124 0.0955241 0.06337512 0.05306955 0.04109897 0.05629621 0.05286974 0.04770969 0.03116775 0.03968748 0.02325335 0.03445213 0.05443734 0.04899326 0.03420569 0.01426692 0.007574086 0.02030358 0.01749396 0.02496266 0.02661035 0.02491738 0.02977513 0.02288861 0.004805422 0.0001322481 0.0001149747 0.02406569 0.02512925 
0.2316238 0.2608055 0.2676347 0.3226146 0.3356935 0.3399271 0.329103 0.3227126 0.2367759 0.2594442 0.1775066 0.1708833 0.1580888 0.1776944 0.2837811 0.2664357 0.1882078 0.1770279 0.159031 0.3234628 0.2431617 0.2771049 0.2588697 0.1997197 0.3364515 0.2521463 0.1698405 0.08541327 0.02414804 0.02443728 0.01288357 0.0221874 0.02953969 0.02261545 0.02251133 0.02046014 0.03265437 0.007794897 0.01821713 0.0295117 0.02617514 0.0267137 0.0136567 0.006081539 0.003684531 0.008075898 0.02258361 0.01816465 0.008987353 0.006985872 0.007719264 0.007689765 0.007994641 0.005221387 9.946618e-005 0.0006811398 
0.2470322 0.2878432 0.3739072 0.2919637 0.3022681 0.3065594 0.3175257 0.2936722 0.3183297 0.293078 0.217061 0.1920663 0.1626 0.1649559 0.2062207 0.304207 0.2422452 0.1597347 0.1918206 0.2241839 0.2305629 0.2565596 0.2556641 0.1986589 0.2941933 0.2376752 0.1095499 0.02662591 0.01638164 0.0133248 0.002822873 0.004961252 0.01534164 0.01058613 0.005694356 0.005141613 0.02111479 0.0189689 0.01503381 0.01920184 0.01736945 0.02121799 0.01426463 0.008772305 0.008480162 0.007345406 0.00770951 0.01093733 0.00755524 0.006559274 0.01485569 0.005459936 0.007805496 0.00225024 0.002103581 0.002708088 
0.2134466 0.2948852 0.380627 0.2906404 0.3232098 0.4084182 0.2894442 0.2761198 0.3147898 0.245501 0.2633584 0.2349303 0.1970644 0.2131395 0.192048 0.3332957 0.3102719 0.2012453 0.1954636 0.2460763 0.2833039 0.2069133 0.1915276 0.1694192 0.1147944 0.1091139 0.07263567 0.01977541 0.01001141 0.004623497 0.001422357 0.002585909 0.003353602 0.004335192 0.0045904 0.005474711 0.007457687 0.01658176 0.02060663 0.01342514 0.01331528 0.0132369 0.01365399 0.008161237 0.008030491 0.006636516 0.006010423 0.008285316 0.01460425 0.01271515 0.00544453 0.002962478 0.002455116 0.002139828 0.002397367 0.00453929 
0.2631198 0.2979457 0.2613653 0.2951819 0.289484 0.2707069 0.2323795 0.2432187 0.2488378 0.2825408 0.2855441 0.2338328 0.2389301 0.1741457 0.1841358 0.4139005 0.2322501 0.1794883 0.1592167 0.3238331 0.3133134 0.2332808 0.1738307 0.1937187 0.1056201 0.07283883 0.03236092 0.007441766 0.001322269 0.001206842 0.003928767 0.002960945 0.003447633 0.003555446 0.004264122 0.003339265 0.008091546 0.009740796 0.00600341 0.00741457 0.007643798 0.007600442 0.008740513 0.008592501 0.0103386 0.006263103 0.005694007 0.007635009 0.006769047 0.006835279 0.005212919 0.002857748 0.002880272 0.002923892 0.002902694 0.003112277 
0.2775232 0.2722629 0.3028186 0.2949933 0.3734625 0.2784973 0.1941562 0.2206816 0.2661135 0.3164009 0.3003911 0.2744012 0.2124421 0.1739047 0.19747 0.2889845 0.2467596 0.2138033 0.233064 0.3925962 0.2192995 0.1715305 0.2057715 0.1770511 0.07908229 0.04891505 0.02459821 0.005345426 0.002162139 0.001773709 0.003816201 0.00329576 0.003169682 0.003759579 0.004480841 0.0009216696 0.001037067 0.001116584 0.007830279 0.007670247 0.007839804 0.007743296 0.007422741 0.01164097 0.01449473 0.007468774 0.005653763 0.007512806 0.009065697 0.005894271 0.005290819 0.003519116 0.005120829 0.006511003 0.004857594 0.002917214 
0.2637435 0.2384865 0.3790979 0.3101787 0.4203279 0.2809098 0.2101384 0.1850167 0.2165859 0.2626395 0.2287063 0.2332983 0.2106856 0.1663816 0.152607 0.1869875 0.1790213 0.2301656 0.209517 0.2663827 0.2051531 0.196886 0.1342984 0.1099693 0.05605287 0.02793194 0.02009591 0.01746801 0.003913711 0.005950334 0.002996969 0.004142554 0.00466205 0.005470824 0.006536135 0.006787611 0.007665134 0.01444186 0.008424634 0.012715 0.01292809 0.01273257 0.01211058 0.01313362 0.01113611 0.006819491 0.006168368 0.009248908 0.007371348 0.006573861 0.00583784 0.003908966 0.004507687 0.00450614 0.002839726 0.005546895 
0.2275769 0.2506154 0.3334725 0.3508595 0.382883 0.2523479 0.2241999 0.1967458 0.2059816 0.244913 0.2136123 0.2575889 0.1838145 0.1433162 0.1461679 0.1746699 0.1138871 0.1359614 0.1827965 0.289929 0.2281443 0.1916893 0.1688679 0.1276546 0.08223206 0.02247072 0.01303918 0.01062588 0.00608004 0.009360332 0.003721264 0.005343129 0.00497513 0.00579881 0.006875588 0.007092862 0.008004162 0.01154675 0.008678 0.01306951 0.01324642 0.01300459 0.0122886 0.02098193 0.008068687 0.006788675 0.006101901 0.008179575 0.007414355 0.006540277 0.00572592 0.003741855 0.003192107 0.002676884 0.002396713 0.003375062 
0.3066275 0.3081966 0.2831386 0.3262866 0.294051 0.2056767 0.2031302 0.2123523 0.2141991 0.2505725 0.2509204 0.2239378 0.1515989 0.1201182 0.1217637 0.1221275 0.1034826 0.1716196 0.1889174 0.2689025 0.2109744 0.1979872 0.1830273 0.1562333 0.09984924 0.03028731 0.0188787 0.008506876 0.003361563 0.007962293 0.005047056 0.007046117 0.006517863 0.007001396 0.007917726 0.007812591 0.008540251 0.008951022 0.009038206 0.01348712 0.01353249 0.01317454 0.01460931 0.007696582 0.007151763 0.006538526 0.006135769 0.008251601 0.007415086 0.006464313 0.005618168 0.003788259 0.003102198 0.00247655 0.002128812 0.003071293 
0.4060979 0.4040417 0.2772194 0.2442892 0.2263343 0.2052252 0.2839397 0.2701351 0.2195275 0.2330884 0.2055976 0.171087 0.1451301 0.1346516 0.1403716 0.1702699 0.130339 0.1188047 0.140807 0.179059 0.1693081 0.1978693 0.1441445 0.1266493 0.1044399 0.08190379 0.04261921 0.01811882 0.005489776 0.005114096 0.009024817 0.009793594 0.009549445 0.00936933 0.009634097 0.009000377 0.009444475 0.01106494 0.009471663 0.01400438 0.01389928 0.01327791 0.01600745 0.007475659 0.006759698 0.006690303 0.006583928 0.007900596 0.007069556 0.0061678 0.005309282 0.003761969 0.003035603 0.002426928 0.00212234 0.002044816 
0.3355145 0.2685252 0.2709009 0.2055617 0.2345142 0.4101128 0.3104356 0.2372703 0.2020942 0.2086964 0.2084683 0.1421139 0.1336564 0.1310375 0.1151239 0.1277665 0.1263573 0.1081929 0.1052109 0.1434556 0.1424341 0.1676115 0.1237413 0.1138428 0.1075808 0.07484921 0.0541377 0.03113281 0.02595751 0.01817184 0.01966696 0.01825783 0.01931358 0.01555637 0.01510998 0.01034042 0.01044013 0.01064794 0.01214933 0.01536841 0.01507873 0.01632912 0.01647883 0.01014419 0.008911883 0.01139883 0.01154643 0.01186955 0.01281283 0.009760639 0.004550541 0.003907889 0.003188278 0.00269676 0.002497013 0.002144618 
0.34052 0.3415967 0.3689447 0.3389193 0.2854902 0.3100431 0.24745 0.1853084 0.2253512 0.2179033 0.1739894 0.1409549 0.1564912 0.1906247 0.128407 0.1206341 0.1223441 0.1118331 0.09888723 0.1785236 0.2262896 0.2202606 0.1340163 0.1464822 0.1255547 0.08993386 0.07306517 0.04366202 0.03689817 0.02758159 0.02422199 0.02281048 0.01921815 0.01767888 0.01757329 0.01145133 0.01123709 0.01097778 0.01106862 0.01591293 0.01544559 0.01878127 0.01269191 0.01029609 0.009230229 0.008453087 0.00906606 0.01384202 0.01341389 0.006062754 0.004105466 0.003691115 0.00463377 0.006024665 0.003628484 0.006256694 
0.3444214 0.376404 0.3230569 0.3359923 0.2878979 0.2140665 0.2486655 0.1623958 0.1504352 0.1667376 0.1324829 0.1243173 0.1292097 0.1164868 0.118227 0.1320287 0.1210828 0.1082484 0.1145782 0.1955211 0.2672734 0.2368213 0.1929542 0.1951583 0.1772826 0.135719 0.1094799 0.07586979 0.04281443 0.0322904 0.02963516 0.02848903 0.02597923 0.0234765 0.02217448 0.01337418 0.01217589 0.01140217 0.010956 0.01609972 0.01539289 0.01412175 0.0129179 0.01065348 0.009226295 0.008221256 0.007473934 0.007012286 0.005771326 0.004587334 0.003551168 0.003838583 0.00605551 0.005642924 0.003551585 0.002058839 
0.3628536 0.3249559 0.2763642 0.206919 0.2150464 0.19965 0.2661468 0.1850169 0.1615851 0.1193087 0.079715 0.128707 0.1062014 0.1090175 0.1790083 0.1866787 0.1356885 0.1036136 0.1438703 0.2110659 0.267546 0.2719876 0.2050994 0.2243006 0.2061289 0.1885617 0.1358668 0.1265184 0.08396865 0.05630597 0.03963327 0.03845648 0.03622102 0.03265021 0.03177498 0.01604659 0.01335036 0.01171795 0.01109611 0.01608316 0.0153535 0.01458776 0.01376258 0.01123656 0.009427146 0.00817966 0.007376694 0.006118054 0.004851425 0.003885598 0.003339445 0.003756765 0.005178375 0.004903889 0.004075545 0.006694777 
0.2598491 0.2457344 0.2621844 0.2552489 0.2185759 0.1875854 0.2116594 0.192555 0.1537228 0.0849334 0.08149245 0.1089859 0.1225654 0.1639532 0.142517 0.1389758 0.1045175 0.1025735 0.1284403 0.1821183 0.2227252 0.2157089 0.1915051 0.188138 0.170414 0.1526845 0.1276257 0.1291098 0.141761 0.1205174 0.09682001 0.08564921 0.07025496 0.06318461 0.05296348 0.02574634 0.02172472 0.0190073 0.01746983 0.0173207 0.01560292 0.01817104 0.01379205 0.009527466 0.009436516 0.007303842 0.006867952 0.005501458 0.006340145 0.005230226 0.003553123 0.01515729 0.01500002 0.005071276 0.01025431 0.0124247 
0.2928341 0.1755845 0.2113544 0.2092077 0.2182607 0.1673167 0.1987208 0.1893174 0.1469397 0.07714114 0.06276751 0.1179079 0.1464324 0.1743577 0.1479233 0.1391478 0.1272528 0.09911168 0.09681286 0.135806 0.15899 0.179627 0.1634035 0.1986218 0.2206864 0.1833131 0.143276 0.1398975 0.1581827 0.151154 0.13254 0.1125271 0.09489056 0.07889586 0.06293598 0.03300609 0.025549 0.01827173 0.01993064 0.01655454 0.01712551 0.01562149 0.01420665 0.01044109 0.008894464 0.007881644 0.007396907 0.006330145 0.005623211 0.007258698 0.004137715 0.01092841 0.01061115 0.00343401 0.009853682 0.02147361 
0.2705743 0.1651956 0.1575441 0.15114 0.2125553 0.2086334 0.2141282 0.169319 0.1271764 0.1035752 0.07301994 0.1096277 0.1326763 0.1202507 0.1152444 0.1107106 0.1090352 0.1088484 0.08873032 0.1254804 0.128424 0.1654531 0.1883724 0.2094275 0.2152828 0.2089299 0.1576455 0.2214197 0.2095964 0.1699853 0.1728257 0.1700628 0.142456 0.1085695 0.0763572 0.0327775 0.02540652 0.01559526 0.0185885 0.01722147 0.01820351 0.01573215 0.0138878 0.01058142 0.008996475 0.007972118 0.008986367 0.007191391 0.005922165 0.005097884 0.004435281 0.007010391 0.009100201 0.003809609 0.01238081 0.01670653 
0.1451335 0.193383 0.1592161 0.1761284 0.1918669 0.1592859 0.1685899 0.1766298 0.1513003 0.1104246 0.1039235 0.09508552 0.1082213 0.1193955 0.1047978 0.105733 0.09923769 0.1066537 0.09661462 0.116578 0.1326542 0.1599524 0.1939982 0.1867456 0.2099647 0.2108867 0.2039685 0.2581247 0.2336902 0.2355544 0.1791597 0.1800599 0.1690418 0.1249995 0.08782119 0.04740173 0.02794499 0.01705982 0.01681266 0.0172546 0.01667774 0.01462769 0.01322455 0.01035984 0.008807166 0.007834303 0.01238297 0.01599428 0.01490697 0.01464614 0.0173016 0.0229177 0.0189252 0.01468807 0.01825964 0.01895829 
0.2569437 0.2770355 0.1509572 0.1339762 0.120775 0.1055268 0.1740306 0.1580566 0.1229972 0.124354 0.1159537 0.1054322 0.1033638 0.09430908 0.1021108 0.08269577 0.1014987 0.1187174 0.1171506 0.1263916 0.1491564 0.1539727 0.1845592 0.1806828 0.2083945 0.214846 0.2055861 0.2334935 0.2404499 0.2553213 0.2283706 0.1952325 0.1555002 0.1086815 0.09256195 0.05102049 0.03095498 0.02238151 0.0170278 0.01707449 0.01647591 0.01558901 0.01328253 0.009167642 0.007722321 0.008020342 0.006691837 0.01033487 0.005531961 0.005364937 0.009309987 0.03373253 0.04472584 0.04564163 0.03079943 0.04569232 
0.2470967 0.1888401 0.1461649 0.08985507 0.05771715 0.05856999 0.1046172 0.1760289 0.1321262 0.1207633 0.1135545 0.1209873 0.1061321 0.09159596 0.1072103 0.08116744 0.07736491 0.08004495 0.0893697 0.1198118 0.1527416 0.1357886 0.158032 0.2062889 0.2213774 0.2450302 0.2363578 0.2834478 0.2769795 0.2705626 0.2687226 0.211824 0.1941687 0.1179401 0.1100239 0.04852577 0.0300347 0.02028018 0.01694409 0.01617876 0.01420507 0.01217095 0.01082485 0.008391959 0.006846681 0.008256172 0.009653814 0.005061095 0.005855769 0.005507808 0.006066368 0.01620509 0.01240668 0.01552786 0.03740567 0.03267509 
0.258419 0.2283943 0.1486404 0.1189651 0.1185594 0.07701676 0.09775964 0.09633866 0.09219908 0.07316357 0.07483222 0.07925006 0.08796784 0.09337972 0.09438551 0.07342493 0.06605903 0.07065141 0.0694531 0.1128283 0.1056268 0.1176995 0.1358274 0.2050446 0.2372771 0.2559537 0.2465013 0.260379 0.270308 0.2505508 0.2778584 0.2285901 0.2187373 0.1511754 0.0982938 0.05337095 0.03488879 0.02802096 0.02418708 0.01527949 0.01325531 0.0112536 0.01000807 0.007749345 0.006285051 0.006472189 0.009718776 0.00478613 0.004492574 0.003968237 0.003676375 0.005870774 0.007904418 0.0121448 0.006131 0.008984947 
0.2757626 0.2126131 0.1507737 0.07646111 0.08963496 0.07545919 0.08845999 0.1307238 0.1139157 0.0666768 0.05492067 0.07973803 0.06833943 0.06439149 0.06414396 0.0659484 0.06688136 0.06175068 0.05278711 0.06869404 0.08422173 0.1147504 0.1649061 0.1860867 0.2381334 0.2643709 0.2301513 0.3003282 0.3003416 0.2497052 0.2614099 0.2433908 0.2124779 0.158526 0.09795401 0.04887617 0.05203671 0.02625709 0.02196884 0.01469996 0.0128421 0.01095418 0.009744235 0.007578438 0.006143127 0.005501482 0.00561747 0.005066966 0.00516192 0.005608689 0.004327511 0.006939767 0.007274786 0.007951647 0.0084159 0.006067974 
0.2221825 0.15323 0.09904687 0.08002124 0.09991467 0.0855978 0.08383617 0.09660815 0.1139126 0.1009629 0.07846381 0.08207992 0.07790612 0.07614718 0.05805002 0.05013025 0.05876636 0.0890636 0.07336662 0.0852814 0.08927214 0.08223346 0.1033122 0.1451368 0.262713 0.2608268 0.2290988 0.2339647 0.2575184 0.2062093 0.1989287 0.1858386 0.1696477 0.1406839 0.09286667 0.05965687 0.07359244 0.0202751 0.01905569 0.01480909 0.01299505 0.0111166 0.009872449 0.007304041 0.006290779 0.005916099 0.006135445 0.007349181 0.008039042 0.008380628 0.007416387 0.008249087 0.008710245 0.007870059 0.0159653 0.01731106 
0.163829 0.1270224 0.0890082 0.07914288 0.07162931 0.07844611 0.06725497 0.09661404 0.1114786 0.09194121 0.06941379 0.07072941 0.06992329 0.05829202 0.04059379 0.04027024 0.05603088 0.08262712 0.09360848 0.1072095 0.08906184 0.09100414 0.08690152 0.1053867 0.1674655 0.1858638 0.2272072 0.2270946 0.2115484 0.1980533 0.1815659 0.1796295 0.1392171 0.1251541 0.09919874 0.05833571 0.02858569 0.0162973 0.01421574 0.01408259 0.01246471 0.01071349 0.00953522 0.007081486 0.00607647 0.005779642 0.00613107 0.007833846 0.008167159 0.008225572 0.008687522 0.007973381 0.007951889 0.008335559 0.009296349 0.02939635 
0.1329334 0.1143637 0.08849608 0.09524187 0.08023631 0.06136998 0.06577602 0.08924045 0.08031031 0.06482466 0.06074706 0.05485719 0.04783051 0.04665262 0.03888834 0.03291624 0.06731058 0.09022262 0.1095785 0.1017543 0.09784863 0.08639918 0.08561724 0.1003144 0.1374815 0.1358553 0.1541389 0.1925853 0.1833298 0.1578042 0.1449422 0.1493539 0.153813 0.09457877 0.07902453 0.03932289 0.02597093 0.01592682 0.01426116 0.01314854 0.01165127 0.01020353 0.009378834 0.007763479 0.00606645 0.005879131 0.006359605 0.008398865 0.009413755 0.00892749 0.009588659 0.00874424 0.008966349 0.01178823 0.02223113 0.0448974 
0.1167243 0.1163404 0.1036187 0.1239094 0.103154 0.07087625 0.0802673 0.07352093 0.06509716 0.06156809 0.05724515 0.05628427 0.0601761 0.04055512 0.04440232 0.05270402 0.1064109 0.2196567 0.163042 0.1013619 0.07101604 0.07643363 0.07925159 0.09417805 0.1760899 0.1652725 0.1145144 0.140931 0.1424439 0.1282476 0.1190619 0.1035324 0.1235178 0.07314626 0.05736458 0.03492329 0.02516694 0.01511397 0.01389321 0.01418378 0.01248657 0.01068043 0.00943341 0.008851227 0.006636001 0.006320389 0.006922163 0.009957665 0.01165907 0.01095284 0.01095238 0.009086059 0.01571343 0.02830138 0.02587307 0.0380088 
0.1099296 0.09837252 0.09341092 0.1122929 0.08857478 0.080409 0.05566797 0.07286882 0.07427528 0.09284861 0.0698143 0.05383262 0.04952291 0.03496692 0.06332662 0.1317479 0.1710741 0.2182149 0.1568212 0.06916768 0.05782709 0.06498973 0.07143801 0.09099854 0.1821643 0.1632713 0.1148228 0.1348977 0.1199602 0.1037433 0.08668383 0.06848992 0.05556877 0.04204978 0.03653774 0.02928623 0.02289893 0.01537847 0.01340931 0.01365687 0.013027 0.009507556 0.01402269 0.01139108 0.009661357 0.01061274 0.01239321 0.01772426 0.0167362 0.01688139 0.01766211 0.01996101 0.01822071 0.02332927 0.02551884 0.01290464 
0.1128641 0.1013915 0.05759226 0.07391167 0.07510503 0.08337799 0.05186047 0.05731189 0.06677724 0.07520761 0.06706744 0.05822634 0.04142112 0.04331032 0.05705971 0.1452931 0.1814155 0.1487302 0.1640666 0.1109677 0.05212175 0.05419093 0.1132257 0.1173944 0.1168537 0.09981912 0.1128643 0.1310405 0.1069944 0.08480248 0.0708162 0.05776855 0.04670528 0.03831378 0.035185 0.02713043 0.01704191 0.01210061 0.01035762 0.00762903 0.006873229 0.006740259 0.008980243 0.01156368 0.01175684 0.01222426 0.01406115 0.02093384 0.01806771 0.01914874 0.02142661 0.02329929 0.02025139 0.01848298 0.01991352 0.03459655 
0.09915528 0.09791643 0.052804 0.05463705 0.05290849 0.05489053 0.045851 0.05549259 0.05180812 0.04298946 0.04394385 0.04880374 0.04078017 0.03256073 0.07785827 0.1609427 0.1511333 0.1622513 0.1261583 0.1061646 0.04560616 0.03633393 0.1102379 0.1343807 0.06067738 0.05876151 0.09003194 0.1156034 0.1068802 0.07853666 0.06431974 0.04550344 0.03826441 0.03018188 0.02427004 0.02187118 0.01932018 0.0124256 0.01179263 0.009076546 0.006154867 0.006420297 0.009206918 0.01251367 0.01336049 0.0146253 0.01565709 0.02375438 0.02370225 0.02169565 0.02371313 0.03303859 0.03485791 0.02420452 0.02623198 0.01915322 
0.08896352 0.064947 0.03330305 0.0472449 0.03975151 0.03919126 0.03903438 0.04843509 0.06080747 0.04166785 0.03602158 0.03274367 0.03050333 0.0344196 0.08946035 0.08051402 0.09757245 0.1323163 0.10282 0.07773793 0.03033559 0.04459703 0.05677592 0.06949048 0.05385386 0.07973746 0.09933041 0.1015899 0.103877 0.07870411 0.0572347 0.03453534 0.02785074 0.025529 0.01840368 0.01887931 0.01618255 0.01135899 0.007579529 0.006961694 0.005596411 0.006408038 0.01013138 0.0139958 0.01541606 0.01717616 0.01833555 0.02700857 0.02256475 0.02625412 0.03267691 0.02759263 0.03312417 0.02852562 0.0199933 0.03758064 
0.09478647 0.06487633 0.03725174 0.05143395 0.03928331 0.03275912 0.04176943 0.05448079 0.0479635 0.04214539 0.03212872 0.02865019 0.03745643 0.05843927 0.08443677 0.1119981 0.135673 0.09042472 0.06057768 0.02992601 0.02145649 0.1073786 0.1037799 0.02259845 0.02543551 0.05178609 0.07119799 0.06135447 0.07452688 0.04885919 0.02487402 0.0227846 0.02101265 0.02126968 0.01580995 0.01530512 0.01123085 0.01059587 0.008141576 0.007330054 0.004366868 0.008278963 0.008149218 0.02172979 0.02283991 0.02695642 0.0308024 0.03233676 0.03515532 0.03893083 0.03374776 0.04126813 0.03972824 0.02752451 0.03419426 0.03673387 
0.09627534 0.0511091 0.02460005 0.04717832 0.05772783 0.02687479 0.03990012 0.04831148 0.05882538 0.03609169 0.04113134 0.04187223 0.03824642 0.04562066 0.0652234 0.1339031 0.09563473 0.0801984 0.0301364 0.04500745 0.04337619 0.07120824 0.1407979 0.03642785 0.01469197 0.03144665 0.0405342 0.05046428 0.04014871 0.02649287 0.01580465 0.01861279 0.0174468 0.014752 0.008857799 0.009106298 0.009796733 0.01109494 0.01024579 0.01054364 0.004067489 0.005698562 0.009869639 0.02442198 0.02985289 0.03133508 0.03298901 0.03351882 0.03196703 0.03635832 0.05312116 0.04753472 0.02599169 0.03469855 0.05107294 0.03366935 
0.1175192 0.05205532 0.02811604 0.04113021 0.04647595 0.04623062 0.02589004 0.03596822 0.03898382 0.03566062 0.03827583 0.04775716 0.05458498 0.05467024 0.06521332 0.07888515 0.06112779 0.03767807 0.05108442 0.03078978 0.02356054 0.01713356 0.06709857 0.02999515 0.02007868 0.06343611 0.05654341 0.04307199 0.02702275 0.01692887 0.01067775 0.01560663 0.02097663 0.01702094 0.01382767 0.009568753 0.0129145 0.01196165 0.009659352 0.01169256 0.008416395 0.006208045 0.009629449 0.02368483 0.03124274 0.03345333 0.03473995 0.03112964 0.03565902 0.03746416 0.03738192 0.03169608 0.02795835 0.0405299 0.05101626 0.02923387 
0.1305791 0.05965081 0.02861546 0.03633831 0.04213757 0.03094503 0.02088351 0.01886883 0.01948792 0.02709422 0.03951912 0.04330175 0.05396039 0.05051236 0.05639173 0.04766943 0.03259913 0.04475078 0.021312 0.02244432 0.0189196 0.01561586 0.0290344 0.01089083 0.0096141 0.04394392 0.01637617 0.0222323 0.01543178 0.01975552 0.02959073 0.01283638 0.01716198 0.01620287 0.01268051 0.03215559 0.1323001 0.01627391 0.009859746 0.01218493 0.01262823 0.01023516 0.01027662 0.02200574 0.02730043 0.03440328 0.04059635 0.034486 0.03715957 0.03775203 0.04333581 0.0347368 0.03521054 0.05072208 0.0574114 0.03338709 
0.1258394 0.08385842 0.03554424 0.03248706 0.03497801 0.03367839 0.01565054 0.02587798 0.01852996 0.02993131 0.04520202 0.02401262 0.0377082 0.03830779 0.04649343 0.02941315 0.03183772 0.02418634 0.01975063 0.02436486 0.02288858 0.01556214 0.01469603 0.005417883 0.005590708 0.01408831 0.009316176 0.00459566 0.001877303 0.01912919 0.02107323 0.00801744 0.01548928 0.01880665 0.02724974 0.03673899 0.2279273 0.01229491 0.0118348 0.01348668 0.01333671 0.01211805 0.01459939 0.02563124 0.03135146 0.03550433 0.03800563 0.05025415 0.0455222 0.05499643 0.04157366 0.0166129 0.04165322 0.05770161 0.05084677 0.0183871 
0.07958572 0.07650798 0.03537195 0.01800476 0.01809016 0.02275259 0.01577608 0.0327016 0.02511369 0.0238592 0.01235207 0.01853074 0.03577917 0.02687163 0.03266421 0.02262576 0.02215679 0.02146974 0.02181644 0.02233054 0.0169815 0.01306977 0.01291682 0.003827133 0.007367228 0.003480171 0.01205283 0.001705142 0.001289784 0.002321308 0.001504372 0.01824003 0.02301328 0.01971361 0.01304232 0.01591241 0.03149598 0.01005066 0.01131688 0.01474423 0.01249864 0.01311375 0.01572372 0.02716488 0.033426 0.03746749 0.03990947 0.04759041 0.05769394 0.04813237 0.04370048 0.0175 0.0439113 0.04181452 0.02693548 0.02939516 
0.04846051 0.0396854 0.02415109 0.01428568 0.01381421 0.0132332 0.01325755 0.02459328 0.03275595 0.02500452 0.01935557 0.01312223 0.0157092 0.01608275 0.02866127 0.0326195 0.03013063 0.02313446 0.02395993 0.01996962 0.01379982 0.01120741 0.01084877 0.003224683 0.003110484 0.002830825 0.002332122 0.004695957 0.004506183 0.01329316 0.00286901 0.01239114 0.01535232 0.01118305 0.01197911 0.00779423 0.007708678 0.009621516 0.01150639 0.0147186 0.0151996 0.01550897 0.01815139 0.03096233 0.03635253 0.0392634 0.04060419 0.04019449 0.05950823 0.0515893 0.05603922 0.03084677 0.03350806 0.0283871 0.03189516 0.0316129 
0.02379243 0.01911035 0.009361589 0.00902199 0.009909019 0.01089896 0.009153205 0.01425669 0.01985812 0.01844564 0.02203674 0.009115058 0.01089971 0.01095564 0.01360521 0.0161275 0.02687373 0.02666224 0.02399423 0.01745902 0.009484421 0.009349022 0.00900719 0.00543578 0.002571462 0.002518965 0.002504779 0.001156527 0.00347513 0.005446598 0.003656297 0.009311173 0.01887202 0.01416545 0.01153359 0.0120482 0.01280714 0.01260193 0.01250809 0.01439511 0.01392286 0.01647081 0.02036816 0.03333691 0.03559813 0.03614651 0.03858274 0.04286262 0.04929192 0.05978175 0.05599677 0.04229839 0.03592742 0.0355242 0.04951613 0.02903225 
0.01102682 0.01736558 0.0172563 0.01097547 0.01201926 0.007663766 0.006745144 0.007605346 0.002213654 0.005457837 0.01059509 0.005414209 0.006151255 0.005674978 0.006984303 0.00755666 0.00631809 0.00955404 0.009246984 0.00808187 0.006962659 0.006649691 0.01555579 0.006793628 0.001980442 0.002632456 0.0008715953 0.01098437 0.005674284 0.0002509427 0.001538918 0.003353284 0.008682099 0.01453158 0.02015279 0.0182947 0.02469779 0.02318858 0.01768956 0.02995842 0.02187409 0.02423824 0.02883036 0.03213575 0.03485338 0.03769603 0.04995754 0.02169355 0.02842742 0.03806451 0.02060484 0.0396371 0.02298387 0.02758064 0.03189516 0.02383065 
0.00756172 0.01321784 0.0130719 0.00574014 0.007988164 0.006685331 0.006911977 0.004773592 0.001235959 0.002158714 0.004115441 0.003787168 0.003725877 0.004120548 0.003993614 0.005258596 0.004822376 0.004829792 0.007605854 0.005306769 0.005363219 0.005014847 0.004536381 0.003140238 0.0008268861 0.0007193937 0.0005845945 0.003793738 0.008577934 0.005751158 0.0008495116 0.002556533 0.003886168 0.009107011 0.01319224 0.02450473 0.036306 0.04137942 0.02587678 0.02387521 0.04081436 0.02505094 0.02683985 0.03318496 0.03569445 0.03261489 0.04578012 0.01693548 0.01814516 0.02447581 0.02729839 0.02653226 0.01141129 0.005887096 0.02173387 0.01774194 
0.01260611 0.00482805 0.005547071 0.004438553 0.002131266 0.003505214 0.008084087 0.001695796 0.001958648 0.0007680531 0.0009850416 0.00241131 0.004183895 0.003619056 0.00265632 0.003824273 0.004546757 0.003973039 0.003836203 0.004080547 0.004097833 0.003788392 0.00332189 0.000846761 0.0008355266 0.0004838976 0.0003891161 0.0006669499 0.0003967617 0.002848257 0.0009830983 0.001971767 0.003078946 0.008782529 0.009605233 0.01913366 0.02196722 0.02621824 0.02810367 0.02656474 0.05528408 0.02282574 0.02905883 0.03445107 0.03536389 0.03354111 0.02832907 0.006975806 0.01060484 0.02040322 0.02217742 0.02745967 0.01717742 0.007177419 0.008185484 0.01512097 
0.01001185 0.004346862 0.003437055 0.00490219 0.002743388 0.000499565 0.003147125 0.0005252287 0.0005170816 0.0006189864 0.0009609987 0.001354498 0.002695903 0.003152658 0.003569111 0.005867305 0.003560848 0.003327104 0.003038777 0.006010576 0.006636229 0.003312444 0.002674581 0.0005255658 0.004914345 0.001362231 0.0005627598 0.0004860952 0.0001102522 8.281069e-005 0.01168096 0.001522951 0.002351648 0.009300813 0.004980306 0.007542177 0.01540478 0.01977444 0.03365749 0.02803331 0.0291265 0.01935395 0.02008273 0.02632703 0.02974434 0.02635975 0.02393431 0.006169355 0.02899193 0.02028226 0.02181452 0.01685484 0.01197581 0.01346774 0.0128629 0.01330645 
0.03455363 0.0207304 0.006130889 0.003507818 0.002844003 0 0.001052214 0.0003919483 0.002940705 0.0005478544 0.0007580182 0.001749073 0.001341489 0.002726515 0.003301957 0.007051293 0.00368768 0.002688897 0.004202402 0.00599506 0.00504748 0.002897289 0.002369268 0.0014884 0.001195957 0.001079324 0.0008238426 0.0003516392 0.0002208447 0.0001665466 0.0004362682 0.01084397 0.003921401 0.003127542 0.007012155 0.01139359 0.008048505 0.009104554 0.03818484 0.02270744 0.03057293 0.02651296 0.02155995 0.01891911 0.02363534 0.01925705 0.01797462 0.0004032258 0.03794355 0.01044355 0.0153629 0.01201613 0.01169355 0.01173387 0.008306451 0.00548387 
0.02655469 0.01667598 0.009027594 0.004980559 0.002966898 1.277324e-005 0.002126778 0.0002356344 0.002705597 0.0003581709 0.001357609 0.001176514 0.001350233 0.001117129 0.001313371 0.00175334 0.002941673 0.002209041 0.002593465 0.001823782 0.001447398 0.001446766 0.002258295 0.001301617 0.001721151 0.0006107733 0.0004786782 0.0002119399 0.0005548594 0.0001008522 0.0001374327 0.002389615 0.002086633 0.001775743 0.008791359 0.01397136 0.003760597 0.004463177 0.006009967 0.01510935 0.03464691 0.03644625 0.0190264 0.01917232 0.01868471 0.02825596 0.01621275 0.01487903 0.02362903 0.006088709 0.00875 0.01504032 0.01254032 0.00842742 0.003508064 0.002943548 
0.01932448 0.01741619 0.009619896 0.003989694 0.00188676 0.002662336 0.001106814 0.0002338826 0.002775466 0.0002711045 0.0003800363 0.0006403476 0.0007777272 0.0009072977 0.001074835 0.001274298 0.001533168 0.00178834 0.004188778 0.002934594 0.00467646 0.000972793 0.001002023 0.001422476 0.002329157 0.0007217181 0.0002992461 0.0001294544 7.644541e-005 0.0004975229 0.0005582598 0.004083788 0.002202061 0.001283845 0.001459246 0.005588547 0.006878391 0.01065497 0.008543702 0.007445932 0.02411303 0.0390076 0.01649282 0.02567438 0.02089828 0.01277055 0.0166794 0.01850807 0.01576613 0.01685484 0.03157258 0.01346774 0.01266129 0.004475806 0.004556451 0.008548386 
