ncols         56
nrows         54
xllcorner     28.264
yllcorner     -5.7719999999999
cellsize      0.25
NODATA_value  -9999
0.0001317889 8.254415e-005 8.89551e-005 0.002085116 0.001021837 0.0001964189 0.002412377 0.0005067838 0.001045515 0.001842203 0.002607934 0.005035909 0.01436079 0.01286514 0.008538481 0.009778751 0.01034797 0.01045506 0.02035333 0.01360991 0.008721004 0.01700613 0.02544379 0.0142348 0.01507897 0.01322053 0.01319793 0.0147054 0.03342683 0.02578841 0.02316687 0.03626916 0.02211375 0.01305048 0.01158642 0.01471747 0.02178744 0.02275707 0.03011778 0.02973646 0.03038631 0.03044124 0.01989035 0.005627566 0.004690036 0.003510356 0.003249177 0.002767541 0.002506621 0.002132563 0.001940541 0.001330664 0.001188416 0.001010399 0.0008041758 7.904679e-005 
0.0009575901 0.0005348312 0.001261636 0.0002767048 0.0002820725 0.0003771164 0.0005574017 0.0002058736 0.0008330942 0.00194381 0.002752845 0.00332636 0.009481408 0.003126669 0.005218482 0.0121345 0.02008821 0.01132009 0.008145272 0.008981666 0.006158013 0.008120498 0.004216231 0.01458673 0.01558985 0.01160528 0.00708694 0.0101967 0.02518064 0.01984504 0.01450841 0.02360915 0.01346664 0.01848181 0.01577209 0.01795517 0.02975081 0.02612286 0.04437321 0.02776849 0.01581695 0.01975144 0.01531049 0.008675968 0.005449336 0.00357323 0.00327318 0.003628489 0.002998957 0.002312563 0.002071609 0.001410114 0.001274531 0.001088495 0.0008649316 8.50388e-005 
0.001069153 0.005115191 0.0007868224 0.0005593318 0.0005596849 0.0006778064 0.0009073046 0.002818903 0.0007058625 0.002195837 0.003200709 0.003367634 0.005430844 0.006926018 0.004651246 0.01372948 0.02194484 0.008595815 0.008712778 0.02024004 0.009799469 0.007294535 0.04906712 0.01991099 0.02089347 0.01171747 0.009713514 0.01261982 0.01316707 0.0239034 0.01349585 0.01342588 0.01641572 0.01249271 0.01456926 0.01912907 0.02658327 0.03398964 0.04895472 0.04302403 0.0340972 0.01690727 0.0485628 0.01341244 0.01060635 0.004879491 0.0050848 0.004175194 0.002550808 0.002171624 0.002022154 0.001500895 0.001260558 0.001078858 0.0008528344 8.291096e-005 
0.002012862 0.002158911 0.001684892 0.00154042 0.002976034 0.002529002 0.002270321 0.006232424 0.004773268 0.001792562 0.002636953 0.003191711 0.003304405 0.00419979 0.005371341 0.01216117 0.01225983 0.01531179 0.01784359 0.03208124 0.01632843 0.01720409 0.06232161 0.05666408 0.03850752 0.01529726 0.0333794 0.02609798 0.01205044 0.01155779 0.01131297 0.01752773 0.02270072 0.01965847 0.02550489 0.02629047 0.04030119 0.04047118 0.03546786 0.02945197 0.02954443 0.04401643 0.07553326 0.02656247 0.02376008 0.008006522 0.02603148 0.004394566 0.002420668 0.002036751 0.001873527 0.001419576 0.001293554 0.001113365 0.0008785026 0.000437655 
0.002459943 0.002540876 0.002535339 0.002036278 0.004015478 0.004501387 0.002871412 0.0006069862 0.002845136 0.005968576 0.00309801 0.01976696 0.01661928 0.008696117 0.006818562 0.01403438 0.01232772 0.01872299 0.02973332 0.01954134 0.008532095 0.04639955 0.04657293 0.04255786 0.03378678 0.02328838 0.02082136 0.02146633 0.01204876 0.01363475 0.01245103 0.04036169 0.0545612 0.03814022 0.03062022 0.02992641 0.03643471 0.02849073 0.02591391 0.02219386 0.02532602 0.04875032 0.01707142 0.00812245 0.007429842 0.005248074 0.005313089 0.004333529 0.002228703 0.001976232 0.001828067 0.001390229 0.001276717 0.001099504 0.0008644007 0.0004292569 
0.003203423 0.003515676 0.003030951 0.002838802 0.004198093 0.01828854 0.006122085 0.0007239502 0.0008139131 0.003863853 0.008092634 0.003964366 0.02122448 0.01444345 0.009058961 0.003913822 0.01691823 0.01504017 0.02361519 0.0300114 0.04800593 0.04768587 0.05935302 0.03151357 0.03785085 0.0244508 0.02332467 0.02520113 0.01343467 0.02016039 0.02489761 0.0339313 0.05124326 0.04284231 0.03881507 0.03476586 0.03551193 0.03149158 0.02549719 0.01784271 0.02044334 0.01587354 0.01011416 0.006755686 0.005064926 0.003450831 0.002773351 0.002485019 0.002033533 0.001787031 0.001654493 0.001261478 0.001152082 0.0009949183 0.000778136 0.0003826142 
0.006560094 0.004152226 0.004074062 0.003820073 0.004427571 0.004761175 0.01741883 0.001152821 0.002542693 0.001867761 0.002749481 0.003114278 0.003412326 0.01207811 0.004401375 0.004987004 0.01150931 0.01565625 0.01436199 0.02191051 0.04330735 0.02978845 0.04818803 0.01940536 0.02843373 0.01697883 0.02258189 0.03563985 0.04430193 0.02248372 0.02845287 0.03547646 0.04061998 0.0668062 0.04223365 0.03283171 0.04272393 0.03771343 0.02585659 0.01885022 0.01589309 0.01316242 0.009565371 0.006710119 0.005102008 0.002751984 0.002399778 0.002036477 0.001688317 0.00145589 0.001348052 0.001025966 0.0009482139 0.0007986243 0.0006240318 0.0003034468 
0.006046812 0.001069881 0.0007379483 0.0009520883 0.001386119 0.003951865 0.007994261 0.008352342 0.007298568 0.00851587 0.01609834 0.008108966 0.01012776 0.009755968 0.009661326 0.01750001 0.02632017 0.0201265 0.009569434 0.02086481 0.03581587 0.03942833 0.04479746 0.02078405 0.03069966 0.0444512 0.0227226 0.03675049 0.0309162 0.02897031 0.034228 0.02832665 0.03504707 0.06692088 0.02733601 0.02034542 0.04343467 0.03592226 0.02498729 0.02606921 0.01514625 0.01587711 0.008901127 0.002738269 0.001683191 0.001064478 0.0009113997 0.000916595 0.0007329821 0.0006134422 0.0005848924 0.0001479768 0.0001334884 0.0001135026 8.817087e-005 0.0001218077 
0.004156663 0.001606307 0.001299219 0.001238957 0.00139279 0.003392344 0.003422563 0.01102537 0.008018842 0.008641986 0.01306542 0.01307708 0.01274885 0.01728727 0.01129929 0.02707044 0.01792024 0.01750411 0.01250764 0.02369579 0.03456591 0.04129366 0.04961267 0.03202507 0.02524356 0.02850934 0.03040652 0.01321986 0.03557165 0.03984684 0.04816521 0.03413968 0.03979893 0.0264559 0.02233336 0.02097169 0.02817879 0.02679966 0.03272406 0.02078603 0.01470401 0.01169207 0.008956582 0.003657982 0.001563244 0.0008884965 0.0007402858 0.0007419331 0.0005415107 0.0004322523 0.0003938945 0.0001308215 9.051335e-005 7.648503e-005 5.898645e-005 7.885191e-005 
0.004714996 0.005990924 0.002906736 0.002781909 0.002383312 0.003791961 0.007660269 0.01312878 0.01016142 0.01387831 0.01192172 0.01368796 0.01176515 0.01003704 0.008160388 0.01181023 0.01400784 0.0257004 0.01207297 0.0313862 0.03364999 0.01133975 0.0315614 0.04184406 0.03730486 0.0419801 0.03038668 0.01362425 0.02582327 0.02792827 0.03723999 0.0435747 0.0695859 0.02712546 0.03579744 0.03079955 0.02906498 0.01967166 0.01969987 0.02171296 0.01487072 0.01300779 0.008579534 0.002846331 0.002246843 0.000726942 0.000620903 0.0005606517 0.0003982158 0.0003032414 0.0002724678 6.975763e-005 6.089212e-005 5.070432e-005 3.871724e-005 5.052906e-005 
0.006846983 0.00786673 0.008767511 0.007345834 0.004074052 0.002411142 0.002373819 0.01506602 0.01034138 0.01470403 0.01277283 0.01889817 0.01693134 0.009114858 0.008670484 0.009909019 0.01255041 0.02360703 0.01254456 0.02356794 0.0203733 0.001715402 0.03158353 0.02983775 0.03688623 0.02879322 0.01275052 0.01054476 0.01061319 0.005547124 0.01423953 0.03746346 0.07351445 0.0441292 0.03549235 0.02883523 0.02189078 0.01513659 0.01305423 0.01549266 0.01223024 0.01046655 0.007677591 0.002140127 0.001472688 0.0005863158 0.0004779405 0.0004418455 0.0003044653 0.0002248992 0.0002020396 5.162181e-005 4.480518e-005 3.696604e-005 2.810636e-005 3.67988e-005 
0.01182922 0.03297792 0.01777929 0.01932153 0.01776598 0.01546478 0.01389576 0.01988165 0.01749006 0.01888457 0.01971491 0.02539312 0.01552059 0.01531321 0.01352777 0.01976492 0.02380665 0.02168405 0.01115151 0.01590049 0.01210216 0.002263123 0.02474568 0.004270012 0.00588945 0.02206597 0.01371164 0.006489171 0.009158331 0.02256491 0.0297103 0.03179613 0.03482192 0.04973469 0.04121463 0.02084283 0.01135781 0.004315982 0.004278774 0.01133622 0.008169635 0.006417413 0.004905126 0.0017033 0.001007289 0.000880016 0.0003446193 0.0001987692 0.0001298647 9.050606e-005 8.07344e-005 4.287659e-005 3.67249e-005 3.007307e-005 2.270029e-005 0 
0.01797257 0.04577585 0.06127854 0.02825947 0.02197838 0.018521 0.01650452 0.02286887 0.02074309 0.02085486 0.02084973 0.01782343 0.01653551 0.02310125 0.02969657 0.05577003 0.0211646 0.01519624 0.01085163 0.01187722 0.02060227 0.01979506 0.01350773 0.003925 0.006743026 0.0117366 0.007318589 0.01508483 0.009589099 0.022344 0.04319599 0.02722488 0.02764198 0.02227987 0.01344791 0.009864855 0.01277206 0.01025864 0.002458118 0.00835062 0.00654539 0.005157776 0.003833728 0.001434565 0.0006577431 0.0002958732 0.0002280797 0.000124066 8.850872e-005 4.201966e-005 3.662945e-005 1.882793e-005 1.549404e-005 1.232575e-005 9.197883e-006 0 
0.01940672 0.03177451 0.02644756 0.05821917 0.03219871 0.03021143 0.02388292 0.02718333 0.02377048 0.02148322 0.02127843 0.02234796 0.0234784 0.02441606 0.03763903 0.050366 0.02340059 0.01397375 0.01502952 0.009173983 0.02966829 0.02021205 0.01382523 0.003962236 0.009231186 0.004648067 0.01764611 0.02341864 0.01198162 0.01354211 0.02394905 0.02549995 0.02302968 0.0312925 0.01725289 0.002682952 0.00696131 0.005443268 0.002029596 0.006692829 0.005178792 0.003927837 0.003393501 0.000995475 0.0009106694 0.0002039814 0.0001526929 7.828575e-005 3.787492e-005 1.621837e-005 1.319677e-005 6.155976e-006 4.327717e-006 2.991902e-006 2.140745e-006 0 
0.02618757 0.02647805 0.04854615 0.07934605 0.06082172 0.04426968 0.02374169 0.02935678 0.02930328 0.02526296 0.02778441 0.02526663 0.02860592 0.02805212 0.03005915 0.04108565 0.02075921 0.02192986 0.07291895 0.03499208 0.002745309 0.005151274 0.00568543 0.01289792 0.02040942 0.002744651 0.01232946 0.01092638 0.00800063 0.01115825 0.009754024 0.02737149 0.01250338 0.01841468 0.01302269 0.007152195 0.01379777 0.009347039 0.01281825 0.00912728 0.004054265 0.003074174 0.00244489 0.000773509 0.0003775569 0.0001584897 0.0001184545 6.127082e-005 3.005006e-005 1.319677e-005 1.057788e-005 4.815274e-006 3.23066e-006 2.13713e-006 1.534322e-006 0 
0.05201853 0.04498721 0.03632146 0.05562142 0.07263932 0.0442307 0.0276799 0.03690383 0.03368203 0.03028745 0.02980972 0.04929407 0.04246806 0.03442041 0.03354889 0.03035014 0.03492935 0.04627764 0.107117 0.02424544 0.01485777 0.0127511 0.00895365 0.0133038 0.01492829 0.004769936 0.002415741 0.005785797 0.002398267 0.003710133 0.008169132 0.02147778 0.01121408 0.006785472 0.007518218 0.01144666 0.02193666 0.02705188 0.005755355 0.002616971 0.00194642 0.00146975 0.001100418 0.0002592814 0.0001260586 5.316781e-005 0.007544507 5.291189e-005 2.664751e-005 1.224051e-005 9.57469e-006 0 0 0 0 0 
0.1155281 0.07206248 0.03955307 0.04630518 0.06447582 0.03642697 0.02860078 0.04067585 0.03492649 0.03239709 0.03275372 0.05531848 0.05351811 0.04354494 0.0443586 0.03977761 0.03464946 0.04454879 0.03252367 0.016131 0.01916036 0.01896973 0.01586499 0.006552991 0.003662246 0.002460437 0.002162208 0.001047765 0.0002127851 0.0001777025 0.001695266 0.01319859 0.007242032 0.007370327 0.007008535 0.002076953 0.004335918 0.001892945 0.002010086 0.002291068 0.00115664 0.01980509 0.0006513168 0.0001528838 7.439712e-005 3.156859e-005 2.395269e-005 3.229756e-005 1.720222e-005 8.594538e-006 6.415875e-006 0 0 0 0 0 
0.1769143 0.0802108 0.04709087 0.04822596 0.09764436 0.04741323 0.02561482 0.03629261 0.03380462 0.03521202 0.03518833 0.04727901 0.04629931 0.03681243 0.03378344 0.04055953 0.04941492 0.05718912 0.03770706 0.02199929 0.01685274 0.01226638 0.01209583 0.006599103 0.006510607 0.002810384 0.002256022 0.000472642 0.0004257223 0.0002109714 0.0002362305 0.003883585 0.01103479 0.01109372 0.001702115 0.01097893 0.003748855 0.001241531 0.005899179 0.001427811 0.00191721 0.0006134084 0.0004620897 0.02462431 5.780212e-005 2.799202e-005 2.112338e-005 2.842835e-005 1.504649e-005 0.0008108133 5.176868e-006 0 0 0 0 0 
0.06066409 0.06422903 0.03312588 0.07708324 0.09507436 0.03816454 0.02659665 0.03795464 0.03495368 0.03547508 0.03227177 0.04634226 0.04209627 0.04188972 0.04090963 0.05928381 0.06836875 0.05211206 0.05583296 0.05293217 0.02753867 0.01759316 0.0102866 0.005754872 0.004344051 0.004405545 0.003196646 0.0006550538 0.0005954044 0.0005182483 0.005162315 0.005259385 0.006559502 0.002043752 0.001330307 0.006207712 0.001329414 0.001247863 0.003461669 0.003611654 0.001303768 0.000698284 0.0005383834 0.0001337992 7.63487e-005 4.23257e-005 8.362814e-005 0.0001438319 0.0002902335 0.0002498819 0.0001715793 0.0004389236 0.0002955354 0.0001396504 1.673307e-005 0 
0.08217459 0.05050665 0.0532575 0.1059083 0.05160656 0.03528051 0.02910426 0.04010058 0.04465508 0.04445903 0.03480794 0.04337719 0.04044364 0.03723707 0.03546677 0.03914626 0.03390846 0.03183486 0.02843706 0.02055918 0.02146691 0.01375145 0.01127558 0.01122795 0.008855873 0.007490514 0.006900934 0.006592418 0.005344626 0.004956934 0.007600121 0.006408825 0.004160992 0.003365322 0.002761642 0.01983798 0.02554166 0.001521578 0.001521973 0.01241666 0.009130993 0.003907914 0.00109614 0.0006931969 0.0004224532 0.0002886898 0.0002666301 0.0002663891 0.0003546244 0.0003056754 0.0002316127 0.0004223403 0.0003203963 0.0002007377 9.653914e-005 0 
0.04790399 0.04136894 0.07146776 0.09271566 0.04117252 0.03316107 0.03140067 0.04831615 0.04745226 0.04791044 0.04559041 0.05037052 0.03916998 0.0369619 0.03832858 0.04522084 0.03349099 0.03461321 0.03254884 0.03247417 0.02955288 0.01511052 0.01910755 0.01144165 0.009713168 0.008673728 0.008083528 0.006257126 0.006299166 0.006627684 0.006579355 0.005380242 0.003861654 0.005922263 0.003430573 0.001884625 0.02497424 0.001534295 0.001384558 0.005987762 0.01546871 0.006147517 0.001129143 0.0007757233 0.0004947716 0.0003487865 0.0003422723 0.000311543 0.0003810806 0.0003041581 0.0002211594 0.0003928195 0.0002842881 0.0001680052 7.57795e-005 0 
0.05782888 0.0626689 0.07105922 0.0592926 0.0309158 0.02248649 0.02585258 0.04447247 0.07918765 0.04159899 0.03666409 0.04691453 0.03688741 0.03449337 0.03684448 0.04143576 0.03891762 0.03747588 0.0279706 0.03418387 0.03162076 0.01678651 0.01644811 0.02560937 0.01434429 0.01070036 0.01032605 0.008333743 0.008020666 0.007867393 0.008181837 0.007027422 0.005873494 0.005871565 0.00606876 0.003699169 0.02489582 0.001910264 0.001623256 0.002588387 0.001932208 0.00269463 0.001347211 0.001014878 0.001241381 0.0004208261 0.000371719 0.0003025969 0.0003200153 0.0002247741 0.0001522064 0.0002937819 0.0001665669 5.574844e-005 0 0 
0.0398446 0.01912687 0.0730079 0.04166127 0.02805085 0.02155375 0.02095478 0.03957613 0.03546689 0.03164447 0.03097759 0.03518676 0.03124193 0.03225721 0.03558654 0.03581819 0.04164011 0.03404469 0.03476201 0.02060589 0.03029957 0.03199688 0.02653132 0.02912598 0.02649761 0.0135341 0.01347776 0.01117495 0.01111311 0.01413199 0.0117461 0.01129052 0.009226737 0.007937852 0.007284233 0.003450781 0.002751853 0.002293422 0.002053404 0.002777569 0.002392105 0.01427064 0.001595809 0.0009411564 0.0006083268 0.0004276685 0.0003450129 0.0002646195 0.0002341272 0.000134454 7.898844e-005 0.0001790757 4.569061e-005 0 0 0.0001275518 
0.06388579 0.117488 0.1200856 0.05993851 0.0363846 0.02620629 0.0187218 0.04299625 0.04194808 0.02505006 0.02378037 0.02947131 0.02926394 0.02991912 0.03543474 0.04057825 0.04519506 0.04007521 0.02607462 0.01771251 0.02352725 0.02245061 0.02895653 0.04167007 0.04454345 0.02450741 0.02112328 0.01937027 0.01777085 0.020678 0.02942576 0.0204506 0.01906875 0.01841673 0.01314442 0.006541222 0.005106883 0.003977316 0.003464821 0.003357494 0.002890979 0.002505513 0.001920681 0.0007855379 0.0005063642 0.0003248512 0.0002433636 8.213275e-005 0.0001059132 1.875804e-005 1.62616e-005 3.051854e-005 5.8243e-005 7.43293e-006 8.269849e-006 1.336698e-006 
0.04507597 0.03407428 0.0661049 0.04313267 0.03589588 0.02660731 0.02194254 0.03211373 0.02881592 0.02335977 0.02232244 0.0283997 0.02874772 0.03241618 0.04251324 0.05058768 0.05203114 0.05631097 0.0329249 0.02238984 0.01659904 0.01460767 0.01536064 0.03067231 0.02831085 0.03855717 0.02626643 0.02091749 0.02156964 0.02109921 0.03449209 0.02410911 0.0200368 0.02592018 0.01763875 0.007633091 0.006118461 0.005062353 0.004051557 0.003906107 0.003346213 0.002803839 0.002209418 0.0009047246 0.0005828494 0.0003727127 0.0002798373 9.516507e-005 4.823543e-005 2.341323e-005 2.083037e-005 1.253519e-005 1.071108e-005 1.040507e-005 1.157651e-005 1.865975e-006 
0.03248017 0.02966163 0.0228193 0.03087282 0.028567 0.02907536 0.02608162 0.02317112 0.02226657 0.02216905 0.02271207 0.03155921 0.0337069 0.03814027 0.04871752 0.06475932 0.05494556 0.04498066 0.03118472 0.03354337 0.03443294 0.0284122 0.02516499 0.03020781 0.05707164 0.05619645 0.03095049 0.02966072 0.07667846 0.04110229 0.02381561 0.02613636 0.02473974 0.02155701 0.01736679 0.008834152 0.00695904 0.005362237 0.004761866 0.004725071 0.003934479 0.003270531 0.002622742 0.001082775 0.0007100345 0.0004673395 0.03199618 0.0004742113 7.457779e-005 4.871585e-005 5.175713e-005 3.76913e-005 3.967552e-005 4.415625e-005 5.100646e-005 6.338158e-005 
0.03180979 0.05256438 0.03076718 0.03350081 0.03140891 0.03467537 0.03219757 0.02870544 0.03552003 0.02351912 0.03736444 0.05142006 0.06189642 0.0468542 0.04761877 0.06799129 0.07897038 0.06994751 0.03836653 0.05282781 0.05940992 0.0680171 0.07203618 0.08197866 0.05503783 0.04446985 0.03390505 0.03384883 0.06073887 0.05970976 0.02665948 0.02938589 0.02930319 0.02262151 0.0187542 0.009921195 0.007671373 0.006275247 0.005609949 0.005452113 0.004989532 0.003909894 0.003164713 0.001323597 0.0008889613 0.0006079645 0.01443442 0.0008092525 0.0001192745 9.467964e-005 0.0001088127 8.47443e-005 0.002180455 0.0001081047 0.002354544 2.095889e-005 
0.05913737 0.07198593 0.05023349 0.05540324 0.04299607 0.05061553 0.03474035 0.04243909 0.04257962 0.03109778 0.04381204 0.06969761 0.07396611 0.06114599 0.06856666 0.09089984 0.115593 0.1143984 0.06203499 0.06036209 0.05446713 0.06245862 0.07885608 0.1066518 0.103914 0.0674191 0.05435199 0.04508694 0.04195701 0.03694763 0.03469488 0.03316122 0.03100095 0.02704763 0.02291894 0.01533387 0.01232978 0.009898202 0.008839421 0.007783585 0.007041635 0.006025167 0.00487132 0.00253029 0.00184397 0.001321846 0.001209299 0.0005643932 0.000391733 0.0003364353 0.0003966231 0.0004029769 0.004068641 0.007322083 0.008984792 0.0001528702 
0.07585132 0.09351293 0.05963027 0.0746891 0.05435529 0.03052869 0.04549537 0.04977265 0.05562978 0.05127382 0.06128829 0.0771853 0.08200721 0.0771165 0.07373323 0.09658424 0.1013145 0.09323124 0.08505809 0.06439945 0.07103314 0.05603025 0.07859927 0.1056475 0.09966829 0.07138879 0.06257134 0.05353053 0.04748514 0.03916593 0.03945776 0.03587834 0.03275707 0.02960039 0.0251079 0.01719821 0.01341278 0.01113426 0.009978554 0.008794196 0.007612221 0.006509996 0.005251732 0.002915618 0.01210711 0.005175097 0.001532377 0.001459223 0.0004980614 0.0004451609 0.0005321883 0.003785765 0.003668489 0.003093163 0.008880524 0.0003072421 
0.1151734 0.1358291 0.06386429 0.07906763 0.06302985 0.03184035 0.05583823 0.04701552 0.06854699 0.06179512 0.06309047 0.07347082 0.08893202 0.0831382 0.08055685 0.1014811 0.09155669 0.06552072 0.07759938 0.09027672 0.0568552 0.05384754 0.06101609 0.07200863 0.07778125 0.08173557 0.08520011 0.06285172 0.04794943 0.04296165 0.03813213 0.03894678 0.03492294 0.03135194 0.02710263 0.01794146 0.01508051 0.01258982 0.02002119 0.01352702 0.008349533 0.007057883 0.005752589 0.003186967 0.002205457 0.001730302 0.001372636 0.003787302 0.004796996 0.0006688634 0.0007970794 0.0008134614 0.00732592 0.01113116 0.01470088 0.0002806384 
0.1377724 0.1115791 0.1184365 0.06973647 0.05272189 0.02656553 0.02880141 0.03623964 0.04464004 0.05434655 0.05129555 0.0792885 0.1054069 0.1008216 0.08888391 0.1021594 0.09648313 0.1040479 0.1115625 0.07757769 0.05882268 0.04890489 0.05553572 0.08073064 0.07102026 0.08751972 0.09950915 0.07278944 0.05692873 0.04861457 0.0392261 0.03897509 0.03590979 0.03226246 0.02772296 0.01985012 0.02855353 0.02010399 0.01597941 0.01054468 0.009272554 0.008180623 0.008470005 0.003387531 0.002306399 0.00169797 0.001558614 0.001061109 0.005906054 0.004074536 0.001189748 0.001207894 0.001362353 0.001499575 0.001663698 0.002790628 
0.1025725 0.0996424 0.0652583 0.06630011 0.05729404 0.042851 0.04400586 0.05306962 0.06412159 0.06858151 0.06654111 0.09430222 0.1092616 0.1007043 0.1040236 0.1479254 0.1612777 0.1497688 0.1046881 0.06768394 0.05716754 0.05814384 0.06605969 0.07733972 0.06499869 0.07290525 0.09402584 0.07990669 0.06058264 0.04915315 0.04363662 0.04110456 0.03600586 0.03839925 0.03503081 0.04031109 0.05946282 0.02317115 0.01919656 0.01563221 0.01389455 0.01292016 0.007602029 0.002142322 0.001398314 0.00104933 0.001016006 0.001214015 0.001181408 0.02057769 0.001543016 0.0003418886 0.0003802376 0.0006687353 0.0008435654 0.007366598 
0.06870969 0.07861307 0.07353245 0.06237568 0.04760161 0.04795872 0.04926694 0.06185685 0.08061478 0.07390118 0.08092921 0.09135071 0.09823944 0.1388116 0.1296831 0.2189699 0.1241804 0.1008906 0.09150299 0.0760624 0.06310352 0.06108046 0.06571765 0.07616671 0.09063953 0.09133489 0.08437977 0.07071389 0.06058088 0.05336744 0.04770043 0.04395002 0.04047369 0.03687373 0.03488235 0.0368782 0.0302258 0.024044 0.0186543 0.0161938 0.01415121 0.01553969 0.01081254 0.002345384 0.001506779 0.001101558 0.00112313 0.0107466 0.008906973 0.01543774 0.01642453 0.01611639 0.0004665148 0.003045959 0.001921888 0.0004768391 
0.09148823 0.09425066 0.07920323 0.07458664 0.0563409 0.05805204 0.06073179 0.07568533 0.0804693 0.08575056 0.09136346 0.0851936 0.1077839 0.1413902 0.1456193 0.1836813 0.1350819 0.1254593 0.1416655 0.08720142 0.06235287 0.05051576 0.06198736 0.07516748 0.09700846 0.1130431 0.09085311 0.07151329 0.06176132 0.05452961 0.05381437 0.04877715 0.04884283 0.03579238 0.03078806 0.02500572 0.02230261 0.02226684 0.01838154 0.01341765 0.0104724 0.008682324 0.01203608 0.01994342 0.001748415 0.001397712 0.001420964 0.01042205 0.009314128 0.009463632 0.002575821 0.01697994 0.01212877 0.01701708 0.01479155 0.0005282463 
0.07868437 0.0721789 0.07012293 0.08921228 0.09636277 0.08155955 0.0751876 0.08457351 0.09699258 0.09461462 0.08404681 0.081894 0.1117088 0.1084839 0.147607 0.1479726 0.1532708 0.183141 0.1523462 0.09237622 0.06040077 0.05117248 0.04906257 0.06359378 0.09473406 0.11662 0.1087416 0.07753248 0.07159235 0.05503958 0.05185594 0.05470317 0.04846705 0.03582999 0.02792835 0.02437055 0.02070183 0.01865558 0.01791917 0.01616163 0.01441937 0.009002497 0.008250021 0.01038441 0.0159283 0.001828635 0.002534182 0.002421753 0.01048529 0.002552327 0.002814562 0.01450491 0.0176456 0.003555791 0.0006465851 0.0005598012 
0.09549692 0.07764942 0.07026418 0.09313829 0.08787014 0.08848069 0.08693729 0.09846079 0.1061056 0.09259378 0.08534297 0.07726754 0.09477396 0.09395403 0.09893981 0.1066045 0.1056076 0.1081589 0.09444736 0.06367505 0.05014639 0.04392859 0.03588674 0.04403296 0.07815652 0.1090502 0.1117511 0.07758178 0.07021414 0.0489545 0.03943903 0.03322641 0.03306132 0.02926118 0.02532232 0.02586914 0.02268805 0.01702162 0.01668735 0.01402154 0.01714114 0.01592966 0.01476178 0.01324509 0.009285803 0.00387301 0.003958233 0.004582984 0.004706841 0.004968562 0.01231515 0.01815459 0.006081839 0.01523956 0.004364076 0 
0.1142619 0.08357315 0.07311461 0.09845542 0.09071039 0.09768579 0.08912847 0.1115164 0.08646531 0.07143366 0.07589021 0.08124099 0.07711571 0.08714306 0.07565274 0.05365185 0.09170361 0.07823065 0.07058161 0.07185273 0.07111648 0.03929456 0.04361938 0.06143183 0.08764815 0.09950396 0.1048141 0.1076197 0.07225926 0.05392219 0.04961245 0.04863758 0.03160842 0.02463146 0.02145935 0.02219806 0.02048259 0.01859137 0.01763156 0.0115142 0.0195577 0.01373007 0.01497476 0.01369943 0.004929741 0.007075039 0.004970257 0.005399348 0.005613863 0.01093201 0.01360292 0.02022823 0.02126331 0.01430645 0.01521393 0.0007317316 
0.1144606 0.09330449 0.08217648 0.09518366 0.08310285 0.08871516 0.08439293 0.1078753 0.1015835 0.06815891 0.06687871 0.05721408 0.06220637 0.06040665 0.05710443 0.0531514 0.09592212 0.1077966 0.0840721 0.07266065 0.09189945 0.06901698 0.05462716 0.07192226 0.07607171 0.07398848 0.08667246 0.07169984 0.05903742 0.05247476 0.05495907 0.04960401 0.03597805 0.02721471 0.01931046 0.01898006 0.01713404 0.01542178 0.01719059 0.01141567 0.01074278 0.01435652 0.01941292 0.01058463 0.005898961 0.005919084 0.006937082 0.00635836 0.01403928 0.02885816 0.01984923 0.03925373 0.01657909 0.005447483 0.01883038 0.008794642 
0.1337971 0.08347633 0.06752755 0.07444611 0.07677712 0.0828656 0.08440913 0.1067766 0.08930508 0.08988224 0.080169 0.05870722 0.04169452 0.03811304 0.03817765 0.01473209 0.05257363 0.0722967 0.061425 0.07132442 0.06511606 0.08246315 0.07988559 0.0770257 0.06566902 0.06006586 0.0640053 0.07131475 0.0562469 0.04848178 0.0386941 0.0285137 0.0396092 0.04098038 0.02540022 0.02574058 0.01903706 0.01550509 0.01628354 0.02294332 0.01614279 0.01113271 0.01057337 0.00765095 0.007172628 0.01782106 0.03044513 0.02387479 0.007217899 0.01793025 0.02540176 0.03224699 0.005482071 0.005533371 0.006443377 0.01133929 
0.1306246 0.09803815 0.07082056 0.08795332 0.09055933 0.07325791 0.07443797 0.08350537 0.07846816 0.08452506 0.0734134 0.04717826 0.04005218 0.03909953 0.04151228 0.01423796 0.01257782 0.01748648 0.01401409 0.06447336 0.05404748 0.06135437 0.05118759 0.05743555 0.03887352 0.02667392 0.03321555 0.03939971 0.04084831 0.04686489 0.02774666 0.02118754 0.02930274 0.05970271 0.0356476 0.02570255 0.02075533 0.01239367 0.0141444 0.02205254 0.0126862 0.01069923 0.01057481 0.01150411 0.01135846 0.01130781 0.03539809 0.03210666 0.01230269 0.02551271 0.01186604 0.007706313 0.007782754 0.007799006 0.00776917 0 
0.1359535 0.1020699 0.08494515 0.07115249 0.07645629 0.07833049 0.08585793 0.09135816 0.08413175 0.08882757 0.09263123 0.05556334 0.04504954 0.04218901 0.04196507 0.01228109 0.0173924 0.01282028 0.0188131 0.03133537 0.0411858 0.05108368 0.06488072 0.06089996 0.05702936 0.02847276 0.04222314 0.03551757 0.02912687 0.02506533 0.02278456 0.01804286 0.01530316 0.01716806 0.01534403 0.01324317 0.01228479 0.01490324 0.02092417 0.01753717 0.01156581 0.01213544 0.01285618 0.01300265 0.02262639 0.01993406 0.03849113 0.02992076 0.02570645 0.02598944 0.008802853 0.009614121 0.009067437 0.008896043 0.007902029 0 
0.1511742 0.1072403 0.08856945 0.1058999 0.09985822 0.09973498 0.09865162 0.09146342 0.0889589 0.1097637 0.09692784 0.07149556 0.06477276 0.06870718 0.05393907 0.05071955 0.08658436 0.05233467 0.09176415 0.1022238 0.08259098 0.07344852 0.07575174 0.06412297 0.1580169 0.05315279 0.03537463 0.03498479 0.03023501 0.02296042 0.01903832 0.04728685 0.02698111 0.02057445 0.01582246 0.01159876 0.01275111 0.01356456 0.03281857 0.03395702 0.01889044 0.01619213 0.01554669 0.01522274 0.02670654 0.02407759 0.02422292 0.02324458 0.01149332 0.0082284 0.008125263 0.01332198 0.02439351 0.02387978 0.01707826 0.02580357 
0.1274475 0.1069581 0.09562534 0.1080064 0.1154722 0.1057898 0.1047835 0.1124427 0.1157999 0.1142561 0.1041119 0.09649447 0.112913 0.09625366 0.09036825 0.1090002 0.1138501 0.1096173 0.1365063 0.1413892 0.09055407 0.07323129 0.1003614 0.1649974 0.1103613 0.05595247 0.03188204 0.02519076 0.01965545 0.02220828 0.03063012 0.0306631 0.01724874 0.0154168 0.03081289 0.05133402 0.08025045 0.04854848 0.0495218 0.02711137 0.02940166 0.03645059 0.02457855 0.01780152 0.02522479 0.03901018 0.0477735 0.01172669 0.009471156 0.008630468 0.008664176 0.01724273 0.0146725 0.01266901 0.02246181 0.02276786 
0.1984866 0.1196913 0.1017913 0.1188623 0.07986826 0.108601 0.09849977 0.09822811 0.08481133 0.05423771 0.04775187 0.06334622 0.1076313 0.07463661 0.1023371 0.1522629 0.09168763 0.1382116 0.1901738 0.2158587 0.1134879 0.0878737 0.1240791 0.1029594 0.09519133 0.05181486 0.02403714 0.01760235 0.03233734 0.05105176 0.05618447 0.06022645 0.04828054 0.01591848 0.04830422 0.09329575 0.171526 0.04999905 0.04113201 0.02654257 0.02765085 0.03351904 0.02350896 0.02536787 0.03640159 0.03301932 0.0367079 0.02469544 0.02926758 0.01228172 0.009492457 0.01995536 0.01526786 0.0034375 0.01142857 0.008437499 
0.1803145 0.1712101 0.1024009 0.1613811 0.09725254 0.06634061 0.08337644 0.08239521 0.0746318 0.07433684 0.1016983 0.103759 0.07569367 0.06751401 0.06545851 0.11666 0.1030444 0.1002478 0.1430465 0.138576 0.1072608 0.08238544 0.07852536 0.05554969 0.1309588 0.05638871 0.02628583 0.0310654 0.0377657 0.03926941 0.06885203 0.07555008 0.0564562 0.07056978 0.03702121 0.04575069 0.04278947 0.04467231 0.04544735 0.03852158 0.04254288 0.0329961 0.02686688 0.0353005 0.03075068 0.03089346 0.02860538 0.02165067 0.03612261 0.03344042 0.01178208 0.0008928571 0 0 0 0.002053571 
0.1927974 0.1474054 0.09929671 0.1203073 0.1150355 0.07724836 0.05937131 0.05192759 0.08454239 0.09414424 0.1146937 0.07892617 0.09334489 0.1108675 0.09270052 0.1608364 0.1263709 0.131337 0.1126438 0.127305 0.1114333 0.07627345 0.03570536 0.0635644 0.06302095 0.05254737 0.01555014 0.03328696 0.04004553 0.04013121 0.05306242 0.06393737 0.04478396 0.03412891 0.02285238 0.02660571 0.02320351 0.05779457 0.05318691 0.03342181 0.03343904 0.03457775 0.04484357 0.05134846 0.04916973 0.04439138 0.03401943 0.02377934 0.04245438 0.04165706 0.01932738 0.0007142857 0 0 0 0 
0.2055692 0.12879 0.1085154 0.104656 0.1007404 0.09496284 0.07523861 0.06431863 0.09866738 0.08526216 0.1012427 0.06521099 0.07816989 0.08618276 0.1018949 0.123775 0.1189835 0.1655412 0.1046789 0.1012194 0.1243819 0.1025556 0.03542168 0.03541087 0.03020286 0.02733799 0.01523011 0.0229913 0.0460073 0.05006548 0.04407018 0.03343769 0.05580571 0.04866536 0.08531255 0.06721263 0.04517265 0.04814425 0.06814917 0.03791331 0.0343073 0.0258972 0.0391001 0.04524993 0.03470985 0.03754546 0.02995341 0.0366925 0.03774489 0.03749486 0.0210814 0.01691964 0.006651786 0 0 0 
0.1835264 0.1404804 0.1117059 0.1233542 0.08831477 0.08988242 0.05114467 0.03019827 0.04947526 0.06283914 0.07587165 0.07956163 0.08770774 0.09323451 0.09011555 0.1033745 0.1039324 0.08199625 0.09163488 0.05563948 0.05515263 0.04635619 0.03477114 0.02830832 0.02668132 0.03136719 0.03676629 0.05111431 0.03795284 0.04513009 0.06172554 0.07321569 0.07237729 0.10896 0.1478231 0.08680148 0.06642408 0.06341569 0.06131291 0.05478936 0.02463956 0.02647161 0.03091271 0.03638872 0.03740291 0.03517277 0.03180588 0.008616071 0.03008929 0.0221875 0.01473214 0.01040179 0.01941964 0.009508928 0 0 
0.1732374 0.1497247 0.1165451 0.1041299 0.0959654 0.08000403 0.08339639 0.04346643 0.04326929 0.06920853 0.06157802 0.1078363 0.09773028 0.1087962 0.1268482 0.1148633 0.08296719 0.06173089 0.03983995 0.05481821 0.05237323 0.04114322 0.02665572 0.02401421 0.03385985 0.0435316 0.04338243 0.04927786 0.05205088 0.05683172 0.07149327 0.1078391 0.06699788 0.07690185 0.1170313 0.07199538 0.07677255 0.06168694 0.07614971 0.04828386 0.02846271 0.02617769 0.02791304 0.03804113 0.03817765 0.03776235 0.0382491 0.02526786 0.009687499 0.01084821 0.01848214 0.04169643 0.02517857 0.03785714 0.03169643 0 
0.1696362 0.1348805 0.1498102 0.1036104 0.05194541 0.03724638 0.0431763 0.03632685 0.04294879 0.06833262 0.1001833 0.09255102 0.09444396 0.09934952 0.1073491 0.1043778 0.09627513 0.07638127 0.06016592 0.05021756 0.05038949 0.04441014 0.03562379 0.04110223 0.05870825 0.06718782 0.03993905 0.05617717 0.06570064 0.05765937 0.04565148 0.06773076 0.09215058 0.08121503 0.1043551 0.07296013 0.09135753 0.09906875 0.07510458 0.05620826 0.03594419 0.03246761 0.03322107 0.04800686 0.03968882 0.04336162 0.04119804 0.01736607 0.02232143 0.01852679 0.02651786 0.01616071 0.03285714 0.06450893 0.05727679 0.03379464 
0.1680761 0.1425152 0.1459308 0.06532688 0.04674253 0.02155287 0.04325599 0.0278757 0.03481495 0.0385419 0.07543647 0.07892873 0.1158302 0.1111021 0.1295387 0.1216865 0.1219414 0.08509305 0.06680992 0.05278356 0.05643264 0.05591872 0.0465975 0.03001768 0.03496936 0.05169903 0.04747987 0.04890952 0.07340822 0.06524414 0.06606098 0.07086758 0.08420257 0.1347696 0.109545 0.07802432 0.06345642 0.0555859 0.03497826 0.03906615 0.04798765 0.03909351 0.04276494 0.04918022 0.04336614 0.04155131 0.04209301 0.02183036 0.04053571 0.02866071 0.03839285 0.0203125 0.01084821 0.02227679 0.03352679 0.0346875 
0.1525629 0.1795986 0.1460836 0.0739596 0.0922787 0.05720735 0.02645404 0.02562369 0.03499343 0.05009702 0.05889509 0.06802605 0.08735593 0.1069763 0.1181166 0.1213134 0.1082668 0.08541334 0.0626919 0.04958845 0.05322289 0.0526498 0.05138494 0.03143794 0.02993965 0.03258365 0.04634155 0.05811189 0.07024337 0.06544654 0.07161201 0.07110842 0.07229181 0.07352373 0.069191 0.03285833 0.01925461 0.03022586 0.01988935 0.03550189 0.04315849 0.03686953 0.03346775 0.03386562 0.0287918 0.02925479 0.02932631 0.002366071 0.003303571 0.0309375 0.02392857 0.0009821429 0 0.006651785 0.01821429 0.03558036 
0.1135113 0.1043883 0.1156701 0.08568744 0.05844464 0.05888204 0.04404706 0.05834365 0.05759484 0.04717164 0.05534902 0.06814206 0.08931421 0.08896205 0.1034625 0.1089666 0.1056736 0.08977523 0.07743927 0.05834836 0.04545965 0.05098905 0.05003381 0.04205595 0.0362708 0.02750997 0.03398055 0.05049531 0.05257576 0.06504957 0.0748338 0.07197078 0.08975425 0.08892845 0.05038772 0.04479078 0.04273351 0.04207114 0.03235294 0.04538901 0.04613973 0.05066501 0.03590204 0.03210683 0.03423137 0.02950104 0.02973021 0.0004910714 0.005 0.04700893 0.03379464 0.01950893 0.003035714 0.004285715 0.03602678 0.02339286 
0.1604894 0.1093347 0.1012086 0.07290666 0.05360163 0.05657518 0.0647294 0.0668447 0.08087581 0.1007093 0.09099325 0.05929169 0.06407027 0.08072099 0.108885 0.1048092 0.08475594 0.09252417 0.08650158 0.0779877 0.08470845 0.06299913 0.06506132 0.04781532 0.07532711 0.03618176 0.03513955 0.05621723 0.0620846 0.06415495 0.07785126 0.07012764 0.08361072 0.07271587 0.05729741 0.07025617 0.04977372 0.03811913 0.0348438 0.05713657 0.05251755 0.04904347 0.04577834 0.03746895 0.03523182 0.0413835 0.05045433 0.02964286 0.02830357 0.046875 0.06415179 0.04758928 0.03160714 0.009151786 0.01674107 0.0215625 
