ncols         56
nrows         54
xllcorner     28.264
yllcorner     -5.7719999999999
cellsize      0.25
NODATA_value  -9999
0.03082 0.03932382 0.0276977 0.01736487 0.01205731 0.01029024 0.01108476 0.01417568 0.007485329 0.01338069 0.01844594 0.03224256 0.03752971 0.03748873 0.05184992 0.05625218 0.06185288 0.06994942 0.06937426 0.08925824 0.09752917 0.09447402 0.1011069 0.1333519 0.1272556 0.1325694 0.116691 0.1457897 0.1291495 0.1210943 0.1420946 0.2082238 0.1834414 0.1649339 0.1630662 0.1987103 0.1770122 0.1252539 0.1031104 0.07384639 0.08202244 0.05944937 0.05613228 0.06450549 0.0835271 0.07287061 0.05991871 0.05780638 0.07256453 0.08870728 0.1119015 0.1353054 0.1644053 0.1564162 0.1088837 0.09907241 
0.03883646 0.05743872 0.03541495 0.02270497 0.01943901 0.01238067 0.01239588 0.01745568 0.01901084 0.02551584 0.03621658 0.04701152 0.05210649 0.04250229 0.04818814 0.04513685 0.04810827 0.07212853 0.06122194 0.07609241 0.08878346 0.1153664 0.1210071 0.1205572 0.1285273 0.1211067 0.1305322 0.1348877 0.1496405 0.1217703 0.1040137 0.1887458 0.2134816 0.2002216 0.1790022 0.2052446 0.1739688 0.1314135 0.1333825 0.09278283 0.07130583 0.06208127 0.06961308 0.06648066 0.06717534 0.06476482 0.06816476 0.06541812 0.0613053 0.09139512 0.1075313 0.1076674 0.1225427 0.1233917 0.1061199 0.1116015 
0.0302988 0.04283028 0.06391966 0.02589126 0.01974785 0.01599248 0.01538659 0.01559826 0.03059353 0.03610911 0.03494703 0.04513744 0.05655488 0.05829693 0.07037506 0.07286562 0.09736346 0.0992916 0.09014235 0.1045477 0.1059005 0.1243381 0.1369773 0.1299335 0.1143312 0.1011339 0.1168955 0.1786841 0.1591488 0.1517507 0.1337753 0.1736312 0.2066272 0.2104655 0.1869691 0.2315049 0.2207673 0.1454575 0.1408033 0.1413224 0.1334825 0.09539373 0.08195497 0.07908306 0.07206332 0.06934984 0.07006964 0.05660068 0.07897925 0.08129367 0.0829505 0.09256845 0.1100208 0.102818 0.1114712 0.1360768 
0.02496753 0.03507648 0.03865587 0.03879422 0.02304062 0.02449984 0.02574292 0.01404062 0.03158837 0.04616395 0.03768981 0.05633494 0.06369309 0.06777152 0.09368996 0.08313644 0.09016852 0.1184374 0.1120621 0.1304093 0.1416735 0.1683898 0.182514 0.1724075 0.1410322 0.1417865 0.1812954 0.1970986 0.2151149 0.1624952 0.1879458 0.2440966 0.2644226 0.2486958 0.2340779 0.2475417 0.2618812 0.2143012 0.1779116 0.200281 0.1310547 0.1370564 0.1107565 0.08563064 0.08600362 0.07851085 0.08047219 0.1026911 0.09562621 0.118176 0.07897595 0.08191023 0.1337154 0.09935203 0.09479687 0.1120097 
0.02634871 0.03621827 0.03778866 0.02859569 0.02835721 0.02830938 0.0272934 0.02062169 0.03714732 0.0399694 0.04142505 0.05807152 0.06175277 0.08471794 0.08017354 0.1071066 0.1079016 0.1231034 0.08849565 0.1079749 0.1270047 0.1543887 0.1429693 0.1725683 0.1725804 0.1665991 0.1632286 0.187164 0.1755564 0.1554829 0.1505065 0.2451533 0.302164 0.2558584 0.2495185 0.2187387 0.2085152 0.1643741 0.1519714 0.1516175 0.1390812 0.1251445 0.1148895 0.09717595 0.09397734 0.09473012 0.1043151 0.0992541 0.08573722 0.1032053 0.09044436 0.1058332 0.1276905 0.1260705 0.1221708 0.1403831 
0.03475881 0.03562602 0.03901086 0.03719267 0.03768335 0.03523125 0.03273521 0.03645604 0.05008245 0.04202364 0.07231472 0.06527928 0.07696603 0.08343879 0.1029147 0.1064016 0.1076833 0.1071068 0.07804754 0.07789661 0.08464272 0.1113686 0.1293699 0.1344627 0.173197 0.1528292 0.1170303 0.1284582 0.1378807 0.1507878 0.1606702 0.2690772 0.3423103 0.3147331 0.2760958 0.187648 0.1669515 0.1283496 0.09712473 0.1277747 0.1389173 0.1387231 0.08957086 0.09317316 0.1218996 0.1069658 0.08760285 0.0775413 0.06987555 0.07762592 0.1142684 0.1180751 0.1283506 0.151982 0.1353626 0.1411039 
0.04775695 0.03416235 0.04382386 0.04943942 0.04105073 0.04134724 0.03738868 0.03694369 0.05354019 0.04829348 0.04903145 0.04800975 0.05953358 0.0707403 0.08683779 0.1108558 0.08901558 0.07086729 0.0619458 0.07968104 0.08320804 0.09700177 0.09389739 0.1050645 0.1325286 0.1113871 0.08357339 0.1155613 0.1426442 0.1664527 0.1737197 0.2168527 0.2570663 0.2640714 0.2175792 0.1544112 0.1506208 0.09723836 0.09209767 0.1091334 0.1532135 0.1256595 0.08682345 0.08722988 0.122315 0.1176322 0.1110642 0.1116695 0.1189753 0.1075979 0.1183321 0.1522037 0.1520683 0.1330629 0.1441593 0.1512114 
0.05466609 0.0607696 0.06050291 0.0569274 0.0495568 0.0384985 0.03401804 0.0558817 0.06866132 0.07065525 0.08028576 0.100649 0.08522627 0.09598642 0.07316887 0.0896219 0.09920232 0.08768637 0.07812501 0.07623924 0.0740936 0.07716385 0.0699184 0.05353493 0.05503558 0.09033951 0.08978143 0.1233528 0.1105521 0.1252121 0.1400039 0.2144177 0.2235588 0.2469632 0.2316714 0.1728598 0.1125263 0.06707646 0.07727699 0.09672485 0.1334705 0.0933508 0.09976132 0.08822614 0.128019 0.1168269 0.1703445 0.1643177 0.1268351 0.07844146 0.1142872 0.1370665 0.122295 0.1207184 0.1209902 0.1557479 
0.05681589 0.06884563 0.06270854 0.07243019 0.0741347 0.05455718 0.05047575 0.06498284 0.06448198 0.07083965 0.07736476 0.09259243 0.100227 0.1046977 0.0989711 0.09303603 0.0873807 0.09312286 0.09113694 0.06273393 0.05764464 0.04526055 0.02948798 0.02566734 0.04214015 0.05260935 0.07248681 0.07832301 0.07647035 0.09258297 0.1300954 0.1953065 0.2830151 0.3138899 0.2654769 0.1740121 0.1668576 0.1673305 0.1698865 0.1712642 0.1286989 0.08517343 0.0901667 0.09941853 0.08984337 0.08433347 0.1146575 0.1144467 0.1288276 0.1132071 0.09295537 0.1007526 0.1392436 0.1056471 0.09262764 0.1283057 
0.05501108 0.09449947 0.05357829 0.06438369 0.09663089 0.07967186 0.07618111 0.1093792 0.09819078 0.09019797 0.09469967 0.1080049 0.1135437 0.1225959 0.1050182 0.08197386 0.07915241 0.08113851 0.05392628 0.03433357 0.02859042 0.03996549 0.03158348 0.02817017 0.02273088 0.06187183 0.08374447 0.1158304 0.1229935 0.1364338 0.1629454 0.3046867 0.3620905 0.293658 0.2620869 0.1910933 0.2733347 0.1980262 0.236882 0.2315048 0.1324589 0.07235327 0.07442692 0.1138729 0.1022729 0.1438028 0.1666228 0.1395808 0.1357172 0.1324691 0.09334137 0.1340245 0.1386816 0.1155931 0.06645301 0.08699227 
0.08096369 0.0722675 0.06441079 0.08488394 0.1392069 0.1371941 0.154104 0.1987775 0.1505221 0.1133787 0.1089449 0.1139894 0.1272763 0.1261418 0.1249296 0.08246982 0.07356071 0.07409754 0.07399072 0.0375432 0.03636421 0.03899661 0.04842101 0.02715868 0.03649025 0.06651996 0.09874782 0.1228861 0.1237142 0.1361101 0.2172838 0.3696476 0.3622051 0.2457682 0.1593169 0.1210101 0.1107918 0.09559868 0.1918627 0.156561 0.1179888 0.1323518 0.1268039 0.08695969 0.1003375 0.1777334 0.1492448 0.09632704 0.1151386 0.1473824 0.1541384 0.1804123 0.1786665 0.1121857 0.09950306 0.1150611 
0.07008171 0.08637683 0.09278385 0.1350426 0.1934944 0.1757063 0.1820355 0.1977129 0.1886476 0.2261512 0.2256597 0.200149 0.1512793 0.1558271 0.1696067 0.1183305 0.101028 0.08750229 0.0894426 0.09056526 0.1016215 0.05224183 0.0546864 0.04598965 0.05291801 0.05768268 0.08235199 0.07349213 0.06272735 0.09170962 0.1002764 0.3232628 0.3439635 0.1523551 0.1416095 0.1700763 0.1134663 0.0769363 0.1099136 0.1737602 0.1495279 0.1656547 0.1637557 0.1182777 0.1069777 0.1757147 0.129838 0.1440568 0.1774093 0.1702279 0.1853319 0.1874887 0.1545858 0.1067061 0.1097956 0.1498996 
0.05999397 0.07728682 0.1045196 0.1401494 0.178556 0.1245197 0.1164931 0.1403185 0.2003193 0.2624715 0.2203414 0.2170275 0.1244117 0.1454267 0.1815362 0.1972781 0.1858167 0.148246 0.09087078 0.06150192 0.1177153 0.0695441 0.06781743 0.06996494 0.08913227 0.05375329 0.06271908 0.05273621 0.04763592 0.08093735 0.1010886 0.1443893 0.2462649 0.1262169 0.1172725 0.1459029 0.1334237 0.1089123 0.1259024 0.178308 0.1777381 0.1445137 0.1133823 0.1307207 0.1262897 0.1902743 0.1568997 0.1437436 0.2060442 0.1750185 0.1500292 0.1606168 0.1667854 0.1397657 0.1546525 0.1282986 
0.07263086 0.07080204 0.1066424 0.1423282 0.1470337 0.1209361 0.1183337 0.1306704 0.1338014 0.1459332 0.1371752 0.1797705 0.1170108 0.1172069 0.1434247 0.2053268 0.1913983 0.1528733 0.0817836 0.07233044 0.09626697 0.06441502 0.06475865 0.0782387 0.07093651 0.05106579 0.05795968 0.03552017 0.03716296 0.07426173 0.09160122 0.1096625 0.1278072 0.08785803 0.09998655 0.1393471 0.1402066 0.1547396 0.1250681 0.1776757 0.189926 0.1663984 0.1092041 0.1225653 0.1383997 0.1533694 0.118482 0.122238 0.1763342 0.1709522 0.1955544 0.1737864 0.2338513 0.1889619 0.1483913 0.132738 
0.07150897 0.09026781 0.1217258 0.1193694 0.1065613 0.09881329 0.1074757 0.1670025 0.1798162 0.1593088 0.1430357 0.1498683 0.1492716 0.1350575 0.1584275 0.1875631 0.1793663 0.1407269 0.1340631 0.09181756 0.1136685 0.06251421 0.07176073 0.08378296 0.07950842 0.05035051 0.04888912 0.02791953 0.02168454 0.04718444 0.07639053 0.09438223 0.1003238 0.09362818 0.1245564 0.1870449 0.1632046 0.1257571 0.1053482 0.1695535 0.1927902 0.1348077 0.1394315 0.1718635 0.1685906 0.1626284 0.1424688 0.1594116 0.1532807 0.2004486 0.1934333 0.2034717 0.2250604 0.2253254 0.1653733 0.1447844 
0.1184625 0.1151223 0.1253125 0.1236955 0.1132725 0.1036099 0.1293967 0.1386478 0.1746813 0.1513851 0.1930345 0.1826949 0.1889471 0.17723 0.1677633 0.2053467 0.2336091 0.2122897 0.1928024 0.1487215 0.1265664 0.07959408 0.08229466 0.1065828 0.0862167 0.05588917 0.03195888 0.01980037 0.02459829 0.04516682 0.06397206 0.08556531 0.09425615 0.09245901 0.1390639 0.2019084 0.1754533 0.1902694 0.1730388 0.2183301 0.2349828 0.2136208 0.2041836 0.1938036 0.2173558 0.2281489 0.2438505 0.1760711 0.1847804 0.18736 0.2122851 0.2519215 0.2254952 0.1754274 0.1986924 0.1556776 
0.1318278 0.12494 0.118441 0.1479778 0.1129218 0.1109292 0.2180699 0.1378165 0.1261621 0.1358063 0.168642 0.1731042 0.1882281 0.1889249 0.1907196 0.2366294 0.2177811 0.1612409 0.1816373 0.1912972 0.1742943 0.101736 0.100088 0.1083432 0.1003394 0.07170428 0.03983606 0.02113494 0.03305426 0.04165601 0.06384885 0.09722546 0.1036172 0.08585074 0.1284386 0.1709924 0.1871427 0.1708392 0.1944881 0.2573323 0.2778155 0.2651175 0.2372844 0.1714146 0.2106169 0.2684156 0.2507975 0.2380273 0.2236166 0.2090656 0.2222022 0.1721075 0.1377875 0.1670347 0.1385817 0.1679339 
0.1514044 0.1482836 0.1479837 0.1577762 0.1659709 0.1468096 0.1992203 0.1450147 0.1423038 0.1475752 0.1763322 0.200993 0.1984448 0.2615155 0.226066 0.2749902 0.228301 0.1576952 0.159616 0.2199543 0.1937798 0.1243772 0.09985652 0.08498999 0.1297399 0.086802 0.06724155 0.03271938 0.0231562 0.03848935 0.05336875 0.0834814 0.09333232 0.09895793 0.1141763 0.1781964 0.2006706 0.2158836 0.2186728 0.2597295 0.2943293 0.3036188 0.2187063 0.1838118 0.1914807 0.2361557 0.2828646 0.3190965 0.3005502 0.2404861 0.207521 0.1867388 0.1918546 0.1966257 0.1661764 0.1781543 
0.1383708 0.1499855 0.1541341 0.1585158 0.1826943 0.2022235 0.1692173 0.1541987 0.1473427 0.1375434 0.1346116 0.1622294 0.1807884 0.2351449 0.2413785 0.2402905 0.212309 0.1785352 0.1521662 0.1738615 0.1658881 0.1303834 0.0977661 0.08173611 0.09517638 0.1100349 0.07584678 0.0307388 0.02253808 0.02393814 0.04259452 0.07245905 0.0864253 0.1216072 0.1460016 0.1662281 0.1690107 0.2027539 0.2274161 0.3075481 0.2914281 0.3205096 0.2983822 0.2149497 0.1862593 0.2568671 0.2703755 0.2903826 0.2705673 0.272811 0.2141688 0.1509888 0.2081605 0.1935133 0.3088011 0.2317119 
0.1207214 0.1445718 0.1438299 0.2014842 0.2049701 0.1587802 0.137539 0.194781 0.1743464 0.1241872 0.1123596 0.1239937 0.1684464 0.2503764 0.3021906 0.333926 0.2679725 0.1976048 0.1578156 0.1566645 0.1376532 0.1338063 0.1446156 0.1009171 0.09164533 0.08753446 0.07738709 0.05301337 0.03015016 0.03925771 0.05363457 0.07415824 0.07673194 0.1003293 0.2210616 0.2435239 0.1979733 0.1695319 0.1963603 0.2263391 0.2218207 0.3294059 0.4434343 0.3605854 0.2685718 0.2726162 0.2939815 0.2894632 0.3018745 0.2747176 0.2480068 0.2046041 0.2243659 0.21063 0.2617347 0.1863743 
0.1640237 0.181583 0.2312422 0.2497476 0.2372634 0.2096492 0.1535604 0.1952242 0.1822534 0.1341035 0.1374179 0.1362288 0.1552154 0.2597276 0.2339833 0.2556965 0.2630571 0.2309787 0.1773624 0.1729352 0.149931 0.1371906 0.1364265 0.1161666 0.1004791 0.08738934 0.07742547 0.06242365 0.04962573 0.05860666 0.07355104 0.07397399 0.08272634 0.097338 0.161958 0.2182467 0.2146964 0.200656 0.1772044 0.2108424 0.2101997 0.223565 0.2566251 0.2400111 0.238303 0.2593779 0.3007144 0.312 0.3287515 0.2933706 0.2684973 0.2608732 0.3189332 0.2679885 0.2967662 0.1874091 
0.1898021 0.2295049 0.2512199 0.2816986 0.2707091 0.2419463 0.2113616 0.1956402 0.1502809 0.1347767 0.1277624 0.1287225 0.1553887 0.1824158 0.2015021 0.2205438 0.2293851 0.191986 0.1902363 0.1985452 0.1953451 0.2188117 0.1302724 0.1126533 0.1499463 0.1113163 0.1284305 0.1136066 0.06995077 0.1090576 0.1267877 0.1124242 0.1213281 0.1104367 0.1319389 0.1336192 0.1777704 0.2184927 0.2656948 0.2646842 0.2377297 0.2125276 0.2035862 0.21529 0.2313172 0.2368686 0.2826437 0.2968877 0.4049264 0.3782801 0.3646123 0.3410136 0.3170528 0.2781377 0.3164932 0.2208378 
0.1938031 0.1656267 0.1733207 0.1951967 0.1828048 0.2397345 0.2661951 0.2958505 0.1826511 0.1657798 0.1164905 0.1424502 0.1660447 0.1615475 0.2172045 0.1922963 0.1738535 0.1781999 0.2040689 0.2148292 0.2242812 0.2057583 0.1740222 0.1312889 0.1522227 0.1296982 0.1026329 0.1053971 0.08193429 0.09574144 0.1183305 0.1391498 0.1194675 0.1283601 0.1747031 0.1808387 0.1881748 0.3069025 0.3285012 0.2682063 0.2762873 0.262923 0.2296101 0.2543495 0.2621059 0.2336135 0.2632006 0.3469551 0.3994438 0.3927611 0.4199485 0.4082971 0.3254403 0.3561464 0.3517598 0.3201496 
0.1751496 0.1371251 0.1023359 0.1458526 0.1214405 0.1617487 0.1905195 0.2565094 0.174384 0.1855144 0.1669066 0.1673078 0.2145259 0.2216885 0.2403098 0.2146447 0.187597 0.2278314 0.259085 0.291794 0.2490987 0.2311067 0.1738397 0.1636741 0.1313664 0.1297938 0.1156273 0.1191848 0.143497 0.1486506 0.170898 0.1616078 0.1661653 0.1921426 0.2493691 0.317438 0.2713089 0.2927337 0.2721675 0.2397474 0.2556701 0.2844165 0.3162018 0.2824953 0.3495674 0.3054081 0.3629784 0.3861514 0.4508191 0.5075309 0.5095016 0.4278752 0.379884 0.4423689 0.4870541 0.4165742 
0.1034549 0.1019433 0.09160154 0.1339936 0.1188643 0.108435 0.09200808 0.1269437 0.1397633 0.1707548 0.1563205 0.1918757 0.2063157 0.2331173 0.2202647 0.2193628 0.216271 0.2432383 0.2471897 0.2713918 0.2618859 0.2551564 0.2397664 0.2178016 0.1843925 0.14016 0.1315955 0.1140574 0.1431734 0.132695 0.1397166 0.1757222 0.2039786 0.2343657 0.2812144 0.3235011 0.3238666 0.2854304 0.2765848 0.3193993 0.3397281 0.286867 0.3101299 0.290573 0.3398804 0.3851205 0.4740353 0.4367497 0.4985929 0.4543006 0.5218465 0.39835 0.3633383 0.4080753 0.4039906 0.4045851 
0.1190933 0.07242753 0.07996965 0.126906 0.1007299 0.08347148 0.1457302 0.1469809 0.1236315 0.1200708 0.1761712 0.221235 0.2166334 0.2372609 0.2337207 0.2449434 0.2488494 0.2795648 0.2381317 0.2794116 0.2958079 0.2245323 0.2588206 0.2808678 0.2457795 0.1800958 0.1637257 0.1370091 0.1302382 0.1282409 0.1413595 0.1887435 0.209786 0.2621837 0.3063521 0.385879 0.3921977 0.3933715 0.3451312 0.3635436 0.3615314 0.3687808 0.4242419 0.3345798 0.2932602 0.3967278 0.5492812 0.4964503 0.4838029 0.4810653 0.4916694 0.338597 0.3564041 0.3620768 0.3661531 0.3784696 
0.1028989 0.0822359 0.09312201 0.1189481 0.1191518 0.1176771 0.1370188 0.1738338 0.156386 0.1284402 0.1823543 0.2379056 0.2576813 0.2344199 0.2441099 0.2582181 0.2834968 0.3239389 0.3060788 0.3157929 0.2854522 0.2412888 0.227753 0.229687 0.2366031 0.2286763 0.2327265 0.193644 0.1513554 0.1363318 0.1443528 0.2137768 0.2397554 0.2709033 0.3519399 0.3992728 0.4466606 0.3756466 0.3879211 0.4287057 0.4071133 0.4489535 0.4682764 0.3954012 0.3569505 0.4354332 0.5435656 0.5288819 0.5125975 0.5286428 0.5311182 0.3666884 0.2945341 0.317439 0.302873 0.267368 
0.1511851 0.1126498 0.1074539 0.1242568 0.1554601 0.2277183 0.1736738 0.2274494 0.2572225 0.214258 0.2111399 0.2279606 0.2598859 0.2489684 0.2714049 0.2892583 0.3283321 0.3569949 0.344184 0.3327271 0.3106844 0.3238035 0.2860745 0.2703631 0.2921123 0.3033761 0.2484241 0.208653 0.1710517 0.1880686 0.190206 0.2305512 0.2554161 0.2969146 0.3553092 0.4192974 0.4850323 0.4583403 0.4798048 0.4635585 0.4472375 0.4000145 0.4231615 0.3033234 0.341647 0.3870577 0.4327807 0.3935722 0.4314525 0.4365906 0.3864632 0.3079731 0.2229889 0.291565 0.4009425 0.2699939 
0.1722774 0.1342066 0.1204645 0.1304347 0.158318 0.1914407 0.1439593 0.1832701 0.208727 0.1794102 0.20319 0.2146422 0.2242578 0.254678 0.2444546 0.2672966 0.2982965 0.3171084 0.3396926 0.396021 0.3660571 0.3733783 0.351277 0.3311186 0.3908779 0.3411321 0.2806862 0.2301078 0.22132 0.2265236 0.2105017 0.2411331 0.2558486 0.2942408 0.3557805 0.414597 0.4893231 0.5394703 0.5591549 0.5169531 0.4569319 0.5047595 0.4012863 0.3061402 0.3523494 0.29625 0.3034905 0.3093052 0.3656435 0.3605155 0.3103241 0.2443077 0.2139553 0.2248585 0.2503561 0.2118338 
0.185643 0.1999059 0.1512772 0.167163 0.1386132 0.109702 0.1404052 0.1233188 0.1178118 0.1425202 0.1473784 0.2136134 0.234477 0.2673668 0.2595281 0.2841838 0.2904904 0.3112737 0.3243866 0.4208487 0.4320368 0.4141206 0.4258527 0.3404973 0.4001575 0.4147226 0.3373402 0.2864873 0.2888561 0.2680934 0.2229288 0.2629831 0.2781311 0.3083059 0.3728453 0.4288311 0.5357152 0.6458465 0.6893614 0.6237245 0.534566 0.5275556 0.3988359 0.2528032 0.2580442 0.2113774 0.2378141 0.2192357 0.2667036 0.3015724 0.2823545 0.2420481 0.2463642 0.2004982 0.2254279 0.2355493 
0.2099346 0.1829733 0.1272899 0.1178965 0.1187377 0.1155484 0.122502 0.1205184 0.1113601 0.1181351 0.1318395 0.1878531 0.2141997 0.2439567 0.3171065 0.3253067 0.3302501 0.326503 0.3209434 0.3806248 0.3628051 0.3936389 0.3609012 0.3806901 0.4538037 0.5009142 0.3782521 0.3015447 0.250356 0.2276568 0.2277351 0.2560893 0.2821042 0.3506305 0.4348266 0.4829774 0.587187 0.6997017 0.7490398 0.6520832 0.5725446 0.5007161 0.4268624 0.2793634 0.2500866 0.2396819 0.2316042 0.2094434 0.2193438 0.3117949 0.2958143 0.2218774 0.1739798 0.2081972 0.231937 0.1658909 
0.25158 0.1763619 0.1499564 0.1320853 0.1267211 0.1354699 0.1688348 0.1706681 0.1222609 0.1205257 0.1374485 0.1971799 0.2105321 0.2225094 0.2603261 0.3491699 0.4005125 0.3569494 0.3368697 0.3871068 0.4601025 0.4227079 0.3620336 0.4227264 0.5545493 0.5103868 0.3443369 0.3331719 0.3313078 0.2436347 0.2596434 0.2685126 0.2800355 0.3051614 0.3880257 0.5650378 0.6804016 0.7248585 0.7386505 0.6353337 0.5791587 0.4935158 0.4009764 0.2184212 0.2015582 0.2500532 0.2735808 0.2569322 0.2348454 0.2922682 0.2681037 0.1399534 0.1436173 0.2061725 0.2202168 0.1747057 
0.2767335 0.2596762 0.1382947 0.1591891 0.1375611 0.124869 0.149365 0.1277043 0.10677 0.1171947 0.1392082 0.2323499 0.223724 0.2412157 0.2870765 0.3292413 0.4132598 0.3815522 0.3982128 0.3231792 0.4009483 0.4581031 0.3394756 0.3444773 0.4077542 0.4202996 0.375273 0.4335754 0.3771007 0.2613412 0.2611574 0.2662299 0.2766442 0.3181685 0.4113676 0.582506 0.6837905 0.7294142 0.6886401 0.6045569 0.5573236 0.4499645 0.3840415 0.2234828 0.1954955 0.2118923 0.2302728 0.2228384 0.2659487 0.2387499 0.21261 0.1594712 0.2061495 0.2227253 0.25558 0.1558113 
0.2398428 0.1814725 0.133051 0.1759458 0.09688876 0.08563315 0.1234433 0.1563108 0.1242409 0.1289144 0.1593989 0.1924841 0.2123845 0.2875158 0.3114959 0.4065437 0.4984549 0.3895694 0.352686 0.3318949 0.3568577 0.3718402 0.3366767 0.3556225 0.3827792 0.3787878 0.4003119 0.4011276 0.3516732 0.2980205 0.2863907 0.2729064 0.2620043 0.3332141 0.4548485 0.5956851 0.6364931 0.6546296 0.5978581 0.5262677 0.4566299 0.4086148 0.338404 0.1930056 0.1941753 0.1817658 0.2352212 0.2509925 0.2408799 0.2157848 0.1894831 0.1974752 0.216884 0.2371108 0.1976712 0.08977363 
0.1884416 0.1443288 0.1211925 0.1204096 0.11142 0.1433245 0.1327947 0.1454283 0.1463732 0.1479115 0.1700686 0.2030871 0.245735 0.2799902 0.3357713 0.3602555 0.423434 0.3720586 0.3848858 0.3116138 0.3202243 0.2930502 0.3136991 0.3533269 0.3954475 0.3704834 0.3389815 0.3100799 0.2788713 0.2738814 0.2631283 0.2462465 0.2523326 0.322274 0.4362996 0.553439 0.5770616 0.5167571 0.4595451 0.4027856 0.3854891 0.3687112 0.3420959 0.1966584 0.2256695 0.2259431 0.2524759 0.1985148 0.1622487 0.1938382 0.1933693 0.2243354 0.2298921 0.2316283 0.1293207 0.06486477 
0.2873914 0.2318607 0.1663245 0.1896554 0.1749905 0.1172993 0.1136895 0.1642008 0.2007175 0.2085542 0.2159866 0.2475957 0.2925511 0.3215825 0.3532995 0.388997 0.3910336 0.3537997 0.3630519 0.2700582 0.2234201 0.2629448 0.3203784 0.5137085 0.6239875 0.4015853 0.3124139 0.2647503 0.2160183 0.2145533 0.2078113 0.26049 0.263122 0.3409564 0.3390224 0.3640486 0.3724579 0.3643846 0.4282085 0.3909483 0.305838 0.3001449 0.313804 0.2174067 0.188757 0.1572965 0.1669309 0.1439721 0.1429301 0.1518749 0.2569761 0.2735472 0.2047551 0.1647652 0.09795384 0.06430353 
0.3089175 0.2132862 0.1819905 0.1705432 0.1512942 0.1085322 0.1025719 0.1419294 0.1788852 0.2098427 0.2524644 0.2625222 0.292613 0.3249073 0.3921678 0.3396954 0.3864717 0.3250235 0.3386272 0.2351539 0.2107359 0.2650729 0.3175513 0.8121201 0.5069078 0.3361909 0.2564643 0.2537413 0.2220478 0.2139633 0.2093257 0.2506121 0.2711508 0.317491 0.2637655 0.2626754 0.2670066 0.300816 0.4004211 0.3647043 0.2977361 0.2744192 0.2542496 0.178457 0.1718737 0.199791 0.1883202 0.1535022 0.1592741 0.1830993 0.2383985 0.2577213 0.1649333 0.09583014 0.06520342 0.07503786 
0.2613681 0.1766159 0.1354214 0.1165833 0.0965332 0.09477627 0.1279876 0.1602288 0.1822786 0.2558778 0.2874613 0.2677504 0.2811661 0.3209218 0.3681867 0.3434952 0.3709975 0.3522936 0.3429734 0.2215535 0.2368019 0.253013 0.3533675 0.5739387 0.4024069 0.3441573 0.2868049 0.2830612 0.2138899 0.219834 0.2717952 0.2718923 0.291953 0.2716069 0.2227623 0.2217523 0.2178548 0.2463334 0.3039745 0.295005 0.2445683 0.2111226 0.1798216 0.1533491 0.163743 0.1866833 0.1648231 0.09233507 0.1157615 0.1718913 0.1987998 0.1926707 0.1096786 0.05255345 0.0586052 0.02995833 
0.2444285 0.1546526 0.08595952 0.1160629 0.07687695 0.09505706 0.1397393 0.182784 0.2045688 0.2530632 0.2763877 0.266401 0.2595179 0.3646822 0.4890151 0.3728523 0.3430032 0.3207539 0.3051528 0.2376955 0.2254976 0.2429841 0.3455114 0.3544844 0.2792926 0.2738094 0.2122493 0.2198381 0.1857276 0.2239624 0.2993725 0.2420133 0.2435545 0.2063453 0.1719101 0.184614 0.190139 0.193507 0.2392913 0.2086331 0.2091391 0.1576976 0.1406252 0.1149104 0.1002418 0.1672508 0.1232057 0.09752042 0.1089908 0.1160891 0.1273491 0.09308239 0.06542096 0.05433898 0.04272463 0.02304167 
0.2892906 0.1476856 0.103222 0.07190904 0.06778453 0.1038885 0.154228 0.1984799 0.2661612 0.3111167 0.340065 0.2568623 0.25925 0.2994655 0.4375433 0.3676176 0.3421459 0.314832 0.2910036 0.2791863 0.2651979 0.2842968 0.3714309 0.3741972 0.2667853 0.2070796 0.1581346 0.1340493 0.1588178 0.2341881 0.3458743 0.2069945 0.1723261 0.1563809 0.1377932 0.1345247 0.1422376 0.1284949 0.1400667 0.1016946 0.08920553 0.08301228 0.0962427 0.1013274 0.1154735 0.1682638 0.1804793 0.1237105 0.113449 0.1231259 0.1144372 0.09369059 0.05889837 0.05824467 0.05977114 0.07904167 
0.2758354 0.1821867 0.1361021 0.1251473 0.1199603 0.1439098 0.1740091 0.2983256 0.2866576 0.2369922 0.2923352 0.231037 0.2373214 0.2795576 0.2833561 0.3122551 0.2766121 0.290479 0.2666326 0.2987184 0.2954425 0.2678899 0.2584131 0.3052784 0.2807297 0.2003043 0.1281386 0.1296113 0.1789217 0.1437098 0.1600707 0.1863063 0.16786 0.1403084 0.1239496 0.1059283 0.1080442 0.1227969 0.1032378 0.08287128 0.09800614 0.0713284 0.05916606 0.07954525 0.09682725 0.1305103 0.1340656 0.1110279 0.1123861 0.1019357 0.1286344 0.1109288 0.04638164 0.05162897 0.06187733 0.08854166 
0.2936632 0.1798358 0.1697169 0.2122356 0.1532984 0.1803562 0.2540993 0.3282004 0.2601325 0.2646399 0.2873128 0.2588893 0.2486746 0.2381464 0.2542514 0.2446077 0.2605517 0.3004608 0.3126361 0.3106475 0.3116095 0.2894666 0.2348856 0.2604518 0.2476723 0.2046332 0.1629685 0.1332006 0.1140226 0.1024249 0.1259415 0.1496966 0.1219313 0.114701 0.1104078 0.1082941 0.09617776 0.1186379 0.1589919 0.07511386 0.05914821 0.04810273 0.05375987 0.07998453 0.1256719 0.1355624 0.1213197 0.09902676 0.1372721 0.1130125 0.1243035 0.1102174 0.067325 0.05796179 0.07780601 0.1132083 
0.3294736 0.2103875 0.1960107 0.2372378 0.2034048 0.1877397 0.1915502 0.2567644 0.2313878 0.2762252 0.3134542 0.2507153 0.2527919 0.3158595 0.2380657 0.256133 0.3390735 0.2837729 0.244008 0.2413335 0.255236 0.2564241 0.2587607 0.2412672 0.2502121 0.2473575 0.211297 0.1283139 0.1160308 0.1629555 0.150003 0.1425054 0.1197437 0.1097476 0.119394 0.1563108 0.2109239 0.09326042 0.1013534 0.07271572 0.04097391 0.0354913 0.06188286 0.08461788 0.1030741 0.09020497 0.1042687 0.09427215 0.1438945 0.1455709 0.1777703 0.1104417 0.102511 0.0945667 0.09494898 0.099125 
0.302616 0.2535303 0.2083705 0.202791 0.1817172 0.181834 0.1902614 0.2951691 0.2204676 0.2597978 0.2661471 0.2321898 0.2678328 0.2359458 0.187254 0.2525739 0.284909 0.3473324 0.3058928 0.29664 0.2661265 0.2398624 0.2309633 0.275966 0.2484628 0.2260147 0.145462 0.1232255 0.1296136 0.1806845 0.1077376 0.1013725 0.1076634 0.1067688 0.1411082 0.2456746 0.3809773 0.1405607 0.09060925 0.070619 0.05980347 0.04368581 0.06842222 0.08963762 0.1168597 0.1264855 0.1066034 0.1351748 0.1513557 0.192179 0.1451547 0.1079167 0.1058333 0.121 0.1165 0.1145 
0.3052408 0.2403329 0.1626206 0.2064097 0.1705165 0.1848426 0.1870544 0.2171686 0.232297 0.2641838 0.2837903 0.2341616 0.2226961 0.2268692 0.239225 0.2812529 0.3092897 0.3536757 0.3534924 0.279968 0.2656249 0.1947251 0.1913766 0.288915 0.2111847 0.1821113 0.05088234 0.05205818 0.09452725 0.1201202 0.06707083 0.1084467 0.1149553 0.1298747 0.1217342 0.1513138 0.168054 0.1221351 0.09500715 0.07592593 0.07684088 0.05287506 0.06153847 0.08873996 0.1115401 0.1109031 0.1599605 0.1949158 0.1885766 0.1622986 0.1733207 0.1565417 0.113375 0.1305417 0.108375 0.1037917 
0.2790972 0.2041533 0.1491334 0.2489105 0.2152345 0.2012075 0.1869787 0.2355031 0.2512536 0.2655851 0.2653896 0.2462188 0.209008 0.2248296 0.2470662 0.2663016 0.2859758 0.2826056 0.2697423 0.2296227 0.2287637 0.1922988 0.2202994 0.1945535 0.1061812 0.08304849 0.03691645 0.05055944 0.07645249 0.1078951 0.104068 0.1231079 0.100078 0.09578291 0.1000941 0.0896273 0.08613186 0.07476936 0.08305755 0.06796562 0.07481384 0.06910038 0.0647859 0.09746471 0.1174401 0.1503935 0.217684 0.2289238 0.2797194 0.199273 0.2117935 0.24 0.1465417 0.1435833 0.1059167 0.08704166 
0.1989925 0.1694437 0.1672646 0.2551139 0.2273673 0.2407793 0.1986945 0.2267283 0.2421603 0.2457357 0.2768595 0.2027027 0.2031274 0.238579 0.2477521 0.2903062 0.3457187 0.4010673 0.2824974 0.2191538 0.1998632 0.2076031 0.2012207 0.2044344 0.09237026 0.09252528 0.0670333 0.06371796 0.09609987 0.1111372 0.1276345 0.1392047 0.1106276 0.07845069 0.07688159 0.07149624 0.08792055 0.09720604 0.08562938 0.06740209 0.07059048 0.07820698 0.09936111 0.1313869 0.1671811 0.1851984 0.2851648 0.3062333 0.2717194 0.2486234 0.2310895 0.2399583 0.16525 0.1316667 0.1156667 0.161125 
0.2277621 0.2017758 0.2355107 0.3444216 0.236191 0.2690769 0.2356199 0.2202795 0.2181337 0.205126 0.2271298 0.2286078 0.2123596 0.2457955 0.2628046 0.2707557 0.304906 0.3095454 0.2764217 0.2659805 0.2437491 0.183071 0.1700026 0.2214805 0.1618079 0.1189615 0.08403382 0.05399266 0.0760081 0.1384357 0.1026956 0.06368771 0.05048837 0.05510266 0.06957812 0.07503798 0.07248702 0.07232092 0.07185284 0.0957192 0.1093731 0.1082977 0.1275436 0.1483671 0.2040306 0.2785988 0.2781363 0.4036667 0.4182917 0.3529583 0.3588333 0.35975 0.2877083 0.194875 0.150125 0.1499583 
0.1799351 0.2235107 0.3530568 0.3029019 0.2711793 0.2431568 0.2466983 0.2514631 0.2350876 0.2424951 0.2246254 0.2506294 0.2399924 0.2063643 0.2228558 0.2296616 0.209453 0.2069876 0.1971904 0.2433679 0.1876837 0.1626389 0.1621889 0.25554 0.1489532 0.08274487 0.05276924 0.03740567 0.05681009 0.09717258 0.08997677 0.05419768 0.04598254 0.06550317 0.07445224 0.0717965 0.07632048 0.08474468 0.08488243 0.1089196 0.1251064 0.129194 0.1403514 0.1686656 0.226041 0.3004688 0.3021303 0.45375 0.4346249 0.3978333 0.441375 0.416375 0.352375 0.2905834 0.2141666 0.17675 
0.1323771 0.197966 0.3596439 0.3969198 0.2499457 0.2712888 0.2264069 0.2242607 0.2631931 0.2582478 0.234723 0.2393312 0.234301 0.2124948 0.2085283 0.220232 0.1931068 0.1597887 0.1683588 0.1820239 0.1757818 0.1322845 0.1400396 0.2441077 0.09874801 0.04562936 0.04270364 0.04776278 0.06337837 0.0495692 0.01958811 0.02682669 0.03635825 0.0532402 0.06212485 0.0822148 0.08062774 0.08839206 0.1215962 0.1501254 0.1675027 0.1717391 0.1831834 0.2065912 0.2547832 0.2936025 0.3735626 0.4728332 0.43325 0.3810833 0.43 0.367125 0.3331667 0.2979999 0.2432917 0.2350417 
0.1286779 0.1779621 0.3315507 0.3288271 0.3110847 0.3126393 0.3299094 0.3521046 0.2598755 0.2486459 0.2221035 0.2397423 0.2297614 0.2037275 0.2034037 0.2046221 0.2047584 0.1810871 0.1773961 0.1675753 0.1937297 0.1406077 0.1102423 0.09276541 0.05742733 0.03759266 0.05504793 0.0679924 0.07096746 0.05480976 0.02961195 0.04890036 0.05655652 0.06816497 0.08347935 0.1098745 0.116408 0.128424 0.1588909 0.2073945 0.2380439 0.2697446 0.2942286 0.2726971 0.3326712 0.3726694 0.3882883 0.4928333 0.4748749 0.474375 0.4870417 0.3835833 0.3544584 0.3222917 0.2847916 0.2352917 
0.1779971 0.2333777 0.3774806 0.2929723 0.3159972 0.3118978 0.3655118 0.3534442 0.2516036 0.2861853 0.223879 0.259823 0.2838354 0.2176799 0.2131194 0.2298442 0.2570435 0.2932136 0.2006421 0.1958717 0.2260829 0.1674458 0.09585681 0.06034754 0.06530317 0.07868703 0.0563408 0.06753686 0.05918408 0.04456548 0.05617972 0.07020406 0.06821807 0.09788437 0.1037645 0.1369741 0.1498471 0.1599412 0.2091582 0.2926747 0.3538255 0.3808613 0.4302071 0.4001354 0.437142 0.465266 0.4869004 0.4785833 0.5077916 0.5652083 0.4742499 0.4070833 0.3231667 0.2936666 0.2435833 0.2605416 
0.2052968 0.2265338 0.2901252 0.3249472 0.3229719 0.2893756 0.271816 0.3522758 0.2606464 0.2634596 0.2264173 0.1934902 0.224513 0.2195228 0.1792998 0.1955469 0.194165 0.2610633 0.1656248 0.1393546 0.1214358 0.09942191 0.0607966 0.0523098 0.05251673 0.06448665 0.05755566 0.06301615 0.07721362 0.09007417 0.1146932 0.08446658 0.07150861 0.09863153 0.1139214 0.1319712 0.1597314 0.1988734 0.2470749 0.3465929 0.4116164 0.4510154 0.574357 0.5180873 0.4669128 0.5378491 0.5295863 0.6817083 0.535875 0.4709583 0.4014167 0.397875 0.3035416 0.270375 0.3124167 0.2764583 
0.1748521 0.1717036 0.1992558 0.2771797 0.2320909 0.2449372 0.2031225 0.3482949 0.2586878 0.2275879 0.2039059 0.172392 0.2277701 0.2310783 0.1621784 0.1875026 0.1901045 0.2227736 0.1410132 0.1234139 0.06973588 0.06819579 0.05421403 0.04585113 0.04139173 0.04963667 0.05249058 0.04773106 0.07583968 0.09970379 0.105796 0.0897086 0.05772619 0.0677513 0.111824 0.1728152 0.2117767 0.2118152 0.2675745 0.3639314 0.4383862 0.5245967 0.5742792 0.4650802 0.4849371 0.5192553 0.5590057 0.6906667 0.5116251 0.4069166 0.4242916 0.4299167 0.3937501 0.3857917 0.4332083 0.305875 
