ncols         56
nrows         54
xllcorner     28.264
yllcorner     -5.7719999999999
cellsize      0.25
NODATA_value  -9999
0.09105872 0.08381268 0.09737249 0.05923295 0.05596205 0.05134968 0.038335 0.03488966 0.01832155 0.02213481 0.03735228 0.04060474 0.04599216 0.02944314 0.04950764 0.07619021 0.05704694 0.04086593 0.03120187 0.05793408 0.06100786 0.06725658 0.05183889 0.1030889 0.1693807 0.2440776 0.2049187 0.2454219 0.1862286 0.1492948 0.173895 0.2173606 0.2391706 0.3193898 0.2270492 0.2595082 0.228372 0.2064404 0.1503047 0.1831673 0.09707398 0.1032324 0.05200734 0.0720857 0.05517151 0.04179672 0.06266483 0.07988498 0.0756104 0.09532612 0.1247293 0.05611375 0.1083864 0.07977951 0.07496738 0.07999699 
0.1489427 0.1202148 0.08842677 0.06130883 0.06266159 0.05187054 0.05068988 0.03391699 0.02216833 0.03427986 0.03562379 0.04604124 0.06171446 0.03538908 0.04327767 0.05745167 0.03425127 0.01429891 0.0256577 0.03438369 0.04817418 0.04217369 0.08155303 0.1328198 0.1392005 0.1520299 0.1846686 0.2944648 0.2405877 0.17073 0.1747823 0.1793376 0.2017356 0.2957976 0.4203736 0.3767605 0.3180351 0.1928039 0.1734403 0.141214 0.05421184 0.03751918 0.1345582 0.08021802 0.03722123 0.05800125 0.07190879 0.121833 0.08479149 0.08768013 0.05545451 0.05099232 0.1225666 0.09775984 0.08182449 0.1175016 
0.1826169 0.1618404 0.1242978 0.05503791 0.06070631 0.06015814 0.04280161 0.04919681 0.07581869 0.05053593 0.06104342 0.1160553 0.07500877 0.03879612 0.03209692 0.03979158 0.028871 0.02210879 0.02312249 0.0152336 0.02917543 0.04466138 0.03904588 0.062984 0.1006827 0.1442647 0.176168 0.225976 0.2267327 0.1617285 0.1404702 0.1798264 0.2296607 0.3161769 0.3696941 0.4363454 0.3924399 0.1779387 0.1977289 0.1496872 0.09431358 0.1543566 0.1279535 0.06053515 0.05767434 0.06977631 0.06038117 0.05674769 0.07292037 0.09583761 0.06625482 0.06884675 0.07559813 0.0850968 0.04659209 0.05911146 
0.125933 0.1160098 0.07867472 0.03889316 0.0440248 0.1114633 0.06457765 0.05529617 0.1024418 0.1459162 0.0898296 0.1260915 0.131791 0.05481108 0.0182493 0.01589804 0.02136079 0.01964899 0.0138986 0.02205526 0.03758891 0.03629823 0.02134601 0.04234322 0.1202987 0.1515227 0.1620916 0.2311464 0.1778074 0.1414186 0.1486199 0.2466466 0.2380493 0.2781584 0.3940547 0.4186715 0.2720751 0.1627855 0.1651651 0.1629257 0.1843235 0.1755714 0.1399018 0.1088969 0.08148164 0.07894636 0.08495366 0.08875279 0.1118543 0.06185024 0.08536363 0.1086344 0.09206344 0.06267496 0.03815661 0.02471786 
0.1201509 0.107373 0.0748319 0.03991896 0.04710255 0.08455379 0.09506281 0.1059223 0.147901 0.2542386 0.1046393 0.1259001 0.1114817 0.07111769 0.05410223 0.02293517 0.03030862 0.0181007 0.03203804 0.03285547 0.02151617 0.02230453 0.02759656 0.04989864 0.09234428 0.1546932 0.151477 0.1379885 0.1347221 0.1421899 0.1570996 0.2559367 0.3014773 0.3616038 0.3754873 0.4058452 0.2417018 0.1552219 0.1423487 0.0835753 0.1853638 0.2104837 0.2349068 0.1734627 0.1197145 0.102102 0.1217216 0.09307823 0.1113828 0.07952935 0.07377062 0.0894463 0.06663653 0.05180395 0.04203112 0.02271043 
0.1114821 0.1327495 0.08302747 0.05076177 0.04793267 0.1500126 0.1175036 0.1763988 0.1267763 0.1113396 0.1150754 0.1259562 0.1155342 0.09172504 0.06496492 0.0538204 0.04222341 0.03544627 0.04989745 0.05488455 0.04265615 0.03198166 0.04931693 0.1116035 0.1092105 0.09994247 0.1026448 0.1589899 0.1463254 0.1489262 0.126541 0.2082697 0.2753267 0.2827427 0.3208002 0.2917026 0.2877285 0.1143599 0.09810517 0.09521068 0.2207973 0.3475588 0.263424 0.1689653 0.1783959 0.245529 0.1697044 0.1267423 0.1522675 0.09396961 0.07844302 0.07994741 0.07898511 0.05623555 0.03117685 0.01787136 
0.1723315 0.1108927 0.07526059 0.05321769 0.0660711 0.1285568 0.147423 0.1937114 0.1509967 0.1344747 0.1262744 0.1413512 0.1477455 0.09849466 0.08706798 0.05647638 0.03372984 0.03819202 0.05508486 0.06491002 0.08953433 0.05063386 0.06400333 0.08605327 0.09809028 0.09908824 0.1396318 0.1700426 0.179091 0.1424279 0.1324636 0.1980609 0.2022111 0.2046266 0.1535489 0.1576193 0.1279438 0.1198376 0.1208065 0.2069518 0.2857299 0.2955814 0.2296729 0.1847653 0.2020403 0.1959932 0.2273367 0.1528474 0.1045885 0.0788721 0.05949584 0.06221079 0.06006761 0.03824154 0.0190419 0.02253547 
0.1496173 0.1685646 0.1413898 0.1074009 0.1198708 0.178019 0.2400273 0.220811 0.1419049 0.1495233 0.1096084 0.1158407 0.092334 0.09074747 0.06290172 0.05353867 0.04166871 0.04560939 0.06514225 0.09460577 0.06258991 0.06316241 0.07530966 0.1029042 0.08195594 0.1049427 0.1416976 0.1934241 0.2050968 0.1846666 0.1511253 0.2343626 0.264713 0.2447312 0.1480722 0.1084848 0.1877238 0.1381121 0.122776 0.1677617 0.2471712 0.2894945 0.2668598 0.1860567 0.1829218 0.1667043 0.1473457 0.1371462 0.09234407 0.08934966 0.07037915 0.05009299 0.04219643 0.03136996 0.03492117 0.02018259 
0.2212682 0.2528251 0.3001689 0.1998922 0.1885448 0.2173461 0.2528852 0.237141 0.1751413 0.09799079 0.1010333 0.1224867 0.08916021 0.05816599 0.05291553 0.06295138 0.05288167 0.04862147 0.08269388 0.08915737 0.08308595 0.05878842 0.0787452 0.1278905 0.09823255 0.1323864 0.1840392 0.219974 0.232662 0.2171501 0.1618635 0.2552493 0.2885355 0.3523912 0.2773226 0.2089178 0.2065751 0.1898508 0.1541874 0.2079216 0.2748521 0.289277 0.244549 0.1632074 0.1712629 0.1708994 0.1160868 0.06468808 0.1202962 0.1124787 0.1003666 0.04917486 0.04600519 0.03222196 0.0215653 0.0165894 
0.2066178 0.2049385 0.2111015 0.1858884 0.208237 0.2035342 0.1984574 0.1813794 0.1715661 0.1172437 0.1168334 0.1759772 0.08680066 0.0453845 0.04438407 0.07332696 0.09271141 0.06828104 0.06075931 0.06033666 0.04820127 0.04814865 0.0690886 0.07048222 0.1115787 0.1937308 0.2150002 0.2409898 0.2021369 0.2053059 0.1772264 0.2520867 0.4231371 0.2838683 0.2931447 0.2031749 0.1867267 0.1575934 0.1486945 0.2124593 0.2728395 0.3206714 0.2401055 0.2022945 0.1309809 0.1242224 0.1001155 0.05634559 0.1048268 0.1138801 0.06429621 0.05144731 0.03364391 0.0330008 0.01632347 0.0002365432 
0.1972677 0.2343474 0.2531028 0.1437821 0.1209029 0.1560626 0.1391698 0.1336932 0.1832516 0.1653872 0.1188547 0.1389068 0.06810239 0.04615893 0.05277999 0.07048517 0.08937676 0.05744405 0.06622737 0.06533152 0.06154189 0.06194571 0.05489558 0.06767704 0.1083915 0.1883434 0.3244794 0.2513244 0.1927594 0.2043973 0.201255 0.3062513 0.4770804 0.379205 0.1831883 0.1804147 0.1627208 0.1318067 0.1391923 0.2007642 0.2773139 0.3083321 0.2640935 0.1692083 0.1040381 0.05677777 0.03674176 0.02888147 0.04756461 0.06365485 0.03735396 0.02855567 0.02478975 0.01842912 0.004457226 0.0002314326 
0.2973626 0.4275303 0.1900275 0.1507045 0.2120216 0.1643173 0.1118667 0.154212 0.1900522 0.1965608 0.1160184 0.1144183 0.09264321 0.05380365 0.06473839 0.07251515 0.07487492 0.07501236 0.08477136 0.08542012 0.06359835 0.05429482 0.04086627 0.08130322 0.1111877 0.1305643 0.2096911 0.2721145 0.1924244 0.1916871 0.1843091 0.2201452 0.2816973 0.2186648 0.112796 0.1282529 0.1098927 0.1358003 0.1934471 0.1634234 0.1413345 0.1913287 0.1715215 0.1370167 0.0725037 0.05781475 0.04448166 0.04534259 0.03908493 0.038043 0.04203089 0.0308761 0.02310357 0.01348555 0.007134726 0.003175279 
0.1628339 0.1761503 0.1256814 0.133144 0.1489841 0.1593435 0.2146373 0.1097265 0.1197432 0.1176766 0.1161604 0.1023427 0.108273 0.06139721 0.05176407 0.06845181 0.06812539 0.0674262 0.09766278 0.09188045 0.09794888 0.07971836 0.05794632 0.07041606 0.09541225 0.1219172 0.1619638 0.2765813 0.2122091 0.1866848 0.1889493 0.1732973 0.1901937 0.1502577 0.09259188 0.08799575 0.07717555 0.1124812 0.1955741 0.168286 0.1056367 0.1386297 0.1077827 0.08154616 0.07677281 0.05263557 0.04063562 0.04454882 0.03789331 0.04040589 0.03202206 0.02782454 0.01813029 0.01021998 0.004105605 0.003125214 
0.139332 0.1124776 0.09344359 0.0996513 0.09467445 0.1416244 0.2180727 0.1140439 0.1155204 0.1331421 0.1013743 0.1121919 0.1049167 0.05974367 0.06359702 0.07620259 0.0837239 0.09153742 0.1389124 0.09388458 0.08426227 0.08591411 0.09380702 0.07505767 0.08103216 0.09305158 0.1436097 0.1847249 0.2030084 0.1759147 0.1594492 0.1179831 0.153897 0.1313169 0.07743982 0.0673333 0.07110935 0.1092478 0.1526994 0.1460386 0.1059254 0.1131473 0.08429327 0.06888319 0.06567083 0.05350571 0.04691057 0.04556693 0.03070023 0.03129755 0.02747509 0.0207911 0.01468378 0.007624776 0.004053191 0.003045999 
0.1115782 0.1117449 0.1137903 0.1246314 0.1100326 0.1900058 0.1487747 0.1045292 0.1000241 0.08799791 0.0916943 0.08968942 0.09188867 0.06779309 0.0618212 0.07200508 0.09122098 0.1238534 0.1349066 0.1342187 0.08810824 0.07087021 0.06197236 0.1054357 0.1080591 0.09243709 0.1350141 0.1444305 0.1900653 0.1645043 0.1272378 0.08470304 0.0883072 0.08809023 0.08504418 0.06710409 0.07859004 0.08302212 0.125973 0.08895835 0.07958099 0.08055198 0.06950068 0.0569279 0.04418975 0.03843942 0.03081168 0.03333513 0.02361896 0.02032628 0.01920347 0.01244875 0.01262408 0.00453071 0.00394487 0.003024404 
0.1292702 0.1303484 0.08607842 0.1131201 0.1644931 0.146253 0.1319091 0.1142999 0.09648933 0.09084094 0.1156932 0.09015459 0.09295046 0.05979677 0.06366743 0.07409522 0.09142821 0.130679 0.1418799 0.09393478 0.06594571 0.06448217 0.07294273 0.0853551 0.0837523 0.09203195 0.1398274 0.1483611 0.1573056 0.1586164 0.1167357 0.1001695 0.1029794 0.09248883 0.1070104 0.07689754 0.07141374 0.0687779 0.08194555 0.1199703 0.08578053 0.07522207 0.06215678 0.0466282 0.03936439 0.03773107 0.02765129 0.03145713 0.02565488 0.02441631 0.01967958 0.007436675 0.006926663 0.004262327 0.005028314 0.003392742 
0.1534976 0.1248703 0.0906391 0.09461724 0.1952647 0.1863477 0.1254228 0.1162127 0.09682969 0.09080303 0.08621673 0.07003392 0.05492277 0.04506904 0.0725914 0.09383737 0.1232735 0.1458454 0.1715134 0.1006973 0.07986324 0.07539965 0.07583346 0.09693285 0.08804991 0.115096 0.1305455 0.1700365 0.127736 0.1318246 0.1182348 0.1113843 0.09624216 0.1153976 0.1114427 0.06750941 0.07368463 0.06390842 0.06441029 0.08347272 0.07602753 0.08575664 0.07242658 0.06118494 0.05262544 0.04295404 0.02932052 0.02995756 0.0309893 0.03095786 0.02279326 0.01094014 0.008048595 0.004094076 0.003631755 0.003344435 
0.1679 0.1802432 0.192286 0.2207305 0.1538399 0.1566125 0.1310206 0.130828 0.09414773 0.1194388 0.07367086 0.0706598 0.0675391 0.08019629 0.1081687 0.1207905 0.132175 0.1427359 0.1129705 0.1151396 0.09701952 0.09589218 0.08359443 0.1354961 0.1572976 0.129603 0.1411114 0.1849069 0.1762899 0.1105678 0.1210513 0.1063766 0.09826886 0.07933581 0.07385758 0.05816047 0.04903198 0.06453048 0.06239952 0.07245968 0.0797353 0.09964844 0.08021925 0.07150787 0.06412008 0.0413374 0.02495884 0.03175586 0.02741867 0.02579873 0.02422796 0.0197848 0.01579588 0.009993758 0.006116407 0.003242441 
0.1459211 0.1529067 0.1410562 0.135215 0.108639 0.1074708 0.1045559 0.1043655 0.0965133 0.1073087 0.1104866 0.08586662 0.0755602 0.08372456 0.09531774 0.1137186 0.1639211 0.1496447 0.09721555 0.1182965 0.1404523 0.1332474 0.1080691 0.1436965 0.1283634 0.1054793 0.1298266 0.1673353 0.1364001 0.1282017 0.09740667 0.1005478 0.0857105 0.09742825 0.07380557 0.05381261 0.04430313 0.05035166 0.05177671 0.07899434 0.08407576 0.08245438 0.09511136 0.0795731 0.05771242 0.0436272 0.03268075 0.0322137 0.03094861 0.01561037 0.01483153 0.009018712 0.0121794 0.009540753 0.00822156 0.01395745 
0.186623 0.2153963 0.2066437 0.1935183 0.2767111 0.1471789 0.1486593 0.1595336 0.1415582 0.1550865 0.1673533 0.07841928 0.07214492 0.04959384 0.07248373 0.1206894 0.1706481 0.1523878 0.1130823 0.1047045 0.1011949 0.1020186 0.08751342 0.148513 0.1426831 0.1198711 0.1305827 0.1477559 0.1460548 0.1338195 0.1129092 0.1054108 0.08657981 0.08824594 0.08196393 0.06307594 0.06828179 0.0589648 0.05418655 0.0711396 0.06653664 0.07421605 0.07269537 0.08145976 0.068187 0.05009521 0.03703673 0.03135936 0.02405813 0.01703296 0.01529307 0.01011839 0.01123854 0.01273289 0.01137671 0.0135594 
0.2152494 0.2335452 0.1748298 0.1844204 0.247314 0.2032539 0.1443483 0.1309509 0.1341595 0.121478 0.08983804 0.051328 0.02658346 0.03051847 0.06881823 0.1139867 0.132958 0.1558926 0.1224599 0.1052255 0.102976 0.09909031 0.1049721 0.1636507 0.146657 0.1129205 0.1294822 0.1448276 0.1283026 0.153487 0.1503364 0.1046515 0.08457766 0.08557225 0.08591679 0.08455084 0.09072193 0.07552364 0.0721489 0.0942269 0.08544604 0.07697079 0.08190098 0.09510561 0.05188237 0.03494386 0.03356035 0.02703008 0.02136525 0.02472083 0.01940107 0.01857217 0.01225261 0.02450719 0.01967795 0.03008079 
0.2021847 0.241651 0.1769593 0.1627469 0.2058253 0.2523419 0.1613982 0.1215198 0.08328859 0.0981406 0.0704669 0.06227361 0.03793422 0.04602393 0.08127567 0.1111788 0.1197893 0.1367152 0.1471766 0.1243181 0.1143491 0.1090674 0.1050529 0.1284755 0.153385 0.1431231 0.1522384 0.1388929 0.1252624 0.1420787 0.1439595 0.1505381 0.09187847 0.08619952 0.08792112 0.07032108 0.07364707 0.0828969 0.08706237 0.1010891 0.1064958 0.08889472 0.08774739 0.0838095 0.04639863 0.02921189 0.03072262 0.02350237 0.01694508 0.01630071 0.01816829 0.02779009 0.02166972 0.0298063 0.02611852 0.0680736 
0.2857961 0.1574749 0.1641007 0.1535804 0.1535611 0.1504526 0.1270917 0.09302785 0.07487231 0.08416839 0.08915346 0.1296326 0.06605928 0.07440764 0.1327678 0.1019428 0.09023296 0.1408059 0.1275459 0.07726397 0.07534622 0.1097178 0.09793285 0.1369458 0.1544447 0.1605138 0.1518475 0.1873526 0.1924388 0.175676 0.1723951 0.1199702 0.09608018 0.1044619 0.08860595 0.07151596 0.07979351 0.08499078 0.07317962 0.08861581 0.07863235 0.09838498 0.0679741 0.04275843 0.04689842 0.01923242 0.01800022 0.02149704 0.01497141 0.01359021 0.01205084 0.01721808 0.02499894 0.03337609 0.06950167 0.127079 
0.2617482 0.1839738 0.1824828 0.1387219 0.126337 0.1284293 0.1773 0.1391806 0.07751504 0.09791538 0.1073381 0.1182849 0.1171064 0.1198659 0.106199 0.09238549 0.07883934 0.1070322 0.1051673 0.07191475 0.08557514 0.1592797 0.1612105 0.1515363 0.1577557 0.1854415 0.1609129 0.1814109 0.1903285 0.1583375 0.1431011 0.1438091 0.1163823 0.1129403 0.1093327 0.08534829 0.07174303 0.06962299 0.1068554 0.08469852 0.07468867 0.05986283 0.04855148 0.05135358 0.04175639 0.02311458 0.01340935 0.01380469 0.0102058 0.008836598 0.02308419 0.01960182 0.02020275 0.0356623 0.0590252 0.1518259 
0.1888114 0.2112611 0.1863769 0.1307877 0.1404504 0.1739731 0.1878113 0.1101691 0.05394432 0.06700329 0.05826609 0.06775337 0.08982743 0.1046189 0.09466052 0.08648726 0.08599712 0.09165137 0.1022652 0.0908575 0.1373018 0.1864924 0.1543674 0.170638 0.1252545 0.1425967 0.1390398 0.1636412 0.1789293 0.1752157 0.1646452 0.1612876 0.1479567 0.1401315 0.1121818 0.09321648 0.08055292 0.06966806 0.1038909 0.1387263 0.06948473 0.03924167 0.04127034 0.04107349 0.03926113 0.02760475 0.03131012 0.03575654 0.0194773 0.01430721 0.01588531 0.0350033 0.03024879 0.04405066 0.0659571 0.1091198 
0.1393937 0.19735 0.2162025 0.1667824 0.1521357 0.150788 0.126207 0.09448979 0.07671124 0.07723094 0.06781787 0.07336222 0.08903439 0.07938239 0.09773374 0.09960078 0.1107426 0.1057566 0.1040333 0.1213039 0.2155114 0.2088218 0.1716253 0.191061 0.1470453 0.1522064 0.1663869 0.1597833 0.1777109 0.1652582 0.1824215 0.16754 0.159003 0.1581006 0.1237376 0.1121188 0.1251098 0.08472672 0.08110553 0.08202953 0.05478739 0.04495145 0.04035961 0.05010534 0.06145743 0.04375512 0.0747093 0.0664369 0.03734546 0.01359614 0.01554419 0.06097356 0.05341981 0.08543853 0.07983319 0.1175034 
0.1458448 0.2406374 0.2125096 0.1554324 0.1218845 0.1249312 0.07477334 0.08298369 0.08450285 0.09980633 0.0927375 0.09014112 0.1029205 0.111474 0.1305287 0.1632372 0.1591749 0.1113953 0.1000653 0.1390647 0.1904411 0.2114845 0.1836991 0.1705088 0.1721443 0.1323069 0.1374328 0.1682882 0.2067318 0.1850171 0.1799782 0.1737616 0.1847539 0.1553398 0.1493693 0.1027499 0.1249591 0.1037896 0.1225923 0.1168606 0.06992034 0.04883111 0.03562643 0.04757151 0.03697366 0.06308229 0.04438361 0.04469755 0.0297226 0.03639878 0.02881231 0.08471894 0.09215952 0.09910237 0.1201025 0.1947156 
0.1810229 0.2133533 0.1780389 0.1626493 0.1584079 0.1706452 0.103078 0.1061213 0.1387562 0.1515696 0.1316263 0.1358488 0.1927897 0.1185831 0.1232333 0.1473616 0.1332742 0.1501476 0.1635176 0.2327974 0.2205312 0.2348665 0.2346117 0.23025 0.2355745 0.213754 0.1999395 0.1961206 0.2130817 0.2134243 0.1996955 0.2003443 0.1741054 0.169544 0.1458018 0.1175841 0.1304082 0.1195585 0.1324496 0.1070111 0.0763686 0.0545731 0.04471199 0.02970661 0.03670137 0.04098407 0.04229323 0.02412196 0.03941185 0.03740643 0.03341149 0.09562147 0.1373938 0.1871938 0.1316985 0.1626668 
0.2059718 0.2106204 0.1734946 0.1874954 0.1623902 0.1403728 0.1067162 0.1797656 0.126144 0.08593774 0.09722091 0.1316545 0.1176255 0.1080418 0.09408519 0.1227611 0.1401732 0.1221615 0.186409 0.1754233 0.1923726 0.1919398 0.2061592 0.2371476 0.3011849 0.3055495 0.238932 0.2109188 0.2153282 0.2108869 0.2031567 0.1878405 0.1824834 0.1883315 0.1644209 0.1462085 0.1579053 0.130722 0.118642 0.1127017 0.08103451 0.06465741 0.05505925 0.06059659 0.03780222 0.02987383 0.03254266 0.03071564 0.02964731 0.04318512 0.0305255 0.08505702 0.1835037 0.1256879 0.1083237 0.189805 
0.3116994 0.2900757 0.2402874 0.2513788 0.172894 0.1053842 0.121127 0.1285304 0.08540186 0.1142296 0.1327757 0.1405741 0.1695076 0.09538089 0.04618051 0.0948396 0.1019158 0.103331 0.1370679 0.1494764 0.1476929 0.1585694 0.2350098 0.2635728 0.3262129 0.3287657 0.2775366 0.2314935 0.2163934 0.2032168 0.196727 0.1702327 0.1907338 0.185276 0.1787532 0.1794543 0.1801636 0.1565738 0.154735 0.1200797 0.0943392 0.08226061 0.06406607 0.0433657 0.02669982 0.0210653 0.02031968 0.02997555 0.03405618 0.02765859 0.02708652 0.06639564 0.1233633 0.1478533 0.179566 0.2168531 
0.4047005 0.3599837 0.2818492 0.2562612 0.1739862 0.09263188 0.08208739 0.08211509 0.09703555 0.1382718 0.1462728 0.1625854 0.1564129 0.06851226 0.0672928 0.1135889 0.1242531 0.1270127 0.1265555 0.139459 0.1480126 0.1635807 0.1869245 0.2495395 0.3070527 0.3135726 0.2453603 0.2277627 0.2344064 0.2094203 0.2064372 0.1748689 0.1788592 0.1739514 0.1825516 0.1694513 0.169754 0.1651882 0.185387 0.1220148 0.1018266 0.08225712 0.05728343 0.03794534 0.02553524 0.01444695 0.01744944 0.02212754 0.02498938 0.03292048 0.0286897 0.04933608 0.08770883 0.1280435 0.129864 0.2454491 
0.4827193 0.4638528 0.3284981 0.2675682 0.1834906 0.1255381 0.1030321 0.1036717 0.1346731 0.1444501 0.138668 0.1247434 0.1291283 0.09921528 0.1045694 0.09912871 0.1128246 0.1265966 0.1195292 0.1491177 0.1745868 0.1896094 0.2179374 0.2109014 0.2488277 0.3291714 0.2468276 0.2294492 0.216045 0.2002301 0.2030848 0.18047 0.1669986 0.152688 0.1642549 0.2064184 0.2121853 0.2238139 0.2156039 0.1371279 0.09674349 0.08199959 0.05812585 0.03784114 0.04240965 0.02664729 0.01921562 0.0276396 0.0447199 0.06355886 0.08059966 0.09580454 0.1241127 0.141433 0.160632 0.08036606 
0.3931714 0.3896113 0.3126552 0.2400663 0.1622168 0.1315429 0.1345031 0.1574322 0.1735627 0.1513041 0.141714 0.1135402 0.1079524 0.1077556 0.1043835 0.1350875 0.1450625 0.1347839 0.1522462 0.1635402 0.2047247 0.2476532 0.218284 0.2442553 0.2603298 0.3284903 0.3034048 0.2419283 0.2088701 0.198645 0.2016719 0.1858894 0.1723676 0.1737013 0.1705455 0.2165944 0.2446732 0.2380186 0.2130042 0.1353357 0.1110147 0.09282369 0.07236524 0.03470989 0.03618877 0.02593239 0.01224642 0.0221571 0.03356088 0.04973577 0.06301251 0.0583557 0.08940291 0.1195302 0.1538814 0.1140802 
0.4118246 0.3308539 0.2359318 0.2169021 0.1534633 0.1477451 0.1521248 0.1780293 0.166603 0.1351238 0.1250376 0.1050964 0.1301523 0.1184274 0.1251488 0.1893048 0.2250478 0.2190078 0.2088802 0.1905326 0.2087498 0.2157684 0.2423434 0.2317076 0.2375246 0.2808587 0.2857097 0.245905 0.2234369 0.1993453 0.1938328 0.1928073 0.1907666 0.1994603 0.2048728 0.2798452 0.2737409 0.2346168 0.2129213 0.147426 0.1296204 0.1097671 0.08076467 0.03727159 0.0264234 0.02790487 0.01609782 0.02712965 0.05785843 0.065019 0.07385242 0.07280908 0.1226742 0.1500009 0.1530914 0.09540679 
0.4323653 0.3342581 0.2401428 0.235445 0.1478992 0.1384328 0.1440314 0.1743554 0.1426669 0.1245448 0.1189362 0.1052121 0.1152324 0.1485706 0.1402948 0.1801161 0.1942768 0.2590953 0.2518932 0.2153033 0.1795457 0.2087271 0.2235475 0.2051277 0.2378289 0.2176931 0.2276187 0.2155534 0.1974432 0.1934001 0.1783103 0.1829349 0.202195 0.2522563 0.2333075 0.2726013 0.2903251 0.2417458 0.2113559 0.1592667 0.1349272 0.09608755 0.07855851 0.056439 0.02886523 0.02410071 0.02845283 0.06807843 0.09063404 0.09428438 0.1073925 0.1329257 0.2037791 0.2218693 0.1953327 0.1251315 
0.4232244 0.3627127 0.2623177 0.2394719 0.2148523 0.1650877 0.1425008 0.1522524 0.1277986 0.1453048 0.1201524 0.1207176 0.1227665 0.117633 0.1306793 0.1699594 0.1748759 0.1965488 0.1922343 0.2180531 0.2048276 0.147852 0.1542097 0.1530315 0.2535402 0.2265549 0.200285 0.1845776 0.1810264 0.1835337 0.1827198 0.2024832 0.21785 0.2783348 0.2746754 0.2571113 0.2442937 0.1903851 0.164643 0.1212143 0.1015835 0.07424389 0.07563043 0.07030275 0.06396117 0.05399048 0.07795268 0.1133025 0.1935204 0.2548811 0.238178 0.2194597 0.3173949 0.3583297 0.3080221 0.2077411 
0.3105623 0.2961093 0.2167969 0.2181565 0.2002491 0.1926896 0.1661064 0.142391 0.1178599 0.1436038 0.1262623 0.114443 0.1030921 0.1046468 0.1203759 0.170357 0.1935367 0.1777563 0.1287296 0.1309568 0.1340946 0.1582489 0.1485717 0.1699046 0.2172349 0.2257463 0.2414567 0.2126812 0.1909123 0.1921683 0.2006016 0.1936142 0.1897938 0.2249603 0.229299 0.2264164 0.2062265 0.1829076 0.1562259 0.1041003 0.08230865 0.07054762 0.06862701 0.07472087 0.05905177 0.05447985 0.08617213 0.1355134 0.1845515 0.2817603 0.3169054 0.229112 0.3370688 0.4361904 0.3984025 0.2749176 
0.2627314 0.2401911 0.1852678 0.1622403 0.1653541 0.1584217 0.1507563 0.148829 0.1204748 0.1275519 0.1231841 0.1200813 0.1004748 0.1051471 0.108346 0.1167412 0.1299177 0.1553594 0.1153684 0.1097063 0.1315157 0.1372135 0.1556237 0.1851294 0.2721281 0.2680897 0.2129287 0.2090991 0.2255655 0.2293871 0.2450247 0.2212483 0.1804667 0.204982 0.216835 0.1924118 0.1740221 0.1533844 0.139598 0.1224589 0.09899764 0.07078411 0.06820554 0.05788813 0.05307937 0.06595268 0.07933104 0.1495278 0.2200204 0.3042475 0.3432633 0.319452 0.2961281 0.453521 0.4100077 0.141371 
0.181798 0.1487857 0.1319588 0.1235866 0.1470935 0.1460427 0.1171438 0.1304281 0.1484896 0.1271533 0.1118563 0.1152961 0.1008737 0.09861761 0.1069605 0.1128767 0.1135106 0.1436045 0.1214119 0.1163344 0.1327008 0.1447355 0.1779012 0.2056242 0.2214561 0.2169455 0.2038039 0.2019674 0.2129 0.2338185 0.2345612 0.2155017 0.1829461 0.1680698 0.1773596 0.1560207 0.150961 0.12866 0.1199213 0.1202425 0.08692291 0.07074281 0.06593963 0.06535917 0.06624751 0.0903741 0.1141118 0.1627558 0.2359096 0.2796125 0.3977712 0.4238316 0.4019502 0.381756 0.2490337 0.2447178 
0.2190701 0.1648247 0.08554837 0.1175378 0.1226412 0.1121256 0.1064051 0.1203764 0.1438956 0.1445056 0.1431117 0.1251976 0.1171199 0.1138737 0.09596699 0.09427912 0.09415271 0.08757367 0.1189063 0.1336834 0.1435159 0.1448081 0.1512873 0.1859746 0.194623 0.2014196 0.2179446 0.2589163 0.2219451 0.2673859 0.2955319 0.1939695 0.1378773 0.1299937 0.1730947 0.1325846 0.09911249 0.08797346 0.09534299 0.09557741 0.06664809 0.05725422 0.05876289 0.08786828 0.08632849 0.1130132 0.1306509 0.1610491 0.2835391 0.351778 0.4084872 0.3649031 0.2869787 0.251158 0.2802212 0.1750403 
0.2792072 0.1524085 0.07393286 0.09484369 0.09262905 0.1119312 0.1204786 0.1344832 0.1468671 0.1569604 0.1534609 0.1431998 0.1185574 0.1025366 0.08929293 0.08826602 0.1005032 0.07919434 0.1060408 0.1367399 0.1178529 0.1588971 0.1537997 0.1930749 0.1937632 0.1711509 0.1878216 0.2703466 0.233691 0.245254 0.223958 0.1743077 0.1309559 0.1136089 0.1435578 0.08993834 0.06509447 0.06296214 0.05761611 0.06111256 0.04544526 0.04756605 0.05508533 0.07981208 0.09830876 0.1347251 0.1603168 0.2039914 0.2745433 0.3440073 0.4204046 0.3283369 0.2606592 0.2977638 0.3176811 0.1971371 
0.2699605 0.1540014 0.07180316 0.106412 0.1227442 0.1101491 0.113793 0.1442596 0.1409171 0.1336493 0.1364496 0.118512 0.1152889 0.1052096 0.09207278 0.08173129 0.09554479 0.1022978 0.1392941 0.2206791 0.1922352 0.1434866 0.1139486 0.1457665 0.1331107 0.1594881 0.1999412 0.2303556 0.2222499 0.1738456 0.1560539 0.1368204 0.1118613 0.09389497 0.06131122 0.06198256 0.0496423 0.0421354 0.05280926 0.04152837 0.03892623 0.04962805 0.05559732 0.08279545 0.1026836 0.146655 0.1715443 0.2184058 0.2457575 0.3240364 0.3763172 0.2478357 0.2702632 0.3554202 0.3483525 0.2218548 
0.2703143 0.1775742 0.08267479 0.09825628 0.1387727 0.1249475 0.09874789 0.1059834 0.112664 0.1502346 0.1369431 0.1120886 0.1104548 0.1044907 0.09718086 0.08877266 0.09254898 0.1248611 0.1422932 0.1834883 0.1193942 0.161375 0.1070663 0.1277157 0.1663495 0.2321695 0.2465548 0.1984152 0.1577295 0.1447968 0.1317317 0.102138 0.0816945 0.07657047 0.05008949 0.05793765 0.1406666 0.0469771 0.04338541 0.0398738 0.05439547 0.0553496 0.05694103 0.0855535 0.1009601 0.1316562 0.1867765 0.2277198 0.2596992 0.2921957 0.3849092 0.2730457 0.3311937 0.3419909 0.3004974 0.2189919 
0.1914144 0.1830775 0.1021613 0.08116831 0.07486017 0.08098299 0.07461477 0.08094418 0.1020605 0.1163751 0.1065269 0.09045544 0.1084282 0.080197 0.08569232 0.08843218 0.1318654 0.1667452 0.1038879 0.1210816 0.1135645 0.1129199 0.08821256 0.1342609 0.2465087 0.2857445 0.1772722 0.1472494 0.1670032 0.1031276 0.1244067 0.07201014 0.04278144 0.04929832 0.03148309 0.05425721 0.235293 0.05205791 0.04127746 0.05408815 0.06572905 0.070922 0.07244249 0.09429359 0.1194599 0.1563868 0.1812469 0.2220402 0.2580417 0.3537464 0.2876879 0.2946774 0.2723387 0.2581048 0.2139516 0.2260081 
0.1729041 0.1718148 0.1169411 0.06222568 0.05314204 0.07526916 0.05739106 0.07450412 0.08310586 0.09066214 0.1019576 0.1214249 0.1138702 0.07428969 0.08487979 0.09445156 0.09845831 0.1149064 0.07834858 0.09235229 0.07386962 0.06585323 0.05162457 0.09846731 0.1215701 0.1382748 0.08702919 0.1101433 0.1029532 0.06913178 0.04194406 0.0527465 0.03352743 0.02502794 0.02909217 0.03464415 0.03127523 0.03196857 0.03951414 0.05604345 0.06419694 0.06852435 0.07468649 0.0942945 0.1172341 0.1511822 0.1541185 0.1933051 0.2190107 0.2235245 0.2833208 0.2942742 0.357621 0.2831049 0.2175403 0.2209678 
0.1677275 0.1375381 0.09048469 0.05800554 0.04340064 0.05263635 0.04139055 0.05483757 0.06265603 0.07727701 0.08333823 0.1089605 0.08552666 0.07495151 0.07942294 0.0857609 0.1085019 0.09782292 0.1021361 0.09532024 0.05539192 0.05529613 0.0563339 0.100021 0.06892379 0.06357034 0.05643967 0.08978533 0.1014012 0.05085815 0.04494365 0.03788895 0.0313005 0.02885284 0.03788141 0.04018593 0.03632848 0.03208653 0.0361786 0.04886483 0.05853619 0.06674902 0.07706392 0.09843142 0.1170657 0.1599862 0.1437756 0.1710345 0.2137224 0.2013861 0.2268114 0.2709677 0.3384274 0.2656855 0.2192742 0.2281452 
0.1374498 0.09973788 0.06576408 0.03996872 0.05157294 0.04421388 0.0305407 0.03516586 0.04608744 0.05478978 0.06873909 0.06268704 0.06606031 0.07826149 0.06837618 0.07179373 0.07461653 0.07179127 0.08448673 0.07075085 0.07936231 0.08162107 0.09326266 0.07336497 0.04889167 0.050426 0.07353096 0.08927319 0.1546056 0.07123981 0.04481944 0.0351118 0.02688142 0.02867658 0.02808149 0.02831497 0.02728695 0.03323783 0.04483423 0.05753497 0.06132747 0.06753217 0.08059158 0.09947925 0.1157579 0.1558307 0.1735716 0.1917555 0.1643831 0.2001345 0.2261098 0.2323387 0.2768549 0.2391129 0.2493951 0.2853629 
0.09817207 0.07855464 0.03995761 0.02270399 0.02846385 0.03007445 0.03070117 0.03377175 0.03246501 0.03612066 0.04886861 0.05688779 0.06023954 0.06625646 0.06671284 0.07414791 0.1001767 0.06598982 0.085481 0.103167 0.1215624 0.1298692 0.1064024 0.1170258 0.1384796 0.1253263 0.1905549 0.2238522 0.1499989 0.04079175 0.04281398 0.03970348 0.0387557 0.02200633 0.01443076 0.02376758 0.02731022 0.03293883 0.0442784 0.05652323 0.0655927 0.07534947 0.0904635 0.1012003 0.1235438 0.1286875 0.1923837 0.0619758 0.1219758 0.1566129 0.2454032 0.1932258 0.2339516 0.2627016 0.29375 0.253629 
0.04113078 0.05593128 0.03691973 0.02099559 0.0312764 0.01984314 0.01625308 0.02490506 0.03178662 0.02924317 0.0355015 0.05558739 0.06074701 0.08871997 0.08512783 0.1342712 0.07286426 0.08633858 0.107977 0.143915 0.160194 0.1416986 0.09723728 0.1143053 0.1160312 0.1311526 0.1719631 0.1731403 0.09296516 0.0423885 0.06281538 0.02037982 0.01609709 0.01029828 0.01294426 0.02333694 0.02882927 0.03473482 0.04541537 0.05642707 0.06463131 0.07889538 0.09388675 0.1050866 0.1288857 0.1457695 0.2125698 0.1207258 0.1350403 0.1925 0.2318145 0.2168952 0.265121 0.2640322 0.3281855 0.2525 
0.02570798 0.02518201 0.01532013 0.01649522 0.02386968 0.02302183 0.01944313 0.02910019 0.02121376 0.02226418 0.03607295 0.05360212 0.05608311 0.1001758 0.08730864 0.1105421 0.0798388 0.09907001 0.1109734 0.124716 0.1276073 0.1339899 0.08935425 0.09272978 0.1246663 0.1164413 0.09827314 0.08311512 0.05696299 0.008602791 0.0226848 0.01619983 0.00824271 0.01078475 0.0114411 0.029094 0.03287637 0.03293927 0.03876721 0.06505597 0.06757926 0.06869501 0.08930805 0.1017551 0.1163853 0.1511295 0.1893468 0.08064516 0.1322984 0.2414113 0.2833064 0.2201613 0.2301613 0.2889113 0.4035484 0.2540323 
0.01865046 0.02221864 0.032613 0.01697511 0.02444361 0.01960855 0.02256558 0.03691805 0.04869305 0.07184414 0.04118853 0.04420293 0.05552725 0.08363141 0.06661034 0.08407501 0.1045808 0.09286494 0.09446439 0.1125301 0.1078801 0.09910898 0.09098779 0.110494 0.1129908 0.09128904 0.08990938 0.07643675 0.04893056 0.03148558 0.02796512 0.009052049 0.01062335 0.008745754 0.0102281 0.02216413 0.02548327 0.02947468 0.03415597 0.04700071 0.05472292 0.0857764 0.1128107 0.09926061 0.1024484 0.1219039 0.1044896 0.05431452 0.1202419 0.2383064 0.2565322 0.2175 0.2174193 0.3540726 0.3521371 0.2643548 
0.01457261 0.01711063 0.03492644 0.03365465 0.04246692 0.02736681 0.04517106 0.09026449 0.09126656 0.09083512 0.06504519 0.07533907 0.07915317 0.1016574 0.1196001 0.1239261 0.1140029 0.1060665 0.1023121 0.1119984 0.09163007 0.06986001 0.06151182 0.06345832 0.09276933 0.06870609 0.05168966 0.0161742 0.015482 0.02570681 0.01204654 0.007351128 0.007814622 0.00924148 0.01156914 0.01143896 0.01493281 0.01592819 0.02451677 0.04189706 0.05794587 0.08431014 0.1028126 0.08646556 0.09433103 0.1565863 0.08021133 0.04370967 0.1275 0.1790323 0.1988306 0.1725403 0.1753629 0.2041532 0.309879 0.2727016 
0.01486765 0.01633313 0.02069041 0.02621553 0.03480269 0.05127087 0.0592359 0.06581339 0.08072414 0.05984589 0.05619996 0.07535367 0.07190425 0.08123686 0.1041359 0.09501007 0.1002025 0.1022928 0.1015733 0.09997212 0.07602348 0.07325587 0.07263754 0.08245622 0.08871138 0.04631974 0.0294917 0.01330312 0.00399268 0.02194824 0.01054432 0.008458481 0.006517359 0.007947202 0.01021163 0.01022748 0.01205972 0.0145929 0.0177027 0.03556504 0.04446741 0.1161791 0.1062176 0.08764718 0.1048708 0.1286698 0.07855516 0.0639516 0.1175806 0.1744355 0.2184677 0.1549597 0.1741935 0.2193145 0.1975807 0.2670161 
0.03065364 0.02207054 0.02268533 0.03182927 0.04612692 0.0431813 0.03969609 0.07595026 0.1419022 0.1060959 0.07539503 0.05657462 0.06129498 0.07782882 0.09933268 0.08301013 0.07589068 0.078224 0.1058493 0.07934577 0.083167 0.07230192 0.09956051 0.1024947 0.09684962 0.0737873 0.02072031 0.01234077 0.007634008 0.0126875 0.008172996 0.01029228 0.005929452 0.007199855 0.01185048 0.00948457 0.01513918 0.01744737 0.01554649 0.03340476 0.04004701 0.09103636 0.07524582 0.07109519 0.0823739 0.1206869 0.0817959 0.06862903 0.1330645 0.149879 0.1671371 0.126371 0.1569758 0.1511693 0.1658871 0.2140726 
