ncols         56
nrows         54
xllcorner     28.264
yllcorner     -5.7719999999999
cellsize      0.25
NODATA_value  -9999
0.001176183 0.0008093566 0.0006865218 0.0004247229 0.0003168992 0.0002943579 0.01137072 0.01801407 0.0001429679 0.0001338671 0.0001338697 0.0001478824 0.0001485579 0.0001478012 0.0001428687 0.0001823077 0.0001770714 0.0001680834 0.003834964 0.01194244 0.0125493 0.003039253 0.0008480382 0.002509089 0.003052021 0.002448069 0.005513935 0.004890193 0.01019835 0.008542647 0.009889163 0.01573829 0.01239087 0.01400317 0.02301071 0.03388821 0.04370985 0.03696408 0.06372084 0.03495776 0.01264952 0.02408069 0.003095165 0.01094311 0.05427262 0.02150907 0.007228537 0.003734905 0.0005329663 0.004520804 0.001362345 0.00743883 0.02268298 0.004398994 0.001113631 0.0004462994 
0.001164628 0.0009217451 0.0007937795 0.0005073767 0.0003973299 0.0003280728 0.02324879 0.02935797 0.0001896151 0.0005335038 0.0001755495 0.001475318 0.001054645 0.0002575018 0.0001867779 0.002508263 0.0005110478 0.0002208134 0.006580542 0.00737163 0.01248616 0.01418782 0.01759284 0.007291456 0.004774777 0.005152952 0.02218721 0.01214765 0.01446724 0.00984263 0.01252634 0.01668022 0.02284374 0.03354087 0.06024653 0.08355692 0.05977583 0.03647177 0.03065691 0.02091895 0.01213562 0.01706151 0.01480788 0.02263632 0.02446593 0.01156358 0.005240364 0.004152963 0.0005164031 0.006830143 0.001680121 0.01048651 0.004826682 0.007755482 0.0006550194 0.0004250148 
0.001205157 0.0009814014 0.0008672122 0.0005765016 0.0004839135 0.0004158166 0.00037979 0.0002742264 0.0008891476 0.0008337727 0.001106141 0.002958427 0.001932823 0.0002387816 0.0002568113 0.0003218495 0.000581315 0.0002857497 0.004914471 0.01616911 0.02583183 0.01361519 0.01728366 0.008937503 0.001985047 0.00305165 0.006442097 0.01111299 0.008633687 0.01191256 0.01166289 0.01932093 0.02192916 0.03475702 0.06018746 0.06229942 0.04815632 0.03532223 0.02904493 0.02176453 0.02482494 0.04479939 0.07177094 0.05311709 0.04122526 0.01210578 0.01846079 0.008538581 0.004814362 0.01772984 0.0004879562 0.0006910576 0.0006773316 0.0006460319 0.0009633094 0.0003822024 
0.03073811 0.01291492 0.01265823 0.0005893637 0.0005170061 0.001261859 0.0008252641 0.003307541 0.002770618 0.0002080159 0.0002045314 0.002113507 0.002164848 0.001948764 0.001566175 0.0004055256 0.0003991827 0.00198119 0.003088078 0.01262489 0.01431436 0.008926955 0.002504935 0.002249139 0.002651483 0.01186051 0.02446815 0.02413048 0.008326598 0.01671164 0.0158702 0.01787443 0.0202929 0.02298148 0.03673064 0.04341761 0.03697967 0.03886408 0.02808404 0.03140448 0.04106844 0.05647454 0.0604961 0.06183123 0.03835675 0.03523961 0.08582825 0.007626506 0.02019981 0.009356333 0.0007050377 0.0007915728 0.0007592496 0.0007146714 0.0009529982 0.001944852 
0.04677827 0.02161824 0.01204786 0.0006474557 0.0005884369 0.001254022 0.001067694 0.002421727 0.0006689117 0.0002434522 0.0009768755 0.001285985 0.0002406232 0.001063867 0.001528901 0.002643605 0.003045097 0.004124096 0.004288903 0.01450169 0.0133804 0.01847631 0.01824789 0.01242011 0.02552764 0.01878252 0.02794179 0.0150659 0.007171211 0.01840722 0.01370489 0.02218863 0.02075755 0.01332995 0.02630884 0.03345186 0.03679859 0.03460669 0.01674797 0.02259922 0.05144535 0.05586663 0.05835057 0.05133379 0.02852515 0.02815656 0.03835816 0.01594208 0.00992142 0.001410373 0.0006521593 0.0007121799 0.0006589348 0.0008876498 0.001330218 0.0004582409 
0.08300491 0.01445536 0.0007496892 0.000717886 0.0006254083 0.001668913 0.002006103 0.0006704399 0.0002857547 0.002027537 0.002089242 0.001094682 0.002259763 0.0003222965 0.001474758 0.003223825 0.003917255 0.01803685 0.01039377 0.003112933 0.009633281 0.007370959 0.008494071 0.01253678 0.01359755 0.01416591 0.02013106 0.01435999 0.008735244 0.02594476 0.03339731 0.02870186 0.02899435 0.02952331 0.02327655 0.02465753 0.02460701 0.01016452 0.006760604 0.0103323 0.03254489 0.02513066 0.01945079 0.02636479 0.01352781 0.009572863 0.02086263 0.02210889 0.001416101 0.004433619 0.0006235825 0.01054462 0.0008477976 0.0005380606 0.0007693456 0.0004056025 
0.009699824 0.06932036 0.02419749 0.0006840067 0.0006344558 0.000588017 0.001771258 0.0003269604 0.001100417 0.003704126 0.0003014118 0.0002832438 0.001965838 0.005457823 0.004901935 0.005379582 0.009617672 0.01341663 0.007557638 0.002957751 0.004605634 0.0003782168 0.0007509094 0.005915829 0.01357605 0.01860348 0.02186662 0.01294688 0.009027507 0.01421146 0.03396169 0.0228132 0.0315012 0.06951463 0.02130411 0.01219259 0.01168756 0.01281408 0.007447696 0.02008215 0.01463133 0.01117628 0.008474452 0.007986385 0.01645677 0.01031649 0.02237279 0.01353345 0.00795301 0.003221419 0.0006187639 0.0006374859 0.0005540641 0.0004934624 0.01062553 0.0008774492 
0.07154357 0.08844176 0.01777037 0.003092668 0.0004221426 0.0003936478 0.001476231 0.005157173 0.0059424 0.006749346 0.0045389 0.005883569 0.009133008 0.01121625 0.01068644 0.01262487 0.0133466 0.01153495 0.01406821 0.01124981 0.01599112 0.008067007 0.01449368 0.01653734 0.01531013 0.02832054 0.01819551 0.01454725 0.01268456 0.01464492 0.0275519 0.01464541 0.01484846 0.0366235 0.017432 0.01312298 0.01177662 0.01969054 0.02051477 0.01870579 0.02070887 0.01955213 0.009252399 0.01716096 0.01864407 0.01501741 0.01585573 0.00742366 0.004175371 0.0004340741 0.0003846225 0.006654003 0.0001662937 0.000143861 0.0006585952 0.0006154062 
0.03572405 0.09146509 0.02469464 0.002800294 0.0004279566 0.0004052036 0.0006062165 0.005195558 0.004974482 0.005418133 0.006438369 0.008143694 0.006662374 0.005231248 0.004878668 0.01047147 0.007056438 0.005822873 0.01532907 0.01658377 0.01442893 0.01525589 0.02554549 0.01851909 0.01351925 0.01383678 0.01028892 0.01623615 0.0275901 0.02742163 0.03354606 0.02041919 0.01069438 0.02557233 0.03234223 0.01519188 0.01210457 0.01525242 0.01957734 0.01621438 0.01985993 0.01597542 0.01563477 0.01873013 0.01149428 0.01466473 0.01082248 0.01700691 0.009982141 0.0004385579 0.0003816073 0.000191532 0.0001549726 0.0001298016 0.0004136997 0.00191671 
0.03974097 0.03900899 0.03323049 0.006270041 0.004430834 0.001975151 0.0003900306 0.005311223 0.005883463 0.007398759 0.005175469 0.005747617 0.005825708 0.00503226 0.005012054 0.01090058 0.01031483 0.01187811 0.01655238 0.01039533 0.01667155 0.01905916 0.02868297 0.02645988 0.01526155 0.004236527 0.008337229 0.01401129 0.01543022 0.01331878 0.01451765 0.009940364 0.01036658 0.009393563 0.01290396 0.01533206 0.01120739 0.006414133 0.008251077 0.02340078 0.01673477 0.02648168 0.02296301 0.01687589 0.01749739 0.01298644 0.00949811 0.005317514 0.002164178 0.004848282 0.0003833819 0.0001899318 0.0001504903 0.0001230263 0.0001098458 0.0001463253 
0.04979941 0.02357418 0.0454026 0.02361453 0.006513518 0.003008323 0.001021993 0.006139247 0.007080794 0.008578943 0.00546318 0.006292229 0.007806571 0.005105826 0.005351072 0.01104018 0.01134938 0.01004964 0.01069575 0.01214772 0.01530292 0.006934901 0.01036452 0.00986683 0.0139103 0.01646894 0.01199755 0.006442527 0.008349386 0.008874387 0.004609014 0.004021457 0.01337369 0.02145709 0.0257154 0.02250171 0.02382095 0.02082786 0.02019635 0.02257552 0.01574818 0.01253675 0.01999536 0.01810424 0.01858247 0.02534108 0.01089829 0.004606309 0.001351534 0.003946308 0.002751165 0.0002357273 0.0002447046 0.0001249486 0.0001110464 9.970985e-005 
0.06225577 0.02328323 0.03350928 0.02639639 0.007751139 0.00244092 0.001124572 0.006065 0.006309571 0.005931318 0.005374718 0.005642932 0.0072279 0.005405976 0.0044328 0.008449964 0.007140254 0.005421842 0.004809492 0.001960712 0.007145748 0.020978 0.01624993 0.01243078 0.01209336 0.007283082 0.00526304 0.001754361 0.005491883 0.002221579 0.004688395 0.006114853 0.0113646 0.02013743 0.02250701 0.04565706 0.06159981 0.03828184 0.04551282 0.03737481 0.03036273 0.03307609 0.03841528 0.03294145 0.01885835 0.01576868 0.02157509 0.0154279 0.008184762 0.007010397 0.008159109 0.003329132 0.002416237 0.001971605 0.001752084 0.001554393 
0.02905634 0.02106184 0.02306139 0.01141782 0.006568452 0.007428857 0.002349312 0.005929599 0.005524357 0.006424777 0.006194043 0.006912499 0.005374806 0.004529362 0.005178262 0.006437177 0.005965869 0.004261645 0.003996438 0.0003807084 0.005725032 0.01841605 0.03991295 0.01702436 0.007695329 0.0006827303 0.00335191 0 0.003226796 0 0.00146136 0.004353917 0.008250238 0.01535085 0.01323858 0.03204696 0.03003488 0.02421749 0.02027934 0.02579231 0.02971752 0.03758296 0.03262122 0.02543814 0.01484169 0.01330296 0.03049784 0.02636597 0.01204574 0.007087734 0.006851508 0.003126165 0.002462905 0.002004082 0.001767099 0.001485332 
0.01429307 0.02648566 0.01937313 0.009710405 0.01068199 0.00489495 0.001463014 0.00585005 0.005256778 0.00620006 0.007859129 0.008058179 0.009299885 0.008056366 0.007732886 0.00929289 0.006984839 0.007082064 0.009860221 0.009979638 0.01829545 0.01434662 0.06127878 0.006319449 0.005250456 0.0006226622 0.0004414401 0.001427714 0 0.001572217 0.00483191 0.0009688849 0.003643855 0.00896341 0.01243053 0.02595047 0.03544775 0.04567966 0.01764196 0.0101048 0.01570567 0.02935004 0.01715573 0.02023388 0.02119711 0.01878373 0.01844691 0.01201262 0.008223282 0.007533282 0.006181987 0.003110305 0.002447466 0.001988315 0.001764759 0.001484478 
0.03537679 0.03723118 0.03258794 0.01420711 0.008871857 0.003419231 0.004677969 0.005839579 0.006746097 0.007205772 0.007933069 0.01230808 0.01606084 0.009927735 0.03154005 0.006176027 0.009403409 0.00834415 0.06933323 0.09023792 0.04845355 0.01249853 0.03988064 0.01261043 0.008260647 0.00354625 0.0004207985 0 0 0 0 0.002145779 0.006466434 0.004011432 0.01071836 0.02926913 0.02488679 0.02192885 0.01274356 0.01292711 0.01291397 0.02602233 0.02106374 0.02694601 0.0227455 0.0199018 0.0090695 0.01062242 0.008742082 0.007105878 0.005895704 0.003026993 0.002408136 0.001932396 0.001733393 0.001523307 
0.02798173 0.01645962 0.009957297 0.01067987 0.004151959 0.003019447 0.01026762 0.009075204 0.00762647 0.007199742 0.01042606 0.01247482 0.01173189 0.01220111 0.01811709 0.01124569 0.008488253 0.01857904 0.05275594 0.01912949 0.04031364 0.002482526 0.001660066 0.001440149 0.000698464 0.0006869434 0.0002983276 2.830455e-006 9.658673e-007 1.779153e-006 5.25424e-006 0.002401097 0.004614739 0.004212794 0.007909955 0.02143677 0.01988078 0.0145898 0.007250838 0.01419795 0.01877431 0.02103361 0.02325196 0.03882441 0.02806892 0.02610276 0.0203737 0.01280458 0.008123394 0.006890229 0.005886506 0.002886759 0.002258397 0.001845051 0.001673996 0.001600066 
0.03512274 0.01638473 0.009227375 0.007580016 0.00349228 0.01150659 0.01266416 0.01860623 0.008916151 0.009362939 0.008476297 0.02857794 0.01232312 0.01258688 0.01050266 0.006093626 0.009311653 0.02470271 0.04091956 0.02818831 0.01171841 0.01178372 0.002087583 0.0009036786 0.0009019999 0.0003800886 0.0002732463 2.691282e-006 9.271344e-007 1.605978e-006 4.714065e-006 0.0009104608 0.001260004 0.001936523 0.002910013 0.00452115 0.007764262 0.01224714 0.006291438 0.01166565 0.01428429 0.02684718 0.03393905 0.03468485 0.02767146 0.03407524 0.03016994 0.01350502 0.008466075 0.006709727 0.005730102 0.002799662 0.002177934 0.001789076 0.001640316 0.001591578 
0.02644924 0.01604849 0.004362583 0.002489379 0.006319152 0.01360436 0.02337308 0.02536285 0.01292109 0.01054128 0.01166712 0.01885829 0.01159447 0.009555351 0.008432072 0.01447808 0.01296939 0.03311966 0.03634701 0.04461213 0.0287981 0.00855027 0.004995781 0.002910634 0.001005213 0.0006605014 0.0004882682 5.996518e-006 3.972428e-006 4.171578e-006 6.639398e-006 0.001051716 0.001327899 0.001897907 0.002735293 0.003334322 0.004063692 0.004896175 0.00578504 0.01070859 0.01217621 0.01426599 0.03040846 0.05977127 0.0452667 0.0495062 0.05603925 0.03118185 0.02488535 0.01463029 0.00533877 0.002616951 0.002043299 0.001688048 0.001573823 0.001554564 
0.03351998 0.02899145 0.01228255 0.01606745 0.01107109 0.02284326 0.03251264 0.02456373 0.01426755 0.01013518 0.008152652 0.03539906 0.0154116 0.01065094 0.008360143 0.01719055 0.03414848 0.06483397 0.07680388 0.0465058 0.03948598 0.007560997 0.006285321 0.001610661 0.00130196 0.00248505 0.001580559 2.419925e-005 1.007284e-005 9.444833e-006 1.100198e-005 0.001438279 0.001628359 0.002022093 0.002680251 0.003123979 0.003693822 0.004377014 0.005150217 0.009496803 0.01077214 0.01455413 0.02431 0.02860649 0.03174579 0.03982786 0.0409985 0.03919547 0.03035637 0.01761877 0.004712624 0.01667552 0.02501496 0.001555352 0.001468946 0.001478559 
0.01788593 0.04537217 0.01311873 0.02806083 0.02551732 0.02195808 0.0347425 0.02890733 0.01480861 0.01606811 0.009477995 0.00976326 0.04771314 0.01595904 0.02054273 0.01226141 0.01532194 0.02194182 0.02884464 0.03026814 0.01753894 0.008197612 0.0009941169 0.005104641 0.004382906 0.003808311 0.003345642 0.002527839 0.00212213 0.001936803 0.00201602 0.002242171 0.002322433 0.00264994 0.003237233 0.002333202 0.002811864 0.003115908 0.003649547 0.007185208 0.00808794 0.008560921 0.01625285 0.01951148 0.01133277 0.01942024 0.01782262 0.01629488 0.01308682 0.009073288 0.00439993 0.003003831 0.002412636 0.002082072 0.002004521 0.003344352 
0.0176025 0.04136655 0.02962024 0.03436685 0.03058366 0.03077189 0.02044041 0.02962189 0.01569714 0.01203968 0.006677091 0.004116254 0.01166006 0.01830123 0.01481958 0.008111276 0.0126311 0.0138754 0.01162971 0.01278293 0.02837669 0.01676307 0.01329548 0.009170315 0.007168283 0.007864589 0.004356699 0.003405383 0.002891449 0.002612674 0.002569017 0.002707276 0.002658957 0.002808567 0.003163132 0.002167553 0.003162052 0.002681093 0.003120536 0.006096689 0.006825314 0.00721561 0.007248819 0.007713845 0.00773884 0.007363855 0.006497545 0.007401635 0.005687714 0.01956875 0.007647101 0.006894245 0.002399306 0.008040352 0.01482117 0.008250047 
0.04323828 0.06176759 0.03691774 0.03923568 0.04243568 0.03932787 0.02237194 0.01809305 0.01221125 0.01151081 0.006972491 0.0050951 0.002979134 0.007696775 0.008752126 0.01012894 0.01357735 0.02057477 0.0181932 0.03341712 0.05937285 0.03528141 0.04331438 0.02076082 0.01424696 0.007260162 0.005859961 0.004710869 0.004006797 0.003681645 0.003607424 0.003782252 0.00370502 0.003754139 0.003993183 0.002574753 0.002703181 0.002948982 0.003177929 0.005954178 0.006415662 0.006616677 0.006487376 0.006739288 0.006619635 0.006180815 0.005440894 0.004974523 0.005105844 0.02194828 0.02027134 0.00391471 0.002206894 0.002593303 0.0144305 0.01158287 
0.05691544 0.1258695 0.04715847 0.05355831 0.04649808 0.03921241 0.02741352 0.03159937 0.02618361 0.009877186 0.004925757 0.01076214 0.008644401 0.01517237 0.008955503 0.01662437 0.0172256 0.02917453 0.04177571 0.03983712 0.05955624 0.03375391 0.03114588 0.0268732 0.02052334 0.01497995 0.009926339 0.006212556 0.00594259 0.005300221 0.005050679 0.005488842 0.005368128 0.005451054 0.005675775 0.003571143 0.003681589 0.003780995 0.003846418 0.006793282 0.00690175 0.006780745 0.006352004 0.00628758 0.005846915 0.005296067 0.004604539 0.004855015 0.003792604 0.003275675 0.002659976 0.002372701 0.002106931 0.006720951 0.00682397 0.001265786 
0.06943435 0.1012954 0.07790737 0.07298746 0.06170964 0.03159835 0.02958492 0.03866945 0.02877167 0.007517388 0.00153826 0.007385646 0.01878562 0.02033002 0.01641568 0.0314518 0.01945852 0.02104441 0.007125165 0.03003864 0.04174621 0.0303289 0.0250751 0.03351269 0.02867177 0.01822051 0.01361862 0.01149277 0.01041916 0.009883863 0.009379965 0.01073255 0.01072635 0.01087308 0.01118962 0.008492691 0.008549397 0.008517194 0.008291257 0.007710755 0.007494326 0.007044497 0.006320032 0.003165252 0.002753557 0.002385042 0.002043474 0.001972261 0.001374183 0.0009374588 0.001994371 0.00365963 0.001807568 0.002178415 0.001205938 0.006743676 
0.07252758 0.1129428 0.09116618 0.0612751 0.0716661 0.04546569 0.0319849 0.05271079 0.01310692 0.003277073 0.003138142 0.009715479 0.01758882 0.02094486 0.02439545 0.02092273 0.01302154 0.01052292 0.01240794 0.02269625 0.01273127 0.008607462 0.02375918 0.03882865 0.02926393 0.02079919 0.01686842 0.01604457 0.01652192 0.01321106 0.01206914 0.0131923 0.01321736 0.01339579 0.01367661 0.01006736 0.01026273 0.01004134 0.009491667 0.008513135 0.00795852 0.007193909 0.006173097 0.002907319 0.002321056 0.001872595 0.00157241 0.0009721217 0.0008183873 0.00103565 0.005095391 0.006344172 0.001712543 0.001902549 0.001152857 0.0001314717 
0.05094512 0.03249722 0.05094993 0.03656599 0.04396737 0.02961885 0.03460897 0.03032347 0.009996505 0.001975761 0.005002882 0.01593771 0.02248866 0.02742601 0.02725784 0.04183635 0.04152369 0.02240523 0.01887196 0.02746525 0.02771585 0.02348785 0.03906222 0.02920727 0.03177022 0.03349164 0.02196019 0.01991774 0.04018177 0.03453858 0.01793376 0.01621148 0.01634925 0.01684625 0.01694572 0.01244223 0.01268406 0.01231405 0.01145693 0.01006762 0.009234508 0.008160925 0.006777345 0.003047528 0.002664843 0.002139942 0.002503928 0.00283339 0.002890303 0.00552472 0.0117069 0.00772704 0.001733763 0.005331489 0.005262551 0.0001199535 
0.04919221 0.06749023 0.04094823 0.03773059 0.05818519 0.03232205 0.03919246 0.0206981 0.003434533 0.004620405 0.005327178 0.02248636 0.02314178 0.01891609 0.02592461 0.0457124 0.07085188 0.05212386 0.02751435 0.03209351 0.0420158 0.04929826 0.08134757 0.05026233 0.03203721 0.0335139 0.02253593 0.02176437 0.03802798 0.04125316 0.02042897 0.01925352 0.02458379 0.0221174 0.0209797 0.0154065 0.01874738 0.01528217 0.0141558 0.01237588 0.01125246 0.009817291 0.008129981 0.003746738 0.002563331 0.004579687 0.002713888 0.002968013 0.008562415 0.006083614 0.006133367 0.003785934 0.004217925 0.001732955 0.00398503 0.0002474858 
0.04555018 0.05685229 0.057953 0.06163375 0.05835342 0.04453453 0.03613783 0.02552172 0.02041694 0.01960678 0.02133549 0.03014314 0.03051045 0.02571856 0.04203372 0.07268745 0.0686438 0.06170951 0.0494642 0.04563301 0.03998407 0.05640581 0.06371116 0.06196582 0.03821364 0.02593899 0.02572972 0.01969308 0.01839822 0.01993105 0.01901108 0.02780929 0.02843812 0.02965589 0.03003276 0.02583058 0.02819435 0.02580072 0.02368461 0.01765386 0.01602094 0.01412118 0.01140717 0.006619488 0.00566701 0.007699768 0.002751616 0.002358428 0.005180751 0.002250673 0.002271614 0.004126878 0.006350446 0.007739313 0.002471152 0.0003689501 
0.1023969 0.1262758 0.08754709 0.06398735 0.04841088 0.04776306 0.02523725 0.0303325 0.02944761 0.03520503 0.03580715 0.0453179 0.04165585 0.03972191 0.04939372 0.0714023 0.07673182 0.09839292 0.07648365 0.04031427 0.04213962 0.0525068 0.05626757 0.04867131 0.03700465 0.03174212 0.03045795 0.02043031 0.01781343 0.02030571 0.02227573 0.03039897 0.03209586 0.03433869 0.03477428 0.02989648 0.03125896 0.02989686 0.02744205 0.02030565 0.01832407 0.01583753 0.01297626 0.007724657 0.01732387 0.01542361 0.01359223 0.01123601 0.00570776 0.003465328 0.002142533 0.005484591 0.003608406 0.005359948 0.004121897 0.000262679 
0.1199354 0.1213899 0.08059363 0.06022222 0.03814724 0.03032176 0.0577022 0.03750059 0.0340517 0.04655781 0.03866942 0.04249046 0.03528054 0.04772693 0.05652272 0.07549042 0.08796611 0.08340666 0.07429306 0.05523575 0.0664675 0.05035803 0.05454361 0.04469429 0.04458901 0.0393143 0.03603884 0.02594243 0.02086926 0.02271896 0.024294 0.03304225 0.03524081 0.03704907 0.03782135 0.03217151 0.03365922 0.03210772 0.03567897 0.02325276 0.0191738 0.01650264 0.01374613 0.01325059 0.01708014 0.006320165 0.01064523 0.01493953 0.004239198 0.002757286 0.001636732 0.002680668 0.002309416 0.003833334 0.004821898 0.0001548365 
0.1520411 0.1747263 0.094901 0.06239675 0.03651633 0.0220022 0.02112821 0.0347001 0.02167564 0.03165156 0.02878992 0.04226821 0.04511065 0.05772098 0.06665735 0.0787476 0.07251957 0.08643776 0.08848855 0.0772184 0.07503933 0.05797054 0.04842514 0.04340842 0.04226571 0.03673194 0.04938601 0.03639482 0.02712673 0.02429593 0.02555915 0.03589537 0.03732003 0.03754885 0.04048026 0.0353417 0.03541398 0.03037114 0.02745793 0.02033111 0.01848049 0.01590678 0.01456313 0.0137646 0.006856027 0.01298843 0.009328533 0.02423471 0.002802826 0.001584691 0.001499109 0.002599177 0.00220219 0.001730283 0.001168304 0.0001277966 
0.2091057 0.1695896 0.1207713 0.1393956 0.09137449 0.06579195 0.0337295 0.06165135 0.03292929 0.0317376 0.0333378 0.03766609 0.04715407 0.0826352 0.07971728 0.08105111 0.1016413 0.08427881 0.09373579 0.08498579 0.07552855 0.04523104 0.04143285 0.03694678 0.04830293 0.04935826 0.0541947 0.04860671 0.03996212 0.0368046 0.03928936 0.03818323 0.03855508 0.04259418 0.04333864 0.03887591 0.05121609 0.03149761 0.02882767 0.0190023 0.01722788 0.01606999 0.01408633 0.005984456 0.005101454 0.008622077 0.01508923 0.02100756 0.001639226 0.001624298 0.001332298 0.002621002 0.002267702 0.001804343 0.001028766 0.0002410702 
0.1914448 0.1369456 0.09851936 0.09761817 0.0682413 0.04262908 0.03313875 0.07045341 0.06289808 0.04912144 0.03707458 0.02650703 0.03800506 0.07175028 0.07361342 0.07610662 0.08517276 0.06759409 0.09357802 0.09218687 0.07736626 0.04929177 0.04882393 0.03753493 0.06464238 0.05135544 0.04778799 0.04677853 0.04552799 0.04135807 0.04049126 0.04262874 0.0408505 0.04320249 0.04248357 0.04027657 0.03819549 0.02981975 0.02746346 0.01814344 0.01647374 0.01430469 0.0133306 0.00437743 0.004558044 0.002217464 0.004325178 0.006189043 0.001877201 0.001183393 0.001274509 0.002678419 0.002431486 0.002033149 0.001465363 0.000804491 
0.179462 0.1256098 0.08145609 0.07885731 0.02823437 0.03145088 0.05088662 0.04670203 0.05209792 0.0401662 0.04333011 0.03909175 0.04237481 0.0477366 0.04121372 0.06471054 0.08949243 0.07647628 0.09687897 0.09836827 0.05353741 0.05439401 0.03968712 0.04001472 0.04919188 0.05331825 0.06165566 0.05470444 0.06097843 0.04965741 0.04410554 0.04469192 0.05534497 0.04506591 0.03852484 0.03189215 0.02904808 0.02741021 0.02514383 0.01656139 0.01498024 0.01296038 0.01037702 0.00394855 0.002547093 0.004370953 0.006350828 0.01000677 0.001274152 0.000868089 0.000984701 0.002541184 0.002365895 0.002134128 0.001814409 0.001336545 
0.1719892 0.1146007 0.08397694 0.07660364 0.05041799 0.04393195 0.05755691 0.05025814 0.03134989 0.02558515 0.04891117 0.04020989 0.07268468 0.05970261 0.06633931 0.07740817 0.1042468 0.121482 0.1105102 0.08517314 0.04132556 0.03904688 0.02794075 0.02919779 0.0550962 0.05984357 0.07170857 0.06093945 0.05730595 0.05357723 0.04734221 0.04580923 0.0621816 0.04052334 0.03332566 0.02707827 0.02597762 0.02429494 0.02188431 0.01428253 0.01270068 0.01087677 0.008721129 0.003313676 0.005238866 0.00370555 0.01134797 0.001023653 0.0007593149 0.000595564 0.0006227716 0.002155095 0.00202759 0.002021053 0.002681541 0.006109056 
0.2165888 0.143164 0.1245933 0.06688391 0.06909832 0.06673086 0.04812538 0.04802311 0.0530716 0.02912266 0.03535929 0.03003864 0.05421867 0.05443322 0.05278002 0.0803085 0.1335378 0.1119913 0.1051813 0.07114054 0.0233471 0.0153628 0.02150117 0.03259364 0.06157139 0.06369882 0.0653277 0.07769135 0.04616282 0.05153578 0.05821934 0.0568899 0.05238032 0.03700479 0.02856208 0.02401982 0.02114185 0.01937801 0.01733433 0.009636257 0.008339587 0.007005126 0.009153445 0.003281603 0.002106061 0.001382622 0.009725168 0.001093753 0.00246411 0.000640392 0.000564995 0.001264142 0.001160345 0.001190612 0.00124704 0.001290244 
0.2562627 0.1356035 0.1156708 0.1149395 0.08546812 0.06060477 0.05691881 0.06533552 0.05496098 0.03255641 0.04197975 0.03160616 0.04505373 0.05958692 0.05591311 0.09916122 0.123099 0.1304979 0.08928864 0.04514568 0.01709949 0.01233617 0.01309091 0.0256062 0.05125858 0.07820698 0.0695133 0.05575152 0.04533884 0.03806745 0.0528699 0.05504403 0.04960513 0.05105103 0.03292039 0.02136101 0.02126215 0.01627516 0.01494659 0.008053989 0.006419642 0.005246562 0.005494217 0.002455733 0.001587014 0.001056794 0.009723034 0.002501342 0.0006387361 0.00120392 0.000440241 0.001111882 0.0009986961 0.001044571 0.001166669 0.001336439 
0.2836289 0.1896209 0.1621003 0.06277616 0.08394749 0.09690967 0.08010075 0.04936606 0.08212271 0.08056781 0.05701977 0.03629365 0.06567959 0.05270788 0.04704172 0.105251 0.07760882 0.1063255 0.07154749 0.03447321 0.02169893 0.01205515 0.03451959 0.05614528 0.06873372 0.06679937 0.06365118 0.05282017 0.03335188 0.03645546 0.04764673 0.04696745 0.04397549 0.04184967 0.03546101 0.0229204 0.02104193 0.0144465 0.01190369 0.006298569 0.004956146 0.0039259 0.00385676 0.001843648 0.001206395 0.000816224 0.0006864946 0.002142067 0.0004998278 0.0003941991 0.000373787 0.0008960034 0.00125505 0.0008957953 0.0009827631 0 
0.2602746 0.1781238 0.1440666 0.06061239 0.05421474 0.08384961 0.04795984 0.06460351 0.05876336 0.1011815 0.153457 0.05410572 0.0518284 0.06722461 0.06426372 0.0676899 0.06771556 0.09150162 0.07988916 0.03458842 0.01329955 0.02213039 0.03136033 0.05694843 0.07806788 0.06824367 0.06716454 0.04862041 0.0334731 0.03679864 0.04668511 0.0346868 0.03593408 0.03207311 0.03610448 0.02957442 0.01712284 0.01134015 0.009624584 0.005056317 0.00392698 0.00306377 0.004260495 0.00145836 0.0009701771 0.0006669608 0.0005554832 0.0005280534 0.0003956401 0.0003075065 0.0002636248 0.0004521375 0.00174376 0.0007026822 9.498424e-005 0 
0.2383214 0.1780822 0.1313231 0.06835595 0.06369401 0.05618335 0.06508829 0.06325562 0.06912766 0.07900266 0.08620648 0.05766056 0.06772163 0.04482243 0.05895171 0.04847913 0.07137714 0.06420006 0.06444152 0.04302338 0.01401111 0.04497552 0.0548834 0.0499188 0.1141568 0.06401659 0.05132127 0.04744286 0.03918292 0.02459332 0.02885919 0.03783253 0.03825723 0.04544131 0.04563688 0.01784348 0.010872 0.007284739 0.006064625 0.002659806 0.001972888 0.001929132 0.00222023 0.001242216 0.0008469212 0.0005992088 0.0004940334 0.0002781896 0.0002030303 0.001526439 0.0001305053 7.091569e-005 0.0003364623 4.908262e-005 5.19641e-005 0 
0.2150365 0.1878786 0.09223031 0.07295936 0.08849031 0.06199621 0.09121662 0.08545389 0.09004148 0.1033131 0.141655 0.08206891 0.08341736 0.0566328 0.05057619 0.07579476 0.0568578 0.0733513 0.06453528 0.04624174 0.03733083 0.04548926 0.03878738 0.061126 0.09715557 0.05986463 0.03874238 0.03972408 0.03653662 0.02198017 0.01321793 0.02377899 0.03123136 0.04376019 0.02592408 0.02076224 0.01344916 0.006021086 0.00498887 0.00183945 0.001251822 0.0008816181 0.002137773 0.0007790578 0.0005671606 0.0004231491 0.0003422083 0.0001870252 0.0001297105 0.0001195438 0.0005988668 4.014977e-005 2.939254e-005 2.850334e-005 3.726135e-005 0 
0.2676322 0.1960993 0.1180849 0.07782792 0.09872629 0.07025264 0.0919885 0.1171875 0.117364 0.09640803 0.1053759 0.1199769 0.1070676 0.07291413 0.06095294 0.1281799 0.09536999 0.05645488 0.06296163 0.04571293 0.04998747 0.09536708 0.07571645 0.05952464 0.07484949 0.05503922 0.03856572 0.03757429 0.03463517 0.01919409 0.01765629 0.0186472 0.0228498 0.03062473 0.01231102 0.01027965 0.01197825 0.01287524 0.008048582 0.003787938 0.001147724 0.0009833673 0.001839475 0.0008775578 0.001044684 0.00113926 0.0002610849 0.0001370421 8.774232e-005 0.000689869 4.709908e-005 2.433765e-005 1.727729e-005 1.227608e-005 1.22469e-005 4.032258e-005 
0.2703725 0.2115414 0.1505375 0.136556 0.1248012 0.09608424 0.1031776 0.09530553 0.09620588 0.09624238 0.09084357 0.100556 0.09430639 0.07968064 0.1591324 0.172913 0.129913 0.1013771 0.08606738 0.08188581 0.09273337 0.09582637 0.09971439 0.1116801 0.07942153 0.08217775 0.04990748 0.03889102 0.03459806 0.0372374 0.06337132 0.02142332 0.02064018 0.01964055 0.01253751 0.02147461 0.07489269 0.01136457 0.006460556 0.004185202 0.004806864 0.001815291 0.001039753 0.0006220561 0.000446027 0.0003232252 0.00101713 0.0001284501 7.706206e-005 4.811299e-005 4.160745e-005 2.330384e-005 1.896008e-005 1.226147e-005 1.227608e-005 0 
0.208694 0.1440696 0.1592143 0.1661566 0.1531605 0.1775371 0.110609 0.1353797 0.1807579 0.1219396 0.1318281 0.1257184 0.1061727 0.1018184 0.1371332 0.1417286 0.1472098 0.1352016 0.1163523 0.1024904 0.1145753 0.1328859 0.1237465 0.127083 0.1165265 0.09804586 0.05680373 0.06458919 0.06206222 0.07162217 0.07077387 0.01376918 0.01472388 0.04044726 0.01500998 0.03135592 0.1823049 0.02380318 0.005077745 0.002809819 0.00189549 0.00160353 0.001732908 0.0007051767 0.000480882 0.0007092259 0.0002522187 7.160036e-005 3.980849e-005 2.310157e-005 2.158844e-005 0 0 0 0 0 
0.2035605 0.1420401 0.1225822 0.1296714 0.1381942 0.1553213 0.1472706 0.1517751 0.1707253 0.1596997 0.1379277 0.12577 0.1149971 0.1166303 0.1393568 0.1319871 0.1322877 0.09325866 0.1023069 0.1156399 0.1386955 0.150852 0.1292399 0.124957 0.122783 0.1052474 0.06780493 0.06794393 0.06482153 0.05929282 0.03996771 0.05608097 0.03682554 0.04216133 0.03224858 0.01174494 0.02574685 0.02044867 0.01421431 0.004869502 0.002716505 0.002736844 0.001196902 0.0007578068 0.0004941092 0.0003215354 0.0002417582 6.643747e-005 3.345593e-005 1.736029e-005 1.82653e-005 0 0 0 0 0 
0.2588646 0.1726032 0.1656904 0.1952232 0.1489863 0.1547643 0.1438951 0.1454609 0.1430391 0.1662619 0.1761792 0.1714948 0.1420753 0.1409863 0.1299666 0.1533086 0.1089435 0.09825729 0.09538293 0.09873563 0.1210244 0.09979894 0.1131378 0.08047795 0.06968844 0.05493859 0.03116935 0.04298912 0.03753333 0.0548144 0.07630521 0.05739285 0.03475191 0.03746084 0.03761989 0.02065147 0.02312983 0.02126894 0.016075 0.01256174 0.008429544 0.003857767 0.001459053 0.0009213341 0.0005971745 0.0003895966 0.0003032214 0.0003416029 6.777893e-005 1.344463e-005 1.343213e-005 0 0 0 0 4.032258e-005 
0.3020766 0.2041368 0.1511425 0.1408574 0.1593379 0.1944833 0.1869613 0.1907152 0.1606105 0.156745 0.1722267 0.1831654 0.2171477 0.1452284 0.1847731 0.1733314 0.1673893 0.1110535 0.118491 0.1376703 0.1450957 0.1260198 0.1123783 0.0743604 0.06143917 0.0662457 0.03096692 0.06134721 0.07053488 0.06173421 0.04979067 0.05466171 0.02773704 0.02894956 0.02886118 0.02171985 0.02198147 0.02289449 0.02411603 0.01716647 0.0116883 0.008902275 0.006893089 0.005773991 0.0008014825 0.0005337989 0.0004366924 0.0001388879 9.839286e-005 1.344463e-005 1.344463e-005 0 0 0 0 0 
0.2244426 0.1797154 0.1548702 0.1271063 0.1204545 0.191728 0.2364416 0.2433582 0.2004954 0.2332077 0.2564132 0.2083081 0.2074006 0.1728469 0.1605004 0.2048756 0.1771997 0.1514568 0.1300662 0.1348974 0.150202 0.1585077 0.1421842 0.0716638 0.08039043 0.07856496 0.06778371 0.09563205 0.05708398 0.04516033 0.04819271 0.0435638 0.04065971 0.02921303 0.02510888 0.0257332 0.0313694 0.02211645 0.03475771 0.03695435 0.02138088 0.004370808 0.007079876 0.004089576 0.0008470597 0.0005857993 0.0004908944 0.0002419355 0 0 0 0 0.0002016129 0 0 0 
0.2303591 0.1939567 0.1786716 0.1714112 0.1539193 0.2040547 0.225719 0.27066 0.263717 0.2563069 0.3191063 0.2351934 0.1992474 0.1957492 0.2123453 0.2328073 0.1744291 0.1479335 0.1444699 0.1289192 0.1624346 0.2132834 0.1503853 0.08391988 0.1250583 0.1174968 0.07341196 0.07630882 0.05111066 0.05119076 0.05289415 0.05821392 0.04457591 0.0566971 0.02540507 0.02126089 0.01525576 0.02235145 0.03543071 0.02446165 0.01633847 0.006157122 0.002583213 0.001855994 0.001009222 0.001703796 0.0008272501 0.0002419355 4.032258e-005 0 0 0 0.0004032258 0.001209677 0.003145161 0 
0.25245 0.1725466 0.1952131 0.1970908 0.2322946 0.2309144 0.2204066 0.2535509 0.2968052 0.308737 0.3059945 0.2549556 0.2554434 0.2305134 0.2387226 0.2347116 0.232345 0.1774419 0.154148 0.1572605 0.1967435 0.1590699 0.1301533 0.1368453 0.1491051 0.1412709 0.09563141 0.06572405 0.05561937 0.05819925 0.06063322 0.06828764 0.05837923 0.0803738 0.04165131 0.02282504 0.01860746 0.02772755 0.04207322 0.04295117 0.02175264 0.0149681 0.003696096 0.002069084 0.002214455 0.002389142 0.001390014 0 0.0008870967 0 0 0 0.001693548 0.003145161 0.001975806 0 
0.2733708 0.1881828 0.1659333 0.2326253 0.2344625 0.2422697 0.1834503 0.2418151 0.2720825 0.2413804 0.2791037 0.2260656 0.2591209 0.292604 0.2692721 0.2558196 0.2735227 0.2358745 0.1733295 0.1447524 0.1732804 0.1505054 0.116478 0.2049889 0.1887886 0.1531976 0.174342 0.102065 0.1023879 0.1289376 0.08906045 0.07916491 0.0745455 0.06941069 0.056876 0.04130157 0.02677668 0.02094387 0.01914246 0.02029517 0.01914769 0.005313817 0.004267879 0.002964577 0.001991675 0.00153281 0.001589001 0 0.0008870967 0 0 0 0.0004032258 0.0025 0.0006048387 0 
0.2462033 0.203542 0.2227726 0.2503931 0.1774855 0.2182263 0.2543037 0.264096 0.2558402 0.2394454 0.2863673 0.2561079 0.3116773 0.3455452 0.290272 0.2481881 0.266738 0.2492632 0.2693382 0.1736539 0.1879664 0.1818996 0.1324657 0.1783544 0.1983025 0.1734307 0.173152 0.1620035 0.1518074 0.1179165 0.107095 0.1061333 0.09634192 0.09543116 0.07993185 0.06491845 0.05723383 0.06708362 0.01987025 0.02161072 0.01506239 0.01057065 0.007632021 0.004099611 0.00274982 0.002050328 0.002003465 0 0 0 0 0 0 0 0 0 
0.2615407 0.2320167 0.1777998 0.2220614 0.1971029 0.2106465 0.2240189 0.2718965 0.276719 0.2705137 0.3086297 0.2588268 0.3098118 0.325857 0.3234692 0.3073523 0.2730261 0.2553896 0.2242336 0.1943277 0.1860519 0.2117669 0.2165724 0.1816771 0.1757121 0.203294 0.1808513 0.1926532 0.1745249 0.1307828 0.1315547 0.1247768 0.126662 0.1182075 0.1112981 0.09272666 0.1048005 0.1036664 0.06022337 0.0355436 0.02008035 0.01178057 0.009762598 0.005001701 0.003372195 0.002461117 0.008204852 0 0 0 0 0 0 0 0 0 
0.2571093 0.3035263 0.1924894 0.2439449 0.175349 0.1740084 0.1678173 0.2147032 0.3135159 0.3043602 0.3290709 0.2754193 0.2673959 0.2881697 0.3342847 0.367074 0.3520662 0.2976609 0.2532065 0.2547555 0.2306769 0.2492834 0.2702233 0.2177563 0.1656242 0.1973605 0.2285213 0.2108918 0.2300897 0.1839689 0.1461495 0.1583284 0.1577718 0.1330693 0.1377303 0.1418837 0.1376224 0.09929897 0.05268766 0.03501135 0.02125817 0.01396217 0.01126027 0.006150452 0.004349744 0.003679003 0.004167134 0 0 0 0 0 0 0 0 0 
