ncols         56
nrows         54
xllcorner     28.264
yllcorner     -5.7719999999999
cellsize      0.25
NODATA_value  -9999
0.3917987 0.3620837 0.3936907 0.4215613 0.3650671 0.2690652 0.273472 0.2893806 0.3097364 0.3375175 0.303548 0.3364534 0.3216222 0.2775807 0.3035924 0.1819123 0.1334224 0.1891576 0.2214918 0.2039039 0.1564959 0.146414 0.1563651 0.2424465 0.2189144 0.2828658 0.2806115 0.2740899 0.2384617 0.2655124 0.2643892 0.2623242 0.2058053 0.2241677 0.1776915 0.1579421 0.15947 0.1937061 0.1525934 0.09398739 0.09701151 0.06133993 0.07876372 0.2027148 0.2513501 0.2794435 0.2793828 0.2401065 0.2107444 0.1454817 0.1390079 0.1412329 0.06248801 0.0281952 0.03210326 0.07379054 
0.432539 0.4656871 0.3751836 0.3886245 0.305715 0.262297 0.2737622 0.2707338 0.298994 0.2832349 0.312304 0.3465629 0.2727498 0.2753654 0.2523308 0.1992062 0.1359751 0.1221545 0.1195462 0.1449843 0.1220973 0.1252466 0.1543679 0.2297961 0.2138025 0.2537559 0.2850218 0.2644338 0.2534373 0.2555611 0.2838627 0.3030998 0.2378002 0.2287998 0.2236294 0.1773252 0.1750193 0.1991865 0.1551388 0.1057393 0.0689462 0.09720518 0.1405876 0.203449 0.1730462 0.1941057 0.2034777 0.1414306 0.1812833 0.1835106 0.1083804 0.09368564 0.04953273 0.03321155 0.05938027 0.07692798 
0.3359468 0.3333204 0.3069254 0.3239048 0.2885786 0.2927031 0.3116404 0.2370991 0.2311017 0.2643085 0.331146 0.3669454 0.2576782 0.3397545 0.35438 0.1860559 0.1364545 0.0889358 0.08357873 0.1119905 0.09261589 0.1573454 0.2119959 0.275849 0.2917856 0.2879992 0.2764079 0.2594645 0.2677779 0.2828838 0.3244825 0.3138025 0.2815929 0.2954719 0.298937 0.276282 0.2396754 0.2417255 0.1927287 0.1187553 0.1222765 0.1730245 0.1489899 0.1724807 0.1176737 0.1831645 0.2131887 0.1341863 0.1356973 0.1160491 0.08399533 0.05492297 0.0438156 0.02041804 0.04005527 0.04027557 
0.282021 0.3147507 0.309962 0.2910789 0.2837218 0.2902122 0.2724326 0.2303113 0.2399999 0.2417652 0.216817 0.2789388 0.1946168 0.3389585 0.3720477 0.2731368 0.1565635 0.103852 0.1046246 0.1141804 0.1291193 0.154846 0.1838748 0.2408889 0.2415825 0.2459443 0.276354 0.2975712 0.2723811 0.2857843 0.285007 0.3182451 0.3506686 0.3982917 0.4032913 0.399789 0.3277925 0.2941595 0.2040275 0.1492786 0.1441084 0.1817501 0.1918183 0.2169018 0.1397026 0.07953906 0.1021361 0.1062992 0.07476916 0.07216921 0.07318141 0.08367641 0.04123325 0.001946803 0.002130602 0.005434447 
0.2229976 0.2500263 0.2809519 0.3463418 0.3692303 0.3616333 0.3042675 0.2770879 0.3130448 0.3182307 0.2695583 0.257323 0.2315028 0.2469427 0.2662275 0.1704509 0.1122082 0.08809927 0.09314553 0.1221115 0.1278464 0.1650025 0.1911595 0.2646318 0.1883851 0.1844062 0.1613695 0.2209096 0.2081872 0.2128041 0.2211612 0.233193 0.3276033 0.3281386 0.3685858 0.3751978 0.3571297 0.2418394 0.1446552 0.1142112 0.1416887 0.1608501 0.1688991 0.168165 0.09034729 0.04789465 0.07237294 0.04911517 0.04211597 0.05007498 0.07190109 0.07927871 0.06661589 0.001502445 0.001680964 0.01088072 
0.2312871 0.2205677 0.238166 0.2939487 0.3508483 0.3406067 0.3109314 0.2937273 0.2658821 0.2369588 0.3309439 0.3353715 0.3051673 0.2558234 0.1917201 0.1536454 0.1347569 0.0955398 0.1182932 0.1740175 0.185714 0.1737492 0.2076034 0.1623433 0.1220693 0.1564041 0.1616012 0.2484989 0.2773196 0.2075162 0.1763718 0.204815 0.2886156 0.2875405 0.2984068 0.2845439 0.2862737 0.2285806 0.1540391 0.1262962 0.1524706 0.1316606 0.1374772 0.1283846 0.08370236 0.03872159 0.04930222 0.06140693 0.04228455 0.02466846 0.03237364 0.051957 0.07630834 0.01425459 0.004085347 0.01117861 
0.2186036 0.2142143 0.2166554 0.2587447 0.2928459 0.2672783 0.2776156 0.2951659 0.2572702 0.2410959 0.2499771 0.2943634 0.2601861 0.2970757 0.2576462 0.162025 0.1339172 0.1140409 0.1468598 0.2012363 0.236104 0.1981966 0.1188223 0.09493332 0.105068 0.1450944 0.1510171 0.2525421 0.219348 0.1604114 0.1559359 0.199783 0.2547012 0.2631378 0.2197029 0.2181196 0.2272838 0.166104 0.120777 0.1256675 0.128292 0.1321309 0.1389176 0.1340814 0.1387873 0.07787603 0.07824115 0.05919993 0.04446319 0.03942815 0.005799451 0.001461178 0.01728442 0.02493502 0.02628686 0.01418314 
0.180748 0.1957093 0.2090877 0.2059827 0.2085286 0.2178985 0.2366073 0.3142453 0.265702 0.2649135 0.2269459 0.2338768 0.2437423 0.2729905 0.2507704 0.1855668 0.1735887 0.1619993 0.1506687 0.1416129 0.1918589 0.151594 0.145829 0.1017264 0.08469335 0.1308573 0.1469408 0.1631122 0.1704179 0.1511672 0.1474476 0.2086004 0.2346872 0.2966107 0.2023965 0.1905968 0.1651002 0.09173862 0.105925 0.09369688 0.1009087 0.07908954 0.0735556 0.1035634 0.111394 0.1005802 0.06673461 0.06173466 0.04289852 0.03324002 0.0004435401 0.0001813826 0.0001269604 0.006728159 0.0355054 0.06498019 
0.1812103 0.19727 0.1956097 0.2133727 0.2309723 0.2478553 0.2434237 0.293155 0.2804781 0.2290932 0.2374416 0.2630407 0.2620772 0.2990267 0.2844207 0.2462458 0.2483858 0.2058849 0.1803802 0.1853677 0.211921 0.1658323 0.1491752 0.1410053 0.102281 0.1056835 0.1043279 0.1571965 0.1469555 0.1217166 0.1251006 0.1862476 0.2021739 0.2021549 0.1261031 0.1267727 0.07811087 0.07252776 0.07705465 0.07627046 0.07714827 0.03491643 0.03292192 0.05354184 0.06602421 0.07195526 0.050472 0.04689138 0.04211463 0.02830594 0.000215221 0.003482465 0.01121844 0.01738683 0.0231211 0.04348963 
0.1936912 0.1661701 0.1756736 0.1740096 0.2399534 0.2600996 0.2678593 0.2908655 0.2973065 0.266077 0.251064 0.2708303 0.2709264 0.2666048 0.2771637 0.2298067 0.2177183 0.2007898 0.2250463 0.2309118 0.3098678 0.2554178 0.207535 0.1391442 0.09279426 0.09706761 0.08853474 0.1334388 0.1322301 0.1214522 0.1454651 0.1961857 0.2097253 0.2016377 0.1273591 0.1049981 0.04865814 0.05504031 0.04961072 0.08089739 0.09958175 0.123131 0.04402114 0.04302115 0.03893813 0.05639859 0.04365102 0.04073713 0.01084221 0.01637743 0.004626832 0.01176102 0.02140652 0.02444862 0.02971758 0.0352274 
0.1437404 0.1873492 0.1979167 0.2097184 0.2458366 0.3260627 0.2931035 0.2741724 0.3109712 0.279471 0.2627469 0.2680072 0.2773736 0.2649924 0.2567792 0.2492347 0.2369132 0.2298621 0.2658592 0.2619403 0.2839387 0.2241596 0.1785075 0.160737 0.1117483 0.1047634 0.09722422 0.1184957 0.1139868 0.1133541 0.1209815 0.1485949 0.205268 0.1432672 0.07919014 0.08104815 0.05442706 0.08409865 0.04361558 0.06970971 0.07810146 0.1013119 0.04987778 0.03161476 0.01212925 0.01152871 0.01297843 0.02376941 0.01194099 0.005235692 0.02435054 0.01607298 0.02263237 0.02976937 0.03237268 0.03753401 
0.1831082 0.2413003 0.2826839 0.2622061 0.2463483 0.2954244 0.3913744 0.2928735 0.2736316 0.2666184 0.2360794 0.2764733 0.2849756 0.3212224 0.3567013 0.3691433 0.3285548 0.3286736 0.3403643 0.4466035 0.3851647 0.2942944 0.2079298 0.2078533 0.1643866 0.1715635 0.2016712 0.1802636 0.1215607 0.1170224 0.08054268 0.05449869 0.05380263 0.07964191 0.03063966 0.04130646 0.09501424 0.070794 0.06239343 0.05538604 0.03046147 0.05564066 0.06317642 0.05301408 0.02445382 0.01910742 0.004346613 0.005537157 0.004636272 0.01991036 0.009748049 0.01447986 0.01845735 0.02172833 0.02507201 0.02815301 
0.2101796 0.2727352 0.2825498 0.2112805 0.1417909 0.2109907 0.2603993 0.242538 0.2419303 0.2362817 0.2201954 0.2493056 0.3292747 0.3820599 0.4072262 0.4934574 0.3573404 0.3086842 0.353125 0.4213699 0.3808506 0.2599716 0.2055541 0.15125 0.1735182 0.2295956 0.2098618 0.127417 0.08301196 0.06832957 0.0700355 0.06619605 0.03674458 0.03599504 0.02467858 0.04387623 0.08756275 0.09446061 0.03804323 0.05234684 0.04659161 0.02543205 0.040622 0.02151011 0.01835106 0.004028353 0.003517858 0.004815577 0.005214906 0.007868094 0.01588306 0.02902432 0.0269726 0.02101379 0.02383806 0.02676846 
0.261286 0.2878923 0.2352311 0.1498715 0.1322442 0.1398335 0.2024696 0.2441791 0.2267392 0.1869581 0.2110066 0.275739 0.3292455 0.3608794 0.4127439 0.5433566 0.388602 0.2830057 0.2950263 0.4484141 0.3561345 0.302293 0.1839239 0.103461 0.1337015 0.1224569 0.1288977 0.07291579 0.05924842 0.07613301 0.07990843 0.05720288 0.03362297 0.02068833 0.01442771 0.02773879 0.05284433 0.06983195 0.04204128 0.03129622 0.02306897 0.009018284 0.01945396 0.01050251 0.006800421 0.003548702 0.003151725 0.009421214 0.005594821 0.01335789 0.02019044 0.0141093 0.0172776 0.01962253 0.02293894 0.0247992 
0.2923065 0.3381929 0.3023869 0.1493056 0.1543265 0.1866348 0.1693887 0.2398117 0.2724934 0.2522266 0.2341773 0.2721059 0.2560258 0.2649207 0.3572501 0.4240932 0.3504453 0.2880279 0.2868019 0.3522772 0.2777029 0.2301461 0.1753138 0.1136661 0.09312943 0.09814244 0.08397184 0.08215923 0.04907211 0.08114579 0.06272634 0.03722241 0.01963302 0.01056032 0.01803274 0.02156618 0.01860326 0.01744242 0.006690761 0.009199085 0.00443492 0.004166918 0.003931697 0.004158426 0.003915201 0.003569343 0.004979738 0.00814329 0.02229955 0.007290055 0.009224555 0.01303913 0.01559879 0.01760009 0.02524856 0.02336519 
0.4094793 0.3880288 0.3592911 0.3107654 0.2255676 0.2102578 0.2256368 0.2619236 0.2518537 0.2746248 0.2367231 0.279866 0.2971608 0.3119496 0.2861262 0.317032 0.3152866 0.2665469 0.2752841 0.3305175 0.2565539 0.362031 0.2519321 0.1689424 0.1301531 0.1198315 0.09739418 0.09501562 0.07108087 0.04716657 0.04542332 0.03242232 0.01371335 0.01552202 0.0199072 0.0153893 0.01379513 0.016206 0.006263905 0.01078118 0.009424222 0.008231179 0.009732663 0.005009655 0.004694057 0.004286236 0.006683783 0.004948949 0.01203421 0.01258385 0.01196979 0.01140043 0.01370718 0.01533316 0.02029108 0.02041341 
0.4381987 0.386453 0.4592963 0.5293238 0.3572638 0.1625945 0.220037 0.2593201 0.2057161 0.2524887 0.2826684 0.3137833 0.321411 0.4305533 0.3921653 0.2940017 0.2910202 0.2222932 0.225045 0.316107 0.2449353 0.363294 0.2260483 0.1449464 0.1166209 0.2035387 0.1108526 0.08890415 0.04865175 0.02906844 0.010757 0.019905 0.01063671 0.01338813 0.008301407 0.006517958 0.006481511 0.01584939 0.006076943 0.009086895 0.008688642 0.008332078 0.009049167 0.01127815 0.01175679 0.004303449 0.003837425 0.004740715 0.004686551 0.00560279 0.007114155 0.00949174 0.01146148 0.0127008 0.02606721 0.01609033 
0.4970717 0.5245958 0.4716726 0.3732674 0.3141752 0.216236 0.2583799 0.327994 0.2407429 0.2505215 0.2624706 0.315 0.2962709 0.3226027 0.3665915 0.3172522 0.269179 0.2178799 0.2080675 0.3063186 0.30099 0.3465689 0.2830002 0.170978 0.1609641 0.194879 0.07240471 0.08202933 0.05499111 0.02845514 0.009974064 0.01920622 0.009662761 0.0112954 0.009055293 0.006900792 0.006657997 0.006414464 0.006192142 0.00922266 0.008849479 0.008405933 0.007875465 0.005062428 0.004675086 0.004220216 0.004230577 0.005412284 0.004745134 0.004849884 0.006158812 0.008749863 0.009654056 0.01235312 0.0146444 0.01300747 
0.506561 0.4535571 0.4472605 0.3652738 0.3001342 0.2539031 0.2652634 0.2970263 0.2527761 0.3092506 0.2909919 0.3089385 0.3138455 0.322523 0.2434712 0.3086079 0.3035587 0.2943435 0.2737936 0.3053711 0.3809476 0.3333103 0.3431324 0.1875491 0.1975071 0.1627842 0.1090576 0.0822778 0.04265024 0.02201761 0.0147314 0.01428474 0.016457 0.0154348 0.01111787 0.008076012 0.007339896 0.006817281 0.006526923 0.009659557 0.01546262 0.01538057 0.00794057 0.005029405 0.004521248 0.004159129 0.01079932 0.007337038 0.004942349 0.004646114 0.005663197 0.007987928 0.008063361 0.00899756 0.01083219 0.01020162 
0.6574367 0.4352315 0.4593654 0.4060864 0.2917199 0.2392319 0.2775062 0.2835273 0.2353993 0.2275929 0.246332 0.2827787 0.3923825 0.281154 0.2247973 0.309376 0.3854964 0.349802 0.2768986 0.3439826 0.3711023 0.2812664 0.2949758 0.2075454 0.1658822 0.1398695 0.105058 0.0671846 0.04310318 0.03202698 0.0251126 0.03845641 0.02300352 0.02337585 0.03396843 0.01861665 0.007632507 0.006881402 0.006538786 0.01037165 0.01519982 0.01708572 0.008192201 0.007072564 0.006557064 0.005809521 0.008415189 0.005562876 0.004614079 0.004537073 0.005066963 0.005137225 0.005411902 0.009893239 0.005892428 0.007633957 
0.5682054 0.3651462 0.3304641 0.4029567 0.2782503 0.2563478 0.2532522 0.2365768 0.2181558 0.166331 0.1733524 0.2481105 0.2979562 0.2497649 0.271804 0.3387837 0.3999213 0.3792307 0.2756394 0.280537 0.331098 0.2789386 0.2962591 0.2187436 0.156138 0.1327225 0.1039016 0.06069828 0.05858427 0.04208413 0.03137603 0.03707141 0.03926037 0.03492483 0.04589808 0.01418898 0.008268338 0.007270166 0.006852701 0.01081633 0.01543055 0.009241405 0.008248114 0.007319265 0.006681749 0.005875306 0.005079482 0.005376006 0.00478673 0.004491452 0.005302749 0.004323743 0.00464747 0.008270089 0.004214738 0.005260616 
0.4423708 0.3845885 0.3097461 0.3459415 0.3034384 0.2997997 0.2329499 0.192164 0.2321149 0.178786 0.1372198 0.1903119 0.2609591 0.2196272 0.2983174 0.3195644 0.3338271 0.268057 0.2296781 0.3120528 0.2824308 0.2780512 0.2710732 0.1933798 0.150686 0.136461 0.09817568 0.08939115 0.09770306 0.06594352 0.06067786 0.05223906 0.05115013 0.03120456 0.0281006 0.01397967 0.009493077 0.009803753 0.007664218 0.01149837 0.01047493 0.0093846 0.008295408 0.006764608 0.005649548 0.004744712 0.004099769 0.004701208 0.004324423 0.004065612 0.004603136 0.003950637 0.003867168 0.003725227 0.003206923 0.003625902 
0.3575785 0.3758922 0.2782294 0.2718892 0.2190109 0.186473 0.1813257 0.1660186 0.2429194 0.1767921 0.1022251 0.1299897 0.1895281 0.2033886 0.2713004 0.219047 0.2751359 0.2709593 0.1949285 0.2245831 0.2579844 0.3056947 0.2819895 0.2309038 0.1997663 0.1884516 0.1777011 0.1673372 0.1549832 0.1249142 0.09263572 0.08386951 0.05814773 0.05101908 0.04408905 0.01483081 0.01133436 0.01321749 0.01181373 0.01239689 0.01122858 0.009971695 0.008275902 0.006631413 0.005399246 0.00446504 0.004421759 0.00498382 0.004797298 0.004444707 0.004370311 0.00473418 0.004555669 0.00381478 0.003384648 0.003765603 
0.3573111 0.2895316 0.217289 0.2051435 0.20069 0.1612869 0.1319925 0.1390313 0.1383894 0.1204799 0.09155599 0.1263279 0.1238303 0.1948295 0.1818648 0.1812283 0.1945609 0.1621664 0.186315 0.2086617 0.2313997 0.2174236 0.1623597 0.2324219 0.2213736 0.2058431 0.2059622 0.1595136 0.1587055 0.1445579 0.1202814 0.1110343 0.08128183 0.09030134 0.06653824 0.02875705 0.01872315 0.01441798 0.01280725 0.01243673 0.01055407 0.00896496 0.007708319 0.003976504 0.003173412 0.002779628 0.003963399 0.004678036 0.005017302 0.004924495 0.005039617 0.005044287 0.004890875 0.004813885 0.01410661 0.004850476 
0.3612843 0.1894816 0.1480898 0.2101378 0.188315 0.1436022 0.1435834 0.1251928 0.0926791 0.09331869 0.09639174 0.06928017 0.1256504 0.1693714 0.1593753 0.2337176 0.1578414 0.1184088 0.1753512 0.1893607 0.1924393 0.1580919 0.1157466 0.1747248 0.198445 0.1999251 0.1720137 0.1773037 0.1906284 0.1869318 0.1425867 0.1313461 0.1117118 0.1233211 0.1210648 0.07241821 0.03319381 0.01593279 0.01397782 0.01327908 0.010941 0.00905218 0.007688534 0.003932436 0.003009508 0.003869504 0.004969332 0.005596083 0.005771611 0.005562082 0.005616252 0.005705866 0.005498454 0.005071867 0.004705837 0.005438147 
0.1821978 0.1702148 0.1711761 0.195348 0.1356099 0.1354659 0.132747 0.134222 0.1105341 0.1356287 0.1046027 0.08006171 0.1650324 0.1732782 0.2185802 0.1828627 0.168246 0.1095312 0.1268523 0.1480387 0.1591825 0.1774933 0.1491282 0.1700643 0.2066401 0.2260256 0.2219503 0.2181744 0.2190623 0.2193841 0.1984846 0.1790515 0.1478948 0.1445862 0.1266122 0.08084024 0.0495235 0.01735112 0.01502887 0.01407643 0.01138359 0.009259191 0.007819613 0.003921497 0.004019717 0.004866964 0.006373908 0.007375321 0.00648792 0.006245451 0.006261024 0.006309101 0.006113518 0.005727602 0.006668461 0.005888303 
0.1749353 0.1558791 0.1623481 0.1511508 0.1469833 0.1485405 0.2058449 0.1737082 0.1812138 0.1270254 0.09151264 0.1171021 0.1768969 0.18672 0.2296014 0.19884 0.1527598 0.1342843 0.1050781 0.1298493 0.1449247 0.1806502 0.1947195 0.2294957 0.2024447 0.2023263 0.2344369 0.2710145 0.2769608 0.2820359 0.3059022 0.2456131 0.2195214 0.199348 0.1637148 0.08942401 0.05312956 0.03428921 0.01599727 0.01488584 0.01183669 0.009562725 0.008090955 0.004287282 0.005237584 0.005997417 0.007553121 0.007535698 0.007516636 0.00730269 0.007316662 0.01465832 0.008527506 0.007219052 0.009986197 0.006647235 
0.2241006 0.1852174 0.1388341 0.1342603 0.1473647 0.1784644 0.162991 0.134051 0.1115336 0.08549202 0.1432093 0.1612866 0.1580924 0.1794111 0.1855166 0.1887941 0.1564279 0.1784439 0.1589795 0.166969 0.1720074 0.1955112 0.1494528 0.2129139 0.2299619 0.2493843 0.2468544 0.2943656 0.3166089 0.3645552 0.3664795 0.3359552 0.2804029 0.1984156 0.1324372 0.09019871 0.04561266 0.02103561 0.01793373 0.01542701 0.01209066 0.0103133 0.008233177 0.007525039 0.007825529 0.008864758 0.008138504 0.008341586 0.008098643 0.007835652 0.007856377 0.01066071 0.01197063 0.01387375 0.01040702 0.007424294 
0.2211996 0.21057 0.1232512 0.1093624 0.1423738 0.2086764 0.172209 0.1301913 0.1048376 0.1596745 0.2694355 0.2035318 0.1918867 0.1558771 0.1312965 0.09806181 0.1283732 0.1382306 0.2330161 0.2459533 0.231906 0.2046963 0.1401427 0.2363468 0.2942609 0.3637597 0.3274954 0.3273544 0.3503734 0.3903456 0.3823381 0.3832272 0.3385674 0.2041494 0.1277743 0.102693 0.04845221 0.03191972 0.04000779 0.01619821 0.01253097 0.009978009 0.00861613 0.008323922 0.008769268 0.008546497 0.009718953 0.009069366 0.009042877 0.008736874 0.008719421 0.01285766 0.02166296 0.01854653 0.01537641 0.008182735 
0.2134679 0.1811838 0.1369752 0.1297249 0.1290208 0.1431329 0.1374204 0.1276032 0.1337046 0.1849623 0.2612343 0.1940016 0.1757683 0.1387899 0.09268299 0.1354899 0.104054 0.07294823 0.1234983 0.1854813 0.1760396 0.1703134 0.1860013 0.2692343 0.3573308 0.4304055 0.3918564 0.3588212 0.362616 0.384607 0.353755 0.3333117 0.293252 0.2028113 0.1621809 0.09640272 0.06299561 0.0425581 0.03199447 0.01671308 0.01283743 0.01019792 0.009103242 0.008803968 0.008595145 0.008634315 0.009694102 0.009650541 0.009536646 0.009561318 0.009523083 0.01030176 0.01197314 0.01122552 0.01179415 0.008854472 
0.2059332 0.2028674 0.1411194 0.1447577 0.09893621 0.08876584 0.1035416 0.1063796 0.1217856 0.104736 0.142075 0.1421765 0.1121673 0.1140186 0.09536768 0.06782911 0.07711522 0.08022369 0.08761387 0.1184544 0.115933 0.1105269 0.1467387 0.2371968 0.3856845 0.4195993 0.3251096 0.3346556 0.3607298 0.3636453 0.3289525 0.3214705 0.2857017 0.2276108 0.1813451 0.1242842 0.07254578 0.0545938 0.02464373 0.01690723 0.01301255 0.01043553 0.009612334 0.009252834 0.008995621 0.009059451 0.009839849 0.0103309 0.01035227 0.01030383 0.01076015 0.01147879 0.01094404 0.01070372 0.01060221 0.01125427 
0.2012278 0.2046269 0.1461027 0.09723959 0.07025505 0.05761324 0.06710471 0.08739024 0.09004278 0.06566817 0.09260346 0.08497366 0.1006133 0.09926365 0.05823398 0.05781028 0.09289653 0.1025751 0.09203135 0.1227039 0.130067 0.1261674 0.1580236 0.1863991 0.2543163 0.3143472 0.3041263 0.2833564 0.2959766 0.3326154 0.2838329 0.2497248 0.2578703 0.1994257 0.1447857 0.1361879 0.1016932 0.04212875 0.02564949 0.02014155 0.01343713 0.01062642 0.01008518 0.007770933 0.008343799 0.008994658 0.01017351 0.01139558 0.01174061 0.01178089 0.01200323 0.01307978 0.01349305 0.01297111 0.01281228 0.01247216 
0.2178923 0.1854914 0.1558447 0.08296436 0.05991504 0.0604067 0.05880496 0.08928794 0.1050305 0.07018244 0.06725686 0.07158663 0.07530372 0.06926861 0.07087576 0.09954941 0.06568716 0.05237401 0.06001651 0.08575149 0.1214919 0.1407797 0.166702 0.1908047 0.2263553 0.2470025 0.3248526 0.3148754 0.3277285 0.3246579 0.2746677 0.2518604 0.2344616 0.1899361 0.1497285 0.1128689 0.05713665 0.03517939 0.02589468 0.0209882 0.01361619 0.01074326 0.01030579 0.007908655 0.008465109 0.009184096 0.0104596 0.01183303 0.01229698 0.01236612 0.01277041 0.0129688 0.01243326 0.01194799 0.0113511 0.01411174 
0.2474307 0.1828856 0.1274812 0.08387781 0.06082173 0.05795926 0.07532765 0.08926076 0.1072691 0.07036487 0.06571085 0.05914851 0.07982278 0.1268642 0.0745481 0.06285548 0.0765416 0.1051432 0.09410979 0.1199637 0.135797 0.1603824 0.1679281 0.1647895 0.1747708 0.245537 0.2913382 0.261691 0.2850784 0.3090817 0.2431833 0.1835375 0.1738946 0.1578217 0.1357191 0.06017066 0.04292388 0.02952769 0.02504561 0.01708986 0.01325525 0.01057356 0.01032856 0.008052108 0.008753163 0.00960603 0.01100769 0.01253873 0.01301241 0.01328902 0.01408109 0.01583372 0.01511014 0.01495939 0.01499145 0.01542695 
0.2572741 0.1545507 0.1442714 0.1152962 0.08719363 0.06771772 0.0618789 0.08492625 0.06352632 0.06687627 0.05646278 0.0516872 0.06520818 0.1045312 0.07853281 0.08463372 0.1465071 0.1778441 0.1632792 0.1467137 0.1591081 0.1428373 0.1283976 0.1336439 0.2098671 0.2400098 0.2639144 0.3165694 0.2604637 0.2295802 0.1944675 0.1571935 0.1481805 0.1340694 0.101456 0.04655725 0.03457737 0.02704251 0.02300155 0.01580366 0.01236444 0.01002239 0.01025991 0.008276457 0.009277357 0.0103516 0.01183563 0.01360268 0.01456456 0.01467775 0.01965981 0.02136147 0.01619884 0.01460791 0.01334132 0.01296734 
0.185439 0.1946008 0.1543347 0.1456158 0.0940143 0.08950081 0.07295473 0.06727779 0.06159284 0.07394015 0.09181477 0.07956289 0.08578125 0.1097035 0.1198217 0.09776477 0.1738816 0.218317 0.2101074 0.1360762 0.1108053 0.0772552 0.07733219 0.1003078 0.1504121 0.1396623 0.1681238 0.2628799 0.2144926 0.1367598 0.1219363 0.1084369 0.08782361 0.08126228 0.06925563 0.04743186 0.03690865 0.03027192 0.02125668 0.01377148 0.0108467 0.009047715 0.009655958 0.01086959 0.01158527 0.01253387 0.01505573 0.02040534 0.01965724 0.02237067 0.02344102 0.02268763 0.02225964 0.02015083 0.02115476 0.02836333 
0.1428286 0.1569663 0.1261955 0.1188723 0.0876677 0.0626581 0.06726795 0.06582499 0.07670203 0.08678259 0.09324595 0.08124504 0.07623985 0.09689021 0.1320342 0.12541 0.1848417 0.1979502 0.1680939 0.1131938 0.1006851 0.07894492 0.05577093 0.07619221 0.122766 0.1402723 0.1649537 0.2028794 0.1910187 0.1205211 0.1091139 0.07833029 0.06496393 0.06652426 0.05241809 0.04531462 0.03059829 0.022298 0.0191111 0.01252905 0.01006457 0.008569262 0.009431695 0.01102665 0.01220134 0.01446243 0.01788224 0.01846279 0.01954549 0.0224702 0.02170137 0.02044213 0.0220142 0.02089266 0.02292342 0.02598954 
0.2108579 0.1254117 0.06793449 0.04154406 0.03386277 0.04704005 0.05673641 0.08139432 0.07118637 0.05571758 0.04517946 0.05976102 0.06289444 0.07236475 0.1066321 0.09779333 0.1259194 0.1123504 0.1096782 0.06046795 0.048722 0.04680544 0.04168141 0.06288201 0.105218 0.1398797 0.2156067 0.1815625 0.1647754 0.1234441 0.08766771 0.06950179 0.0718304 0.08012011 0.04654597 0.03579387 0.02853719 0.01915846 0.01663115 0.01110501 0.009065012 0.008119862 0.00953229 0.01156601 0.01324038 0.01472095 0.01629172 0.01841106 0.01984612 0.023288 0.02338619 0.026752 0.02376397 0.02030917 0.01941722 0.009354838 
0.2287862 0.08615954 0.04108718 0.04224757 0.02856269 0.03849697 0.04317227 0.05942232 0.05805247 0.04543268 0.03753196 0.04797868 0.04539621 0.06131127 0.07113537 0.05993129 0.1093684 0.06560691 0.05718971 0.03960692 0.0330114 0.03075085 0.04547503 0.1025614 0.1712579 0.1423347 0.1484652 0.1524648 0.1138895 0.08260705 0.0844385 0.1029805 0.09112242 0.06256375 0.02993016 0.0294061 0.0242934 0.01556369 0.01379019 0.009489069 0.008039685 0.007721074 0.009494628 0.01215002 0.01442239 0.01659064 0.01778275 0.02020183 0.02081461 0.02220371 0.02290957 0.02354718 0.01924674 0.02078571 0.01189418 0.002782258 
0.13266 0.05229063 0.01776165 0.04409659 0.02728432 0.03354754 0.04061227 0.05035502 0.06111591 0.03589449 0.02828629 0.03791028 0.03506049 0.03775572 0.03451691 0.0728703 0.07531235 0.06360888 0.04401522 0.03266891 0.02576781 0.02444423 0.03040618 0.04228484 0.1028788 0.1345134 0.1368648 0.1690198 0.06679834 0.05673113 0.03889203 0.08044977 0.06200038 0.03019403 0.0270062 0.01532631 0.0113538 0.009379826 0.008497442 0.008459383 0.007338127 0.007646041 0.00990488 0.01655554 0.0245734 0.02191303 0.02338796 0.02191396 0.02589423 0.02930283 0.02931861 0.03072625 0.02494318 0.01066262 0.01439745 0.006653226 
0.1007076 0.04601873 0.02059993 0.03733969 0.04124107 0.04583807 0.05070954 0.06689602 0.05143133 0.02796137 0.02309194 0.03396976 0.03582946 0.03679378 0.05392633 0.05685343 0.05212956 0.03924429 0.0221059 0.01977274 0.02493997 0.02470722 0.02665333 0.04553562 0.05326664 0.09261725 0.09823806 0.1005159 0.05666551 0.04199501 0.02472234 0.02513084 0.02034959 0.01947884 0.02102142 0.01033811 0.007643078 0.00631209 0.006148629 0.006552135 0.006404151 0.007225039 0.01014432 0.02049246 0.02650906 0.02435718 0.02574625 0.02718346 0.02614591 0.0244541 0.0238675 0.023105 0.01310751 0.01098767 0.01409258 0.01330645 
0.09049068 0.04987778 0.03982045 0.07568923 0.04550409 0.04345638 0.04472611 0.06552805 0.04980687 0.03520424 0.02731811 0.03304829 0.03880409 0.0293901 0.03260387 0.05025688 0.05661851 0.02185531 0.01342145 0.02359825 0.02595947 0.02707623 0.03012748 0.02678808 0.05163771 0.06148286 0.07704023 0.06997544 0.04066 0.04204629 0.02632895 0.02063875 0.01632853 0.01223089 0.01021236 0.007069719 0.005255034 0.004479463 0.004881547 0.005723644 0.005779616 0.007245517 0.01118949 0.02479176 0.023831 0.02655428 0.02800562 0.0282633 0.02655732 0.02786952 0.02813092 0.01516316 0.01246344 0.01459971 0.01753641 0.002822581 
0.1093203 0.04092709 0.02170662 0.04016481 0.04682726 0.04538874 0.03261058 0.03132821 0.03282764 0.04560326 0.02718115 0.03406925 0.03652478 0.03042856 0.03596631 0.04928932 0.03746286 0.0353423 0.02445322 0.02584562 0.03228816 0.01582829 0.02256473 0.01810066 0.06057042 0.05253669 0.05060309 0.04330143 0.03371523 0.03989123 0.06145168 0.03373807 0.0141878 0.01446288 0.008430908 0.01582925 0.06045001 0.003922153 0.004485967 0.00537939 0.005952178 0.008397955 0.01257456 0.02124695 0.02585787 0.02866951 0.03114347 0.02747602 0.03154646 0.03808533 0.03159724 0.019546 0.01460664 0.01239281 0.0151024 0.006008064 
0.05802876 0.03413198 0.02415393 0.02598373 0.03005013 0.02634007 0.02175255 0.01986167 0.01825807 0.02036319 0.02270481 0.02824485 0.02571202 0.02816456 0.0521457 0.0255104 0.02487011 0.02163883 0.01348811 0.01741194 0.0239799 0.009538308 0.01039934 0.003449033 0.0134291 0.0195157 0.007788189 0.005452892 0.006001076 0.02957045 0.047087 0.01057369 0.003868319 0.003301815 0.00334042 0.007890724 0.05438583 0.002959702 0.004055595 0.00679218 0.007514308 0.01120859 0.01602621 0.02506243 0.03179171 0.03856953 0.04670763 0.03938377 0.03594284 0.05039904 0.03092008 0.00891129 0.009435482 0.01620968 0.02693548 0.0103629 
0.05831003 0.04892717 0.02769871 0.02329951 0.04269063 0.01820729 0.01651655 0.01475084 0.01645081 0.02125619 0.01893785 0.01840345 0.01845102 0.02076673 0.0458225 0.01630879 0.009030971 0.006809171 0.01169843 0.01081284 0.009295596 0.01133024 0.009347808 0.002494312 0.006146851 0.004053846 0.003422758 0.001512201 0.005530117 0.001344249 0.0009672381 0.002411942 0.001854256 0.001806556 0.002149077 0.002213047 0.002056334 0.002567361 0.003565672 0.006323414 0.008482241 0.01240529 0.01730733 0.02681307 0.0321108 0.04121489 0.03735437 0.04155407 0.05776224 0.04525331 0.03423746 0.0009677419 0.00842742 0.02620968 0.02278226 0.001693548 
0.1013423 0.03329935 0.01542279 0.01260703 0.02134496 0.01147704 0.01285679 0.01397879 0.01339099 0.01881347 0.01716321 0.01074404 0.01074376 0.01324142 0.02024895 0.007794683 0.008375357 0.009129437 0.008499021 0.009951423 0.007285013 0.008164559 0.008959467 0.002051711 0.002095585 0.001978472 0.002955409 0.001112838 0.0008353273 0.0006606966 0.0005437993 0.001249594 0.0008736326 0.0007327524 0.0008304379 0.001621117 0.001798226 0.002378191 0.003570518 0.007385851 0.009822086 0.01424653 0.01858309 0.02819874 0.0373309 0.04844202 0.0383147 0.04126306 0.07886233 0.04669121 0.04215989 0.0008064515 0.02068548 0.01318548 0.006290322 0.005846774 
0.04441539 0.01785689 0.009309422 0.009138451 0.01335168 0.01259599 0.01563857 0.01177113 0.01540294 0.01908819 0.01111699 0.008722328 0.008271852 0.01312503 0.009564832 0.005592968 0.006878239 0.00965456 0.009347559 0.007257883 0.005361368 0.006345934 0.006179632 0.001641951 0.00165289 0.002040965 0.00191471 0.0008165002 0.0006300778 0.0004934024 0.0004062061 0.000931721 0.0006616784 0.0006140936 0.001259863 0.002237367 0.002620135 0.003396321 0.004777685 0.008890355 0.01143056 0.0152101 0.01966215 0.02904801 0.03769339 0.04630462 0.03823951 0.05293828 0.0513961 0.04627498 0.04432952 0.003790322 0.007580644 0.0121371 0.01241935 0.0157258 
0.02027645 0.01058042 0.01046523 0.006828536 0.00642825 0.007015806 0.008104939 0.009706235 0.01389627 0.01254092 0.006152702 0.006047031 0.004906951 0.007409651 0.005369509 0.004959714 0.008463197 0.00821657 0.00381083 0.004274493 0.004093345 0.003891491 0.006292037 0.0007251226 0.0008636001 0.0006673026 0.0005570815 0.0001788838 0.0001317761 0.0001002111 8.314428e-005 0.0003300649 0.0008702726 0.00135563 0.00196058 0.003524428 0.004182791 0.005271612 0.007103189 0.01183094 0.01523417 0.01879717 0.02342176 0.03097348 0.03714891 0.04315175 0.04302925 0.01528226 0.01951613 0.01044355 0.008588709 0.005362903 0.004637097 0.01169355 0.01560484 0.008427419 
0.01554347 0.01365917 0.01109679 0.004703204 0.005496022 0.004696576 0.00470364 0.004814696 0.007889261 0.007992843 0.004275158 0.006366995 0.003064259 0.002645236 0.00231584 0.003746562 0.005959546 0.007389485 0.004099121 0.003841079 0.002929022 0.002769118 0.002649341 0.0008996181 0.0007858489 0.0003705622 0.0003449748 8.83293e-005 5.907822e-005 4.191875e-005 3.638207e-005 0.0005900916 0.0004688803 0.001309107 0.002324174 0.00446328 0.005505345 0.005923264 0.008840921 0.01378206 0.01942201 0.02030125 0.02410855 0.02981186 0.03257487 0.03348691 0.04290481 0.01822581 0.01705645 0.0103629 0.01637097 0.003629032 0.002137097 0.01225806 0.0253629 0.01604839 
0.02467881 0.02223131 0.01451821 0.005456062 0.003522039 0.003479857 0.003453861 0.003509275 0.003881447 0.003328892 0.002964102 0.002190275 0.002436331 0.001731049 0.001496533 0.00795441 0.006268906 0.006435993 0.003977213 0.006764079 0.002712813 0.001982003 0.001492949 0.0002940925 0.0004515352 0.0001854928 0.0001866888 8.324661e-005 1.935757e-005 1.09272e-005 1.154202e-005 6.136012e-005 0.0004949466 0.001869841 0.002817885 0.004259243 0.005051352 0.006362167 0.008330575 0.01425149 0.04129976 0.02012202 0.02357187 0.02720388 0.0301234 0.03427964 0.0331982 0.001612903 0.003104839 0.01197581 0.01358871 0.01116935 0.003508064 0.01431452 0.0233871 0.02052419 
0.06240169 0.03383114 0.01408978 0.00586422 0.003181824 0.002882678 0.007040585 0.002924184 0.005692499 0.00275752 0.002622091 0.001800878 0.001530846 0.001328649 0.01226541 0.008827684 0.008704531 0.01170224 0.01523519 0.008885046 0.001115501 0.002028845 0.0009585518 0.000419016 0.002300369 0.0003217586 0.0009013549 0.0001204966 1.38055e-005 6.054962e-005 9.230648e-006 5.237195e-005 0.0007352306 0.001783459 0.002524187 0.003833116 0.004631685 0.005861784 0.007714296 0.013322 0.02821916 0.0187617 0.02711729 0.02847138 0.02837587 0.03031978 0.02395466 0.01080645 0.003145161 0.009314516 0.02056452 0.01633065 0.006290322 0.01612903 0.02024194 0.009274193 
0.07637137 0.03596778 0.008183649 0.005692397 0.002115538 0.002065882 0.002043046 0.002317117 0.002306456 0.002272992 0.001923913 0.003506758 0.001979133 0.001047706 0.02367343 0.1179506 0.03421348 0.03345304 0.02784458 0.006076189 0.0004676933 8.037895e-005 7.292771e-005 7.184803e-005 6.711782e-005 0.0001638507 0.0009867891 0.002692651 0.0004291969 0.0007377659 0 7.303446e-005 0.0007941992 0.001484891 0.002071922 0.003970506 0.004076858 0.006592715 0.006203512 0.01243311 0.01495322 0.02134278 0.03177128 0.02465146 0.02535899 0.02705459 0.02381939 0.01741935 0.01766129 0.01467742 0.02443548 0.01842742 0.01149193 0.01858871 0.01129032 0.007620967 
0.07013632 0.03280086 0.02564293 0.006409739 0.001550761 0.001495497 0.001478941 0.001771221 0.001873367 0.001682111 0.001384014 0.001039079 0.007071587 0.001308267 0.001006433 0.004556522 0.0005727829 0.01050747 0.008593246 0.0117087 0.0002354387 0.0003110197 2.591764e-005 1.280625e-005 4.721193e-005 0.0001148379 0.0005360218 0.002429961 0.0004428804 0 0 0.0002402825 0.003127461 0.001493444 0.002010752 0.003367045 0.008255222 0.009442198 0.006384613 0.01169747 0.01398945 0.01688524 0.0246775 0.02254438 0.02457198 0.0257097 0.02196304 0.01947581 0.02399193 0.02516129 0.02935483 0.02508065 0.01112903 0.01209677 0.006854839 0.006532257 
0.01985285 0.0277361 0.02911721 0.001414827 0.001281603 0.001218154 0.00120312 0.001397997 0.001344342 0.001254516 0.001121989 0.0007970864 0.001512769 0.00257028 0.00038129 8.509305e-005 0.01019552 0.01082824 0.01597247 0.01999865 0.002544668 0.0003876765 0.0004985614 8.850983e-007 6.322189e-007 7.286746e-005 0.0001448925 0.0002198981 0 0 0 0.0005639454 0.001184935 0.003245629 0.002126146 0.005125808 0.008363581 0.009409819 0.00573101 0.01038497 0.01348083 0.01574501 0.01757518 0.02017264 0.02202328 0.02581625 0.01813992 0.02225807 0.02487903 0.03733871 0.0241129 0.01346774 0.008266129 0.009193548 0.005282258 0.002903226 
