ncols         56
nrows         54
xllcorner     28.264
yllcorner     -5.7719999999999
cellsize      0.25
NODATA_value  -9999
0 0 8.200295e-005 0 0 0 0.0005800861 4.911732e-005 0.000114645 0 0 0.0009171208 0.0007808334 0.000268383 0.0003806954 0.0002991869 0.0003586632 0.0009051013 0.003209754 0.006800367 0.003409217 0.0133675 0.01284044 0.007342754 0.0101195 0.02820741 0.0394155 0.05580134 0.04224886 0.06124745 0.07508317 0.05417256 0.05764871 0.0463613 0.05341763 0.05537009 0.05982464 0.07133708 0.08308785 0.07075983 0.05369911 0.05509986 0.05167808 0.03681147 0.03944359 0.05302089 0.03290093 0.02819734 0.0195294 0.0211229 0.01599913 0.009288781 0.01399786 0.01199768 0.01172501 0.002766117 
0 0 3.281692e-005 2.189698e-005 6.568421e-005 0.0002694752 0.000857685 0.0006635058 8.184116e-005 9.821743e-005 0.0006713063 0.001827568 0 0 0 2.478193e-007 3.460917e-007 0.0006779031 0.0006276076 0.004243526 0.003826803 0.006577268 0.006017303 0.006121323 0.01410566 0.0442856 0.05282989 0.03981281 0.04153204 0.0370968 0.05616057 0.03995357 0.03985269 0.04488871 0.05729287 0.06802602 0.06673721 0.07723554 0.07171986 0.07016294 0.06206786 0.06300065 0.05129105 0.05072382 0.03979527 0.03948555 0.02750084 0.01956803 0.02244453 0.02920173 0.01132819 0.0086464 0.009329806 0.01176728 0.008579986 0.0004434419 
3.265798e-005 4.359182e-005 7.092441e-005 0.0004381942 0.0006089298 0.001006119 0.0002851978 0.0003356879 0.0008682216 0.0007699257 0.001097344 0.002954171 0.00145241 0 0.0002603253 0.0001240598 3.357514e-007 4.094733e-006 0.001375654 0.005367707 0.006401507 0.008792509 0.003300132 0.003886797 0.009673583 0.03302933 0.04858401 0.04427845 0.04270298 0.05194232 0.05846692 0.05774239 0.07252946 0.08960465 0.06864241 0.08652022 0.06635074 0.07323441 0.0718857 0.07484748 0.08092425 0.06134185 0.06560212 0.05060502 0.03621094 0.04089035 0.04450108 0.02931876 0.01881482 0.01500798 0.0162791 0.01227559 0.01328765 0.009965443 0.003766106 0.0005229753 
0.0001813388 3.84884e-005 0.0008375612 0.001367324 0.001090581 0.001008364 0.0003988071 0.001385606 0.002782494 0.001834129 0.003422665 0.004339214 0.002091558 0.0001220239 0.0001767881 0.0008710282 0.001529411 0.001695535 0.002383287 0.005862789 0.007565466 0.01098057 0.001503975 0.003925021 0.00559287 0.02719274 0.05037241 0.05378297 0.04513204 0.04876123 0.07160726 0.07450318 0.08416189 0.09139606 0.08630478 0.08325876 0.05861491 0.08573937 0.0818911 0.07050797 0.09981512 0.1120729 0.1041244 0.07001671 0.04089775 0.06930325 0.1214075 0.03376248 0.02729319 0.01715557 0.01432083 0.006511509 0.009169931 0.004623703 0.003774594 0.002112514 
4.388871e-005 0.0003698598 0.0008982202 0.00152921 0.001532812 0.001404184 0.001593609 0.002865032 0.002341403 0.0003730358 0.0004890951 0.001152926 0.0009620719 0.001283064 0.0002028288 0.0004229621 0.001699409 0.002733855 0.004187078 0.008381485 0.01080659 0.009877788 0.003061288 0.008344173 0.01670362 0.01984048 0.02975881 0.03982481 0.04775265 0.03549109 0.0475997 0.04862899 0.06216186 0.06735681 0.06092682 0.05474607 0.05844719 0.0862987 0.07230279 0.08000966 0.1280981 0.1048504 0.09651642 0.07869986 0.04524707 0.03237218 0.03964403 0.01689808 0.01503137 0.01529651 0.01202186 0.006156412 0.00550838 0.004739369 0.003814659 0.002177804 
0.0004409706 0.0004358217 0.0007355383 0.0003087578 0.0009783988 0.001064974 0.001087506 0.001103083 0.0007795706 0.0006466783 0.0002486426 0.001119448 0.0006135585 0.0005687545 0.0004488296 0.0008076248 0.003456565 0.003786881 0.007597766 0.009787322 0.009074012 0.007743462 0.008334486 0.02906046 0.04493066 0.03584998 0.04488974 0.07275027 0.05081053 0.03494879 0.04141662 0.04910216 0.03506653 0.05018749 0.06163764 0.04683035 0.05168125 0.07275298 0.05512886 0.05950818 0.1105687 0.1002794 0.05428004 0.04242222 0.03499952 0.02490284 0.01952867 0.01335675 0.01156981 0.009786963 0.008913448 0.006099318 0.005435918 0.004687133 0.003762329 0.002143861 
0.0007905656 0.0006971703 0.0002979664 0 0.0003478065 0.0005366598 0.0003213344 5.80277e-005 0.0001989669 0.0003564334 0.0003564634 0.001161062 0.000621871 0.0006966973 0.0005785305 0.0009834116 0.003293127 0.003634232 0.006027075 0.006881078 0.009255752 0.007526192 0.01334385 0.04933267 0.03758383 0.03685743 0.03271648 0.06044615 0.0462168 0.04391369 0.05113026 0.05831457 0.0406284 0.104263 0.06656062 0.04411975 0.05024653 0.04524415 0.0396377 0.04979444 0.06999309 0.07251392 0.04465242 0.03177982 0.02918847 0.02008116 0.01752652 0.0122547 0.01056258 0.009291126 0.008467513 0.005797097 0.005178349 0.004584153 0.0036477 0.002174711 
0.0008899355 0.000974201 0 0.0002938099 0.0004366099 0.0003862457 5.037891e-005 0.0002855237 8.923131e-005 0.0002847021 0.0004252224 0.0005225113 0.0005305703 0.0004387156 0.000497575 0.001343898 0.002292457 0.004786396 0.004103151 0.006661379 0.01520542 0.02170555 0.04039145 0.05772428 0.02023687 0.01782379 0.03981299 0.04675132 0.04421594 0.02410639 0.05354471 0.062023 0.0593153 0.0908372 0.06912664 0.08310244 0.05240773 0.02912552 0.04236189 0.04776718 0.04948099 0.05674453 0.0300318 0.0169976 0.0206294 0.008396173 0.007614512 0.007693812 0.006847857 0.006116099 0.00557511 0.0009191311 0.0008231892 0.001073791 0.0007999068 0.002044834 
0.0003524883 0 0.0001175192 0.0003022462 0.0003946459 0.0005711095 0.0001175674 0.0001173759 0.0003993857 0.0004380175 0.0007612817 0.0009050164 0.0003926254 0.0007549899 0.0009219205 0.001160318 0.001049827 0.002334406 0.001499223 0.00235687 0.01320433 0.02226426 0.02754718 0.03312027 0.02658623 0.01955601 0.03079844 0.04083809 0.03279449 0.01717343 0.04342083 0.05292424 0.05083838 0.06109587 0.0433115 0.0733371 0.07286491 0.02231716 0.0467517 0.04441687 0.04262385 0.02991824 0.02549589 0.03114293 0.008300593 0.01206723 0.006826847 0.007750952 0.00634045 0.005784539 0.005277197 0.0008677577 0.001088945 0.001354685 0.00103226 0.00212288 
1.21566e-005 0.0003511227 0.00184131 0.0008190935 0.001432132 0.0011395 0.0006707431 0.0006799385 0.0008862652 0.001039601 0.0008243291 0.0007148614 0.0004215474 0.0003919491 0.0004784827 0.000583523 0.002100337 0.001547046 0.0008564671 0.008489472 0.01372292 0.0120179 0.03027459 0.01504914 0.02065308 0.0183037 0.01450511 0.0201391 0.02482326 0.02644287 0.01339581 0.02779606 0.03648124 0.03073847 0.02691916 0.04036586 0.03864039 0.03280005 0.04366246 0.04866429 0.05033868 0.02077237 0.02854476 0.02665654 0.01224594 0.01073161 0.006049606 0.006358676 0.005929488 0.005479234 0.005020765 0.0008303715 0.001272794 0.001574392 0.001266058 0.002220773 
0.00113538 0.002925243 0.004289496 0.0009195744 0.001501077 0.002099803 0.002997245 0.005151031 0.004244954 0.003152516 0.001592935 0.0007427985 0.0007652465 0.0004107114 0.0001353468 0.00134015 0.005873214 0.003483962 0.0004071818 0.009589184 0.007014256 0.01130073 0.02074352 0.009348073 0.02075978 0.0195326 0.0125109 0.01904295 0.04374665 0.03464356 0.006067651 0.02013828 0.02123246 0.03400474 0.02386144 0.03597066 0.04764706 0.02384201 0.02909194 0.03204853 0.0520964 0.02566572 0.02375087 0.02228432 0.01462366 0.006194279 0.005650344 0.005993403 0.005644676 0.005247576 0.00479224 0.001160502 0.00164512 0.001894657 0.001556464 0.002373188 
0.006512816 0.00872677 0.01004689 0.0206939 0.01897708 0.008712856 0.01773 0.01059076 0.005934258 0.005277616 0.004332439 0.002454868 0.001035081 0.0008827705 0.001346989 0.007395702 0.01366049 0.009795523 0.002221021 0.00309991 0.01068892 0.008974942 0.01560282 0.02508184 0.0286889 0.01256137 0.008092746 0.005071151 0.0210787 0.01838377 0.01071023 0.02712164 0.04894105 0.0366036 0.03045657 0.03721031 0.04687106 0.0199822 0.02270613 0.03481328 0.02889971 0.01467671 0.01916068 0.0241668 0.01328927 0.005617803 0.005359442 0.005827199 0.005531348 0.005258765 0.005283277 0.001795131 0.002148879 0.002338402 0.001964209 0.002846381 
0.02019315 0.02584781 0.03286834 0.08215868 0.06366094 0.06781302 0.09634329 0.01456467 0.008791868 0.005690597 0.01020534 0.01032863 0.0003904863 0.0004139509 0.001893232 0.00153657 0.002025211 0.01363266 0.004779727 0.008448272 0.02094338 0.0144034 0.02769935 0.03651021 0.01201835 0.007992687 0.01058488 0.01091577 0.002554538 0.006038403 0.02596143 0.05954235 0.01970861 0.009865153 0.0141954 0.02276709 0.03192903 0.03562883 0.03236823 0.03035624 0.02574403 0.02259508 0.02211905 0.02150941 0.02339074 0.00514789 0.004971758 0.005433294 0.01078739 0.005474623 0.005509198 0.002366647 0.002623235 0.002711053 0.002310753 0.003104341 
0.02072555 0.02146266 0.04068925 0.1454324 0.1033008 0.100774 0.07282872 0.01897512 0.009732014 0.007987142 0.0212888 0.01550984 0.001913616 0.0007790477 0.003638086 0.005447007 0.003095975 0.004686903 0.001021113 0.008232058 0.01774549 0.02212977 0.04341852 0.01716883 0.003153276 0.002305191 0.006951996 0.004215565 0.002374062 0.01374596 0.02427666 0.0256316 0.01074225 0.007966316 0.009800046 0.0186455 0.04424231 0.0595118 0.01506352 0.01255352 0.01598966 0.03007092 0.02942481 0.04355166 0.02746321 0.01954274 0.004656282 0.005050595 0.005145051 0.005567996 0.005627981 0.002914164 0.003014772 0.003027746 0.002590849 0.003137488 
0.03449107 0.03875854 0.04185602 0.09538238 0.1470092 0.1381922 0.07862937 0.02900233 0.0251862 0.00472265 0.01711397 0.0066524 0.004620466 0.006119298 0.008676612 0.01188045 0.006865281 0.004675422 0.01134052 0.008918211 0.01144061 0.03423198 0.03079009 0.005676658 0.005483944 0.004100719 0.0003307735 0.002699466 0.001413303 0.009286408 0.009766553 0.007959985 0.009348962 0.01066418 0.0252755 0.0281604 0.0344765 0.04103896 0.03765018 0.03248745 0.02684889 0.02793226 0.04529447 0.01403434 0.004982837 0.01531475 0.004283538 0.005660231 0.005087946 0.005430955 0.005659959 0.003202549 0.003205303 0.003070778 0.002586895 0.002991504 
0.08213273 0.07158131 0.04604528 0.1129716 0.1527076 0.1167851 0.1553527 0.1111635 0.03293784 0.006552551 0.005720083 0.007419311 0.006574964 0.01282566 0.01308764 0.01205091 0.0122408 0.01087128 0.02962088 0.01244559 0.00858146 0.0215251 0.02680795 0.002554896 0.0003600809 0.0004011373 0.000507196 0.0002141887 0.0001526398 0.003087373 0.003665174 0.00409979 0.006986761 0.007488094 0.02212074 0.02551469 0.01710902 0.0233051 0.01612689 0.03654384 0.0312814 0.05198849 0.03270602 0.04777833 0.01810711 0.0006855798 0.0009751036 0.01611572 0.002580766 0.003337017 0.003809443 0.003525663 0.003443409 0.003184572 0.002688346 0.002687559 
0.1266311 0.04852775 0.08660235 0.2512776 0.1762108 0.1077732 0.1252802 0.1007863 0.04021684 0.05128902 0.02056517 0.01040014 0.01557991 0.0146939 0.009580852 0.00298384 0.008588129 0.03049423 0.03167287 0.01160342 0.04533266 0.03217861 0.040646 0.002814325 0.002834528 0.00040553 0.001620984 8.146116e-005 7.41558e-005 0.000123724 0.0004979263 0.003818084 0.007107686 0.01000673 0.008781713 0.006014585 0.008971572 0.01318577 0.00701124 0.01882884 0.03501523 0.03667275 0.0820955 0.06532014 0.008129787 0.003135381 0.001486856 0.001882381 0.0164442 0.003768279 0.004014263 0.003722448 0.003514306 0.003175739 0.002646557 0.002740118 
0.1596644 0.06163635 0.1187081 0.2142872 0.09838829 0.06275555 0.0794104 0.06359658 0.05260515 0.04285242 0.04676399 0.02452311 0.04120569 0.02585518 0.03022355 0.0420827 0.02231041 0.02740194 0.03008475 0.03535575 0.04633032 0.05412482 0.02517094 0.006328899 0.005134051 0.003446296 0.00235891 0.0001681686 0.0001918085 0.00578555 0.0002157012 0.003260755 0.004388456 0.009958874 0.004763912 0.006589162 0.007502837 0.006426677 0.01004263 0.006761388 0.0179259 0.006552957 0.04004415 0.03330407 0.0159048 0.01504856 0.003015608 0.002468073 0.003471683 0.004165103 0.004277234 0.004149827 0.003836823 0.003386532 0.002807698 0.002878264 
0.1340866 0.1632821 0.1889277 0.1633516 0.1284798 0.07029773 0.1955816 0.1892131 0.07361744 0.03118625 0.009964879 0.02727151 0.06928297 0.03758449 0.03943004 0.0348738 0.03600986 0.05415678 0.1254801 0.1130631 0.0967843 0.07809455 0.04541342 0.04077442 0.01211879 0.005268666 0.0046567 0.0003087671 0.0004258172 0.002736242 0.005330725 0.01271095 0.005753907 0.006548219 0.006261911 0.00538282 0.00625645 0.006541315 0.008095927 0.006771813 0.01871031 0.03317928 0.006773744 0.0122983 0.02008159 0.01002869 0.005590598 0.0164935 0.004912446 0.005502532 0.02611812 0.005555305 0.00508363 0.004595039 0.003937835 0.003886062 
0.2434831 0.3314802 0.2694802 0.2008841 0.1286256 0.06449359 0.1454573 0.05007819 0.03169249 0.02899807 0.007029762 0.01907429 0.01682664 0.02119943 0.04653451 0.04432559 0.04105013 0.1117323 0.1095662 0.1296508 0.1008084 0.06143927 0.02048508 0.01573554 0.009843818 0.007376918 0.008393798 0.006244799 0.006360132 0.003619863 0.00380034 0.01195219 0.01119848 0.007949032 0.008782193 0.006277862 0.007514086 0.007156748 0.007105581 0.006933626 0.02160459 0.02173265 0.006148983 0.00571895 0.005747358 0.008902796 0.006680969 0.004763219 0.005159168 0.005436194 0.009183844 0.005477788 0.004917943 0.004411977 0.003818093 0.01149607 
0.2575963 0.480941 0.3071256 0.279461 0.2048887 0.1056096 0.07398488 0.06891875 0.05227165 0.04636476 0.0108399 0.007922506 0.009538591 0.02768553 0.1306346 0.05482816 0.05068936 0.08241678 0.1036055 0.1373519 0.08153533 0.09659713 0.08067451 0.02752437 0.01677792 0.01212378 0.01143618 0.008730185 0.008794202 0.007733117 0.004700114 0.009386819 0.01204928 0.008387057 0.009571904 0.006316615 0.006990262 0.007299903 0.007161224 0.007355503 0.006815155 0.006967464 0.005525087 0.004722584 0.005220403 0.00997541 0.004795113 0.004456372 0.004959391 0.005254067 0.005297471 0.005310191 0.007686171 0.004118143 0.003658894 0.02016522 
0.2245409 0.3526079 0.2870229 0.2812882 0.2258752 0.1542495 0.08043757 0.047538 0.0544755 0.01566015 0.004755368 0.006288083 0.006658068 0.02089256 0.03806405 0.1086031 0.09687799 0.1092233 0.1121777 0.1513387 0.1100077 0.07192786 0.0961734 0.06332084 0.06384225 0.02363111 0.01513236 0.01742852 0.01540063 0.01368424 0.01122126 0.01007878 0.01581018 0.01435921 0.01209234 0.007451291 0.008000053 0.008289542 0.008070152 0.008409671 0.007373732 0.006767106 0.006493185 0.005004575 0.004479537 0.004874845 0.00416184 0.004205575 0.004401793 0.004673648 0.004794693 0.004807657 0.00416 0.004513672 0.004402864 0.01824095 
0.2286386 0.2416551 0.1802921 0.1183107 0.1185826 0.08873969 0.04660788 0.06484314 0.0214733 0.00732596 0.00815683 0.0097074 0.00814788 0.03408102 0.06405126 0.09489243 0.07182268 0.143658 0.1722144 0.2300225 0.1490688 0.09289632 0.06315623 0.03838875 0.06181538 0.0419854 0.02630379 0.01887506 0.01177861 0.01094402 0.01103672 0.01122037 0.01357666 0.02523463 0.02698666 0.02013707 0.009857473 0.01008579 0.01588659 0.008989768 0.01540951 0.007826259 0.007720027 0.004398543 0.004147329 0.003887671 0.0039165 0.003777158 0.00406814 0.004285941 0.00436257 0.004380309 0.003771538 0.003254852 0.005033071 0.00316741 
0.1531708 0.09987191 0.1065339 0.05274966 0.0601059 0.05667518 0.06162067 0.173243 0.04813118 0.00783399 0.009830203 0.02244702 0.04905003 0.06118779 0.07183682 0.04727249 0.05443783 0.1158304 0.20562 0.1209247 0.08166748 0.03942546 0.02797163 0.03553669 0.04261322 0.04653449 0.0297449 0.02709689 0.02022903 0.01897418 0.01899602 0.01883186 0.01882832 0.02256544 0.0309756 0.01872817 0.02072637 0.02166058 0.03496674 0.02904955 0.0139571 0.01241488 0.01049971 0.004815554 0.003290052 0.002901441 0.003658303 0.00297986 0.003291451 0.004256826 0.003756338 0.00390072 0.003363029 0.002840449 0.002560615 0.002700986 
0.1746338 0.1466398 0.08413792 0.06664294 0.05040172 0.04068728 0.0479467 0.2171128 0.04371853 0.02405576 0.03821987 0.03323621 0.09952067 0.09512573 0.09008203 0.087705 0.05774897 0.0427708 0.0731999 0.09388505 0.0659166 0.06487191 0.06724653 0.06084453 0.07563918 0.0423171 0.03224637 0.0321921 0.02609303 0.02992538 0.02689677 0.02553808 0.02233926 0.03366796 0.03323812 0.03121818 0.02255013 0.02145141 0.02536795 0.01701353 0.01560267 0.02180311 0.01137191 0.004858515 0.004956828 0.002516529 0.003458039 0.001354939 0.001899096 0.002554382 0.002865351 0.003206136 0.002808658 0.002304943 0.002148614 0.002362404 
0.1923011 0.1576874 0.1271734 0.1255784 0.08452041 0.1081957 0.1090968 0.07595359 0.02981196 0.06537745 0.04359828 0.1217472 0.1761611 0.1320786 0.156982 0.1260728 0.09135103 0.04944421 0.06911743 0.06113942 0.0849411 0.1424285 0.1465384 0.1240515 0.107349 0.0801651 0.04300499 0.03558991 0.05673613 0.05244328 0.03262356 0.02794431 0.02743868 0.04021166 0.04591636 0.0333599 0.02647624 0.02370821 0.02334638 0.02105507 0.01814202 0.01579841 0.0131721 0.005507444 0.003906236 0.002818426 0.006593296 0.005752 0.0009733958 0.001161732 0.001708694 0.002231338 0.00204383 0.001702235 0.003982494 0.001884508 
0.219731 0.1096947 0.06942444 0.1014066 0.2557914 0.1159326 0.06290474 0.06517453 0.05035022 0.04041773 0.09681562 0.1922335 0.2425183 0.2009525 0.1622834 0.1487104 0.1409735 0.1020642 0.0593153 0.06194472 0.09776299 0.229409 0.1781409 0.14724 0.1457729 0.07792003 0.05285907 0.05196609 0.06653656 0.05771875 0.03641759 0.0310113 0.03019656 0.04334794 0.04029755 0.03334063 0.04189741 0.03536782 0.02753871 0.02672754 0.02116912 0.01861325 0.01526289 0.007628548 0.004676145 0.003335795 0.006321714 0.01473788 0.01179175 0.0009876523 0.0009467285 0.002927433 0.002139606 0.001073216 0.001558612 0.002303997 
0.1869386 0.1782573 0.09422183 0.08512299 0.1412552 0.1661777 0.09426357 0.1118016 0.1065118 0.09732191 0.1599292 0.292964 0.2411795 0.2146715 0.1837631 0.1480025 0.1412241 0.1572494 0.08963829 0.08064035 0.08276502 0.1101027 0.1612775 0.1277256 0.1021814 0.08822794 0.08724822 0.05543598 0.0418436 0.03755403 0.03799548 0.03461988 0.03544214 0.03744176 0.0401972 0.04521608 0.04992253 0.04835967 0.05001409 0.04288441 0.03549732 0.03159494 0.0249284 0.01209204 0.01070994 0.01200821 0.005175926 0.004148818 0.003099344 0.002488517 0.00235968 0.003088527 0.004275992 0.003515946 0.001541509 0.001213482 
0.1447011 0.1545811 0.1276538 0.1000882 0.1604885 0.1063526 0.1736813 0.1839334 0.1167256 0.09265093 0.1142923 0.2716221 0.1623347 0.1439055 0.1508054 0.1761524 0.1793646 0.1015908 0.1333768 0.07185825 0.055197 0.069191 0.1147284 0.09068611 0.08721679 0.08858132 0.07965365 0.05233794 0.04174202 0.04211353 0.04145414 0.03751816 0.03920446 0.04005368 0.04508986 0.05169496 0.05470709 0.05890522 0.05318571 0.04238402 0.03739363 0.03533885 0.02671737 0.01442267 0.01673551 0.009542314 0.01217942 0.004782776 0.003634495 0.002960845 0.002801246 0.005806118 0.004460696 0.005743938 0.01476189 0.01202207 
0.1737259 0.1465898 0.1534925 0.08486942 0.1386397 0.1163045 0.1890489 0.1974065 0.1475731 0.1383595 0.0936937 0.1585034 0.132093 0.1354719 0.1354289 0.192142 0.1013101 0.06940806 0.0395566 0.07912351 0.07473998 0.08515708 0.0995644 0.1060027 0.1178578 0.09851763 0.08473036 0.06172233 0.05464205 0.05138839 0.0450131 0.04295898 0.0393443 0.03948739 0.04586291 0.05252828 0.05654895 0.06678002 0.06220067 0.05207549 0.0466565 0.03852174 0.02814784 0.01425271 0.0113934 0.009530472 0.0068667 0.005118389 0.003964767 0.003274776 0.003071673 0.002177521 0.002024811 0.009718212 0.007944639 0.008457628 
0.175214 0.1792361 0.1638947 0.1437064 0.1517164 0.09175449 0.07541181 0.09179264 0.1091393 0.1457873 0.135597 0.179582 0.1053226 0.1055694 0.05798603 0.09644216 0.0860495 0.04327936 0.05933704 0.09759846 0.1014915 0.115247 0.1078525 0.1130649 0.1294277 0.1256334 0.1253197 0.08763809 0.074146 0.06411679 0.05478899 0.05305455 0.05068609 0.04585649 0.05322363 0.05387635 0.0580047 0.06497715 0.0604243 0.04522892 0.05229992 0.04259399 0.02918063 0.01765649 0.01115641 0.007493796 0.006197409 0.009633791 0.009004528 0.008572475 0.003177595 0.005698242 0.002048851 0.003638169 0.001887202 0.0001723026 
0.1969053 0.1611352 0.1174041 0.1191182 0.1699329 0.1394446 0.07712705 0.1390682 0.2165506 0.1954609 0.2406294 0.1619348 0.1359221 0.1478265 0.1014129 0.1784557 0.1790125 0.1771369 0.1561676 0.09774704 0.09941208 0.1133286 0.1185782 0.1365644 0.1331448 0.1316983 0.1408745 0.1116319 0.110498 0.09516619 0.07720418 0.05034001 0.044654 0.04884764 0.05681434 0.06684014 0.0883799 0.06420421 0.05622051 0.04264332 0.04308099 0.03538398 0.02611414 0.01398077 0.0109547 0.005001349 0.004317463 0.004460782 0.006144536 0.005388645 0.005199213 0.008056798 0.0009759847 0.0003798012 0.0006973828 0.0002133832 
0.2215316 0.2015462 0.1003873 0.1002288 0.1961239 0.1039926 0.09966997 0.2178576 0.2239645 0.1723191 0.2184429 0.152246 0.1445489 0.1419767 0.09463088 0.1629998 0.2125654 0.1715546 0.1611194 0.1141097 0.1017856 0.09303276 0.129429 0.140945 0.1397141 0.1776643 0.1865679 0.1430804 0.1276291 0.1082912 0.08725307 0.05747641 0.04914888 0.05053091 0.05424924 0.07288946 0.07221376 0.06171742 0.05819657 0.05145769 0.04075162 0.03359797 0.02755643 0.01331047 0.01182136 0.00487674 0.004273043 0.0053342 0.003940583 0.002874677 0.002651991 0.0007394762 0.000346672 0.0003190142 0.0002994807 0.0002124407 
0.2933171 0.2102354 0.1015953 0.124125 0.1555763 0.09737241 0.1691446 0.2461024 0.2226128 0.2270567 0.2120081 0.1622802 0.1624447 0.2248598 0.1620296 0.2066432 0.2872088 0.2479795 0.2836056 0.1269321 0.08505497 0.06544033 0.08932708 0.1317278 0.160179 0.2344539 0.2457143 0.1763782 0.1560466 0.1335172 0.1018365 0.0661108 0.06634761 0.06880437 0.0615877 0.07161337 0.06136245 0.05830358 0.05640666 0.04470462 0.03867515 0.03787799 0.02819711 0.0090117 0.01086 0.004732509 0.004155205 0.003968567 0.004098427 0.002821959 0.00261945 0.0009399225 0.0005036711 0.001917879 0.0005827412 0.001260267 
0.2963503 0.2208984 0.1644396 0.1492967 0.09388703 0.1309501 0.1779652 0.185517 0.2289754 0.2689416 0.226466 0.1923104 0.2130005 0.267798 0.2894132 0.3632211 0.2778788 0.236297 0.2119882 0.1118152 0.08932286 0.05659597 0.0789155 0.1217412 0.1638568 0.1883846 0.214571 0.1771785 0.1660438 0.1596765 0.1328987 0.09039119 0.085078 0.0773615 0.06505469 0.06686504 0.06093529 0.05669494 0.05317091 0.04995915 0.0507276 0.03840079 0.03095285 0.02115407 0.006049908 0.004541176 0.003962447 0.003721561 0.01135273 0.008260191 0.003184845 0.002762875 0.001066186 0.001346961 0.0002693354 0.0001994066 
0.2686104 0.1775268 0.1946834 0.1955097 0.1185672 0.1840183 0.1537913 0.1761101 0.1942738 0.2275923 0.2297825 0.2385921 0.2348748 0.2842674 0.2824913 0.301954 0.2609954 0.170249 0.1083801 0.08322643 0.06422442 0.04905105 0.09725863 0.1201279 0.1836586 0.1755816 0.1690046 0.174766 0.154133 0.137434 0.1365975 0.09886601 0.1019857 0.08644276 0.07509287 0.07539006 0.06584882 0.05395285 0.05287002 0.04200871 0.04268564 0.04214996 0.0331132 0.02061745 0.01074695 0.005650728 0.004887391 0.01098587 0.04193188 0.006853958 0.004274514 0.005393311 0.002184465 0.001346337 0.001317518 0 
0.2344161 0.2017997 0.1732436 0.1377893 0.126201 0.1826497 0.1221464 0.1740494 0.208991 0.2367754 0.2458348 0.2478562 0.2477637 0.3580737 0.3927588 0.3399337 0.2208229 0.135339 0.08488214 0.05583185 0.04587998 0.05660751 0.06484951 0.1524248 0.1667026 0.1427588 0.1472391 0.1546346 0.1542321 0.1401268 0.1321238 0.1220901 0.1038077 0.07741353 0.07555734 0.07529837 0.07087955 0.06218499 0.05267815 0.0498124 0.05529469 0.04845055 0.03412597 0.01633883 0.01023357 0.00597881 0.01686484 0.0203898 0.01497247 0.004357043 0.005306491 0.01065128 0.003436339 0.001143149 0.001272706 0 
0.2944158 0.2086874 0.1217622 0.05138589 0.06836136 0.158874 0.2232263 0.2235694 0.2347171 0.2448869 0.2854439 0.2782128 0.2416546 0.2708276 0.3205169 0.2600354 0.1643201 0.1051575 0.08988134 0.08986637 0.0599194 0.0595023 0.1155646 0.1417224 0.152837 0.1479648 0.1619708 0.1643406 0.1600961 0.1489694 0.1446013 0.1226868 0.1077238 0.0909749 0.09465601 0.09327833 0.08180618 0.06875757 0.0570138 0.0681558 0.07331384 0.05087163 0.02659138 0.01881911 0.01075688 0.01099922 0.01515604 0.01076773 0.006433081 0.002614918 0.01594208 0.01076166 0.001548498 0.000929626 0.00087693 0 
0.3294274 0.2114899 0.07880318 0.06396676 0.07154658 0.1259402 0.1894142 0.2281917 0.2137556 0.1925372 0.2430301 0.2585922 0.2252833 0.1909086 0.3184714 0.1758818 0.1378662 0.1143719 0.1445181 0.1378136 0.06649447 0.04845583 0.06017463 0.08717275 0.1215323 0.1269153 0.1647045 0.1537357 0.1467562 0.1633938 0.1559659 0.1409795 0.1222225 0.1326971 0.1261741 0.1223776 0.107048 0.08438028 0.06085657 0.08415885 0.1147796 0.05073984 0.02522346 0.01772313 0.007968551 0.007017079 0.005296438 0.007385245 0.01860276 0.006832516 0.002084893 0.001232478 0.003518799 0.0008103887 0.0007937091 0 
0.3215024 0.2692428 0.1351991 0.04134567 0.05342459 0.1250354 0.1334118 0.1372843 0.1710762 0.1469788 0.1384036 0.197669 0.1933942 0.169038 0.1535898 0.142659 0.1297168 0.1307039 0.1141481 0.1245684 0.06496759 0.04946033 0.06096907 0.08706212 0.08996794 0.09226362 0.1124435 0.1151179 0.1262047 0.1466998 0.1529033 0.1444366 0.1370375 0.1645714 0.1474115 0.1158711 0.1082347 0.09684309 0.08360036 0.1151326 0.08893675 0.06136274 0.05253095 0.02030731 0.0136776 0.01192551 0.008300465 0.007568782 0.01048595 0.01004132 0.001906 0.001095088 0.00210523 0.0006506482 0.0006657798 0 
0.2620854 0.1839333 0.0700696 0.06301593 0.1363667 0.1842419 0.1888921 0.2107518 0.1527467 0.1237363 0.129238 0.1580031 0.1694496 0.1659681 0.1340746 0.09583229 0.08237142 0.104486 0.09476145 0.1132957 0.08662581 0.04263799 0.06905891 0.1047168 0.0986429 0.1001807 0.1054872 0.1063833 0.1135432 0.1123558 0.1134861 0.1302006 0.1279177 0.1432596 0.1321314 0.09069397 0.08993648 0.07995384 0.079937 0.1511 0.1046814 0.06455407 0.0484639 0.02500993 0.013692 0.01122224 0.009334845 0.004690156 0.005022955 0.002570566 0.003022803 0.001028031 0.0006864932 0.0005388149 0.0005867998 0 
0.2648604 0.1677277 0.08602141 0.1124998 0.1755069 0.2613039 0.3209499 0.2163003 0.1447659 0.1553387 0.1251293 0.149716 0.1599471 0.183847 0.1203753 0.1013254 0.08817254 0.08206045 0.07528167 0.07552092 0.07733727 0.06776401 0.0747141 0.1025699 0.1053302 0.1103906 0.1170395 0.1069062 0.09368751 0.1160121 0.1264615 0.1411293 0.1391135 0.1361138 0.117691 0.08629529 0.09594133 0.08297852 0.08892866 0.09689733 0.07070426 0.05494691 0.04812181 0.02508101 0.01762716 0.01502623 0.009715821 0.006256773 0.003562652 0.003708511 0.003226296 0.001154265 0.0008012684 0.00045062 0.0004511646 0 
0.2507331 0.1851393 0.1262779 0.1518191 0.2127199 0.2362073 0.2082304 0.2233278 0.1828697 0.1288764 0.134957 0.1591989 0.1844114 0.3268137 0.1859583 0.1335168 0.1119242 0.1236953 0.1290787 0.09275121 0.0981863 0.1296101 0.1262438 0.1188226 0.1383508 0.1478595 0.1075122 0.1194392 0.1081743 0.1257952 0.1320732 0.1464584 0.1452205 0.1231656 0.1071576 0.1068147 0.1688563 0.1245044 0.1103569 0.08064141 0.05203325 0.07180233 0.06963651 0.03360383 0.02689494 0.01708304 0.01125417 0.006658235 0.003948567 0.002918743 0.002469596 0.001470575 0.001132203 0.00045062 0.0004511646 0 
0.2042951 0.194706 0.1159505 0.1291404 0.1668856 0.1919245 0.2300217 0.2280186 0.1905188 0.1364422 0.1477654 0.1796151 0.2421984 0.3373188 0.2726979 0.1766037 0.1444149 0.1499746 0.2260391 0.1704476 0.09183639 0.1000125 0.1100168 0.1118845 0.1316849 0.1243003 0.1083303 0.08698384 0.05995281 0.09306472 0.08595412 0.1195308 0.1391737 0.125871 0.1092737 0.1685075 0.3156739 0.1444438 0.09618336 0.06540233 0.05455478 0.08945531 0.1075636 0.03345395 0.02731244 0.01558224 0.01071599 0.0069552 0.005068307 0.003902735 0.003375923 0 0 0 0 0 
0.1853445 0.183736 0.1484293 0.1028281 0.103085 0.1428642 0.1894438 0.1489674 0.1557513 0.2007933 0.1976704 0.1787028 0.2072148 0.225725 0.1946256 0.1735431 0.1895435 0.231803 0.2415275 0.1998297 0.1243776 0.1136827 0.1077289 0.07020561 0.09497406 0.09027656 0.1300671 0.08366182 0.0536659 0.06259127 0.07565446 0.1370444 0.1701998 0.1447113 0.1539222 0.1341261 0.1432124 0.141909 0.08909342 0.07304213 0.06882118 0.06254808 0.06219054 0.03693553 0.02965015 0.02162185 0.01438349 0.007342521 0.005519101 0.004345063 0.003850716 0 0 0 0 0 
0.1512661 0.1435832 0.1506494 0.1116536 0.1489479 0.1179408 0.1507937 0.1718827 0.1601318 0.1611282 0.1922874 0.1727052 0.1885095 0.195033 0.1670694 0.1763496 0.161349 0.2114444 0.2262748 0.1714312 0.1283672 0.09491789 0.09591911 0.06465602 0.04713246 0.04718785 0.04330341 0.07973254 0.09520012 0.0780333 0.07555114 0.1478975 0.1470118 0.1250135 0.1183142 0.1144642 0.1306248 0.1625254 0.1176971 0.1127392 0.1136448 0.08404176 0.06045223 0.0351038 0.03160457 0.03111045 0.01778994 0.009158971 0.007171283 0.004812069 0.004812069 0 0.0008189655 0 0 0 
0.2586598 0.1669524 0.1427134 0.1064433 0.1059902 0.1337561 0.1839502 0.2014579 0.1778545 0.1799097 0.1938607 0.1764032 0.1602838 0.1625626 0.1830786 0.2189969 0.2041582 0.1961585 0.1594851 0.1281147 0.1496767 0.1303578 0.1217327 0.1082893 0.1181892 0.0952521 0.08524453 0.0792667 0.1006072 0.08785654 0.08169527 0.1695261 0.1534583 0.1429334 0.1406998 0.1622566 0.1494059 0.1457889 0.1480472 0.1282361 0.1281798 0.1063116 0.0799922 0.05162672 0.04416644 0.02945774 0.02315057 0.01885024 0.009946112 0.004816948 0.004816948 4.310345e-005 4.310345e-005 0 0 0.003534483 
0.2074047 0.1419651 0.1311853 0.0871821 0.1320431 0.1209245 0.1490126 0.1701251 0.18183 0.187922 0.2030104 0.1847454 0.1745523 0.1762821 0.1736565 0.1868523 0.1916932 0.1961874 0.165402 0.1483188 0.1460607 0.1487986 0.1607141 0.133975 0.1366482 0.1619339 0.1356127 0.07506631 0.08999929 0.1106224 0.1243611 0.1488719 0.139315 0.1338744 0.1507612 0.1514915 0.1834182 0.1272528 0.1265049 0.1165649 0.1108242 0.1336131 0.07725551 0.07126752 0.06591807 0.03287561 0.022307 0.001336207 0.005431035 0 0 0 0 0 4.310345e-005 0.001336207 
0.1519514 0.1110668 0.1158231 0.1122152 0.1429575 0.1307493 0.1297696 0.1669309 0.1813837 0.1735571 0.1801002 0.1852604 0.2482495 0.1967222 0.1723555 0.1542714 0.1804486 0.223198 0.1524699 0.1453367 0.1678422 0.1456106 0.1508964 0.135335 0.1272207 0.1789759 0.1066337 0.05720515 0.09168672 0.121391 0.157851 0.1539257 0.1493328 0.1404424 0.1539179 0.1711991 0.1660944 0.1293933 0.1126729 0.08957257 0.09912889 0.09869578 0.08918509 0.1303313 0.0801864 0.04251396 0.03446627 0.02280172 0.00612069 0.004612069 0.000387931 0.0003017241 0 0 4.310345e-005 0 
0.1206726 0.1111499 0.1227968 0.136856 0.1644293 0.1863381 0.1180002 0.1695401 0.1573286 0.1499732 0.1667435 0.1646545 0.2331591 0.2571266 0.2181849 0.1920807 0.2196941 0.2328738 0.1677781 0.1407686 0.1609467 0.1603 0.2032709 0.1624434 0.1289736 0.1687836 0.1204869 0.08400712 0.09892882 0.1223735 0.112136 0.1281374 0.1642015 0.1624618 0.1415985 0.1475339 0.1470046 0.141488 0.1351807 0.1053452 0.09869283 0.1040754 0.1005377 0.08379946 0.06317031 0.05714368 0.05364505 0.02387931 0.01775862 0.004353448 0.005258621 0.004698276 0.0001293103 0 0 0 
0.1063092 0.1431962 0.1303305 0.09948419 0.1588247 0.1156061 0.1070583 0.1244132 0.1103154 0.129479 0.1684137 0.1761368 0.2496213 0.2782871 0.2456993 0.2185364 0.1893643 0.2025271 0.1868404 0.1448541 0.1624756 0.1922484 0.1923912 0.1492957 0.1467088 0.1869962 0.1812608 0.1473697 0.1284312 0.104513 0.09981739 0.1312092 0.1534113 0.1463837 0.1839386 0.1339729 0.1652238 0.1501911 0.1278664 0.1089319 0.1246598 0.1305056 0.1319097 0.1078065 0.0845549 0.09071406 0.08826832 0.09043103 0.03668103 0.02133621 0.02461207 0.03211207 0.003405172 0 0 0 
0.113682 0.1070179 0.1572491 0.1207485 0.09892375 0.115815 0.1535635 0.1143961 0.1161455 0.1133198 0.1589482 0.1560871 0.1954406 0.2358216 0.1927509 0.1794105 0.1693784 0.1642404 0.1571528 0.1466548 0.1771189 0.2245488 0.1949997 0.189157 0.1607071 0.1733546 0.165101 0.1616543 0.1377042 0.1263069 0.1270568 0.1346442 0.1413204 0.1265131 0.1244533 0.1115399 0.1668531 0.228434 0.1374434 0.1554247 0.1518867 0.1518961 0.155482 0.1787249 0.1278296 0.1461836 0.1561839 0.1417241 0.09482758 0.05487069 0.04099138 0.03288793 0.0212069 0.01038793 0.00625 0 
0.1114632 0.09128892 0.1256509 0.1408565 0.0642038 0.09645405 0.1018409 0.1742097 0.1487373 0.1000199 0.1040858 0.1315392 0.1475365 0.1808057 0.1818666 0.1640611 0.1796141 0.1778726 0.1798622 0.1588121 0.2224835 0.2105472 0.1837773 0.2273746 0.2172018 0.1398024 0.15771 0.1596475 0.1307565 0.1282047 0.1043244 0.1226252 0.1126807 0.1127627 0.1225119 0.1210399 0.1520194 0.1842961 0.1474839 0.1716675 0.171176 0.1660398 0.1775602 0.2067356 0.1691438 0.1281485 0.1651892 0.2125862 0.1303448 0.07685345 0.06077586 0.04797414 0.03047414 0.04306035 0.01616379 0.003836207 
0.1583895 0.1329616 0.1251783 0.1329681 0.08853244 0.08876189 0.09532639 0.125402 0.1376684 0.1011344 0.09916133 0.1206357 0.1514201 0.1649121 0.2107871 0.1822623 0.1737293 0.2156425 0.1983551 0.1756176 0.2046 0.2335088 0.2151963 0.2234004 0.1866435 0.1796228 0.1509612 0.1421751 0.1360028 0.1369202 0.1139833 0.1089154 0.1038389 0.1102412 0.1308494 0.1484567 0.1881106 0.2614593 0.2159887 0.1923742 0.1902958 0.2005612 0.2817078 0.2764518 0.2274269 0.1561125 0.1974999 0.2248276 0.1940517 0.1731897 0.1364224 0.129181 0.07931034 0.06396551 0.04939655 0.02767241 
