ncols         56
nrows         54
xllcorner     28.264
yllcorner     -5.7719999999999
cellsize      0.25
NODATA_value  -9999
0.1954848 0.1761081 0.1606867 0.1672721 0.1495784 0.1516844 0.1362026 0.09659886 0.1192524 0.08666509 0.1451956 0.1384932 0.2275867 0.2353413 0.1629755 0.1357835 0.1158763 0.1349162 0.09971948 0.06807984 0.07453828 0.1245414 0.1448053 0.2108497 0.2621531 0.2366334 0.241276 0.3142965 0.2923888 0.2426885 0.2381604 0.261051 0.2736059 0.2601514 0.2640532 0.2447864 0.1665759 0.1358604 0.1530854 0.05457521 0.04912811 0.08430228 0.06429601 0.1986472 0.1339111 0.1058927 0.1100394 0.1011024 0.1439772 0.05397564 0.04116207 0.04345516 0.04719631 0.05206485 0.05975716 0.06325362 
0.2375172 0.2198069 0.1758015 0.1656969 0.1495373 0.1786149 0.1964468 0.1794124 0.2311371 0.1081276 0.1504574 0.1450906 0.1797413 0.1664779 0.2395027 0.1391091 0.138728 0.1435893 0.09973072 0.1511954 0.1629985 0.1704432 0.1776147 0.234288 0.2199809 0.2454006 0.2327086 0.2444053 0.2541243 0.2157376 0.2226516 0.2814843 0.2276991 0.206468 0.2513557 0.2321911 0.1685463 0.1434306 0.1190597 0.04909374 0.05965356 0.09939192 0.0988126 0.1174008 0.09547018 0.1017848 0.118945 0.1577531 0.07628421 0.04014136 0.0528254 0.05185733 0.04413634 0.05102659 0.05853827 0.06459813 
0.2338096 0.1997159 0.1675351 0.1531673 0.1546811 0.1803449 0.2147838 0.2132731 0.2173959 0.1460118 0.1164894 0.1695443 0.1252794 0.172197 0.330216 0.2679428 0.1513673 0.1302059 0.1054703 0.2968254 0.3519461 0.1650754 0.1034628 0.1822093 0.1897556 0.1735276 0.1974241 0.1991767 0.2458592 0.2156662 0.1920053 0.2320449 0.1932876 0.1794184 0.1825098 0.2258058 0.1901424 0.1663269 0.141999 0.1092623 0.06224168 0.08104109 0.08590543 0.1081793 0.1129723 0.1196227 0.1077472 0.02706108 0.01754795 0.0265734 0.04984859 0.05982116 0.04210226 0.04875056 0.05595177 0.06191487 
0.1805823 0.1807091 0.1707116 0.1519993 0.1962245 0.2131216 0.280825 0.2150441 0.1574103 0.1690868 0.1669592 0.1223473 0.126058 0.1715212 0.1514564 0.1817638 0.1159952 0.1090458 0.1163628 0.1406787 0.1883831 0.1844443 0.1377422 0.1596297 0.1051528 0.1164516 0.1849315 0.2513874 0.2259746 0.1730125 0.1509911 0.1546126 0.1677364 0.1743413 0.2415577 0.2002714 0.1926381 0.1471725 0.1118105 0.06476172 0.07677484 0.09284385 0.08683176 0.07440139 0.1137601 0.03656823 0.0585252 0.009785228 0.00460897 0.01246228 0.02636216 0.03267089 0.03961625 0.04594695 0.05273133 0.05888114 
0.2069494 0.1807063 0.1590873 0.1620195 0.1947978 0.2121056 0.2324816 0.1890875 0.1826729 0.2197377 0.2377627 0.1546435 0.196239 0.2731124 0.2167804 0.09784807 0.08481223 0.07492303 0.1125526 0.1250314 0.140104 0.1392572 0.1214914 0.1625115 0.09861626 0.09931388 0.09876103 0.1646488 0.1582177 0.09832152 0.1089197 0.1281676 0.1475003 0.1430122 0.1763454 0.1538395 0.1330887 0.1192715 0.08780313 0.09031136 0.1488574 0.1106805 0.1256289 0.0972034 0.05956276 0.04201272 0.04150156 0.02487852 0.004046868 0.01282085 0.02326478 0.03128359 0.0374226 0.04334762 0.04959529 0.05539923 
0.1688239 0.1922722 0.1803652 0.1809832 0.2099812 0.2093219 0.2053542 0.1469005 0.1833103 0.1938585 0.2304959 0.2032585 0.2222275 0.2702675 0.2534306 0.1843897 0.1211216 0.09451136 0.1062978 0.1383006 0.1248079 0.0938108 0.06706976 0.106176 0.07238864 0.08647633 0.1148112 0.1600282 0.1529691 0.126549 0.1097102 0.1050802 0.1374571 0.1533114 0.114779 0.07922582 0.1063093 0.08355395 0.077877 0.1362032 0.1532948 0.1014059 0.08193898 0.08378659 0.06916967 0.08947314 0.02256969 0.008066533 0.00854684 0.01382204 0.02653647 0.0305352 0.03577567 0.04121207 0.04687008 0.05212796 
0.2065561 0.2334675 0.2422774 0.2443327 0.2240685 0.2426603 0.212064 0.1511451 0.204072 0.208059 0.2015284 0.1797633 0.1850431 0.2318323 0.1766285 0.159965 0.132748 0.1120297 0.1253225 0.2345125 0.1954969 0.1061366 0.0889079 0.09288681 0.04872322 0.0871989 0.1270772 0.1349823 0.1451387 0.1225002 0.1167346 0.1070517 0.1170315 0.1714348 0.08416045 0.07550325 0.05746748 0.05340022 0.05560119 0.06835072 0.07799909 0.07799431 0.08344654 0.07509676 0.03107991 0.019221 0.006208073 0.005683505 0.01958623 0.0159834 0.02323333 0.03076901 0.04827253 0.04371926 0.04379477 0.04848301 
0.3609156 0.2635216 0.2021241 0.227718 0.2660376 0.2846504 0.2463083 0.197736 0.1878203 0.1859531 0.193003 0.2146513 0.2014248 0.2024282 0.1825435 0.1781033 0.1838551 0.1694209 0.2345987 0.2434917 0.1998832 0.1337092 0.07552742 0.0508395 0.03937266 0.04850787 0.0524433 0.05413798 0.06027303 0.05811394 0.06178901 0.05390641 0.09540466 0.162049 0.07146837 0.04984958 0.05202441 0.04398416 0.05913599 0.04210204 0.03665449 0.02569849 0.01057666 0.005076479 0.00386344 0.008336577 0.001158746 0.005333108 0.01984293 0.02096773 0.02851048 0.02801471 0.06469902 0.05654074 0.04094889 0.04524981 
0.3034833 0.2023044 0.2221746 0.2599743 0.2651995 0.2863527 0.261806 0.2506559 0.1983573 0.1733604 0.174773 0.2286035 0.2274746 0.2029446 0.2719592 0.2370665 0.1861735 0.2046906 0.257131 0.2231666 0.1478291 0.1410944 0.08854736 0.08257331 0.061148 0.0384587 0.01694824 0.01921022 0.03417037 0.01831559 0.02570696 0.04632118 0.03761421 0.06989181 0.03061028 0.0272202 0.06151829 0.03321958 0.03201748 0.009190376 0.008352072 0.00810131 0.003619547 0.01393677 0.02552005 0.01362462 0.004848459 0.009378026 0.02353388 0.04331838 0.05023617 0.02858701 0.0465862 0.0506017 0.03991209 0.0436716 
0.2004426 0.1642197 0.224818 0.2237718 0.2443414 0.2789055 0.2680458 0.2503899 0.2072763 0.2067549 0.2392497 0.1938785 0.2900257 0.2063349 0.2003237 0.1682548 0.1812424 0.1592251 0.1483893 0.1210869 0.1767261 0.1118277 0.09716203 0.04929753 0.01981435 0.01058829 0.01548388 0.01026031 0.02270994 0.008878666 0.009721708 0.020625 0.02675124 0.03489554 0.01210725 0.0245126 0.03731139 0.01547284 0.01169849 0.01632199 0.004179168 0.002924501 0.001822607 0.003345021 0.0154894 0.01129523 0.002970237 0.01266508 0.01394613 0.02643174 0.05259718 0.03019317 0.03295908 0.03643142 0.03978886 0.04289306 
0.246969 0.1557875 0.2281972 0.2208313 0.2147411 0.3136531 0.2985081 0.2723788 0.1950327 0.2036368 0.1991156 0.1888764 0.215632 0.214192 0.192975 0.1648513 0.1623762 0.1439727 0.1355133 0.1074723 0.1572388 0.09116422 0.07933164 0.03993902 0.01476852 0.007959947 0.01265799 0.01847274 0.003278851 0.004037924 0.002693095 0.01635146 0.03238121 0.02478799 0.01221916 0.01989322 0.0178861 0.004768482 0.002422434 0.01394959 0.01175107 0.003594004 0.001354145 0.007319162 0.004989026 0.004473466 0.006980273 0.01131973 0.01636419 0.02157703 0.02645437 0.02986466 0.0317299 0.03474696 0.0376712 0.04057923 
0.2642412 0.2087547 0.2528841 0.2775378 0.271351 0.2243607 0.2604215 0.2296956 0.1986672 0.2310145 0.2894939 0.189216 0.1815046 0.2473826 0.2280763 0.1975329 0.1598012 0.1957702 0.1386798 0.1312092 0.0995298 0.05149739 0.02365543 0.02426371 0.02744922 0.02223104 0.02437308 0.007582952 0.006521542 0.006375518 0.008609019 0.01065804 0.01315286 0.01194935 0.01281373 0.001442372 0.001518873 0.002970517 0.003879007 0.008203517 0.01030613 0.01622027 0.007324746 0.02155958 0.02008976 0.009433351 0.01167723 0.01423022 0.01693524 0.01974707 0.02258496 0.02588956 0.02721048 0.02938565 0.03156232 0.03346828 
0.3208816 0.2567239 0.1813596 0.241522 0.2500458 0.2740173 0.3255247 0.2777939 0.26858 0.2942867 0.3152216 0.3228637 0.2288634 0.2223183 0.2200872 0.2608973 0.2174213 0.1562638 0.1711236 0.1838154 0.1370589 0.05899569 0.02581945 0.01664003 0.0129127 0.01034866 0.01716172 0.004816504 0.00343432 0.003023623 0.00528734 0.005720853 0.005491714 0.004254804 0.005036948 0.006349575 0.008677843 0.01124414 0.01517158 0.01151872 0.0152695 0.01741562 0.01247198 0.01251829 0.01232399 0.01227335 0.01259339 0.01434519 0.02535252 0.02713191 0.02045299 0.03856956 0.02369344 0.02543884 0.0384318 0.04630257 
0.2505923 0.2023188 0.1870921 0.2817438 0.2690459 0.311887 0.3080988 0.2855961 0.2192447 0.2463944 0.2584642 0.2310425 0.188105 0.2043012 0.1695268 0.2383409 0.2135122 0.1922762 0.1466691 0.1209896 0.1674305 0.1163137 0.03774611 0.03195934 0.0100486 0.007294095 0.006849802 0.002386963 0.001554562 0.004004251 0.001761822 0.001893784 0.004225559 0.0052302 0.007640198 0.01238966 0.01453304 0.01542221 0.01690092 0.01383986 0.03173332 0.01449352 0.01409032 0.01653794 0.0315097 0.01306642 0.02099046 0.02517563 0.01917457 0.02699113 0.05830466 0.06827726 0.03590489 0.03740018 0.07328361 0.08275711 
0.2721334 0.2037377 0.1829902 0.2269128 0.15184 0.1617028 0.2435037 0.2418978 0.2303691 0.1900946 0.2235234 0.2142395 0.1866834 0.2080551 0.1887773 0.219678 0.2683728 0.276128 0.2159243 0.1906668 0.1549484 0.1635507 0.06708359 0.05965894 0.01213019 0.005796865 0.004648964 0.001888347 0.001185969 0.001202948 0.001281898 0.003043288 0.005133619 0.006538294 0.008989355 0.01461914 0.01657134 0.01744216 0.01894421 0.03355212 0.01487265 0.03254883 0.02333573 0.02437156 0.01418445 0.0133484 0.01095241 0.01149192 0.0298428 0.02367779 0.0605453 0.05861585 0.03836343 0.06412483 0.09370416 0.06612866 
0.3556135 0.2651017 0.2625882 0.23716 0.166239 0.1751551 0.3868491 0.2323857 0.2096928 0.2339072 0.1851055 0.1844398 0.2052529 0.1611228 0.2349832 0.1994668 0.214306 0.2597589 0.2386049 0.2305002 0.1872021 0.1181228 0.08705676 0.04405283 0.01241069 0.003400369 0.00244378 0 4.903211e-005 0 3.374107e-005 0.001906012 0.003079594 0.00463526 0.006594906 0.01127956 0.01272468 0.01335653 0.01437342 0.01384366 0.0129313 0.01285191 0.0126929 0.01711833 0.01400306 0.01020292 0.0086196 0.00902073 0.02313278 0.01011052 0.02867202 0.01673518 0.02926967 0.03214658 0.04087231 0.01937015 
0.2041516 0.1958107 0.2881991 0.2285723 0.1849851 0.2768346 0.2658268 0.3074213 0.2038652 0.1670186 0.1300427 0.1534985 0.1706481 0.1424676 0.1872197 0.1935355 0.2291932 0.2202428 0.1615597 0.136518 0.1499768 0.115683 0.1329079 0.06483123 0.01913476 0.005007518 0.001644926 0 0 0 0 0.001091407 0.003297656 0.003801516 0.005713297 0.009914516 0.01138739 0.01185916 0.01513344 0.01179225 0.01152408 0.01155287 0.01141841 0.01208448 0.01130464 0.007728467 0.007224023 0.007629172 0.02130124 0.01463612 0.0158435 0.01860238 0.01374116 0.01038135 0.02098471 0.01478972 
0.405053 0.2523681 0.1782091 0.2481168 0.3663589 0.2175851 0.2860873 0.2425274 0.1830643 0.163511 0.1452425 0.1665027 0.1815363 0.2016332 0.1913036 0.2320268 0.2496601 0.2864783 0.1996853 0.1230884 0.1509782 0.1415176 0.08719579 0.0346044 0.03628689 0.02565741 0.01244625 0 0 0 5.139963e-005 0.0005595878 0.002310488 0.003053515 0.007419789 0.01041827 0.01055136 0.009985168 0.01099276 0.01023812 0.01013543 0.01012959 0.009912803 0.01019992 0.008972007 0.005821887 0.01040913 0.00529113 0.005968018 0.01059018 0.0218395 0.02810159 0.02647664 0.03844344 0.03502088 0.02139901 
0.2949193 0.1904351 0.1817598 0.2326992 0.245571 0.2435941 0.2340648 0.2835242 0.1947475 0.1379209 0.1091282 0.1355277 0.165279 0.22831 0.2479993 0.2401295 0.2025295 0.2473845 0.3077701 0.2186692 0.2240224 0.3022324 0.07518313 0.03262375 0.03549193 0.0387396 0.01752495 0 0 0 0 0.001334758 0.002634002 0.01745301 0.008376559 0.007082095 0.007750607 0.008047462 0.01033577 0.008648049 0.008629049 0.008538547 0.008231037 0.008123598 0.005953426 0.003836606 0.002452324 0.006470895 0.03642908 0.005635321 0.006964413 0.03324049 0.04535123 0.07366026 0.03758066 0.0188255 
0.1740019 0.1714734 0.1918303 0.2500806 0.2526974 0.2253616 0.3511428 0.2945226 0.1366206 0.11131 0.08113513 0.06965039 0.1219492 0.1439846 0.2070432 0.185447 0.1737007 0.1305627 0.3180847 0.2871757 0.2637113 0.2387315 0.1302678 0.06319764 0.04497692 0.01708335 0.01483298 0.01027188 0.008684533 0.007945832 0.00980822 0.01301108 0.009917336 0.00310779 0.003397322 0.004170426 0.004794458 0.004896277 0.005590909 0.006060242 0.006146272 0.006108215 0.005810978 0.005028666 0.003436783 0.002613215 0.003040838 0.004151884 0.004619803 0.005681067 0.007897664 0.01790443 0.02718638 0.05151909 0.03059753 0.01960785 
0.1617642 0.1861963 0.2006441 0.3456083 0.2678399 0.2567987 0.2378566 0.2683081 0.152092 0.07195975 0.04956595 0.03598508 0.05218805 0.08861605 0.1469011 0.176853 0.1363386 0.1224881 0.2765033 0.3087697 0.3605965 0.2032058 0.1523123 0.1255246 0.09752835 0.07751552 0.01639128 0.01433686 0.01580342 0.01221876 0.008540688 0.006651947 0.005139593 0.004035453 0.00330926 0.001632472 0.001711912 0.001513013 0.002515191 0.003400235 0.003151189 0.003104781 0.002811642 0.00204747 0.002108521 0.002313682 0.002646297 0.003536537 0.00420403 0.005077908 0.005750913 0.007485056 0.01659163 0.02476304 0.02064754 0.01915539 
0.1613744 0.2293995 0.2110203 0.3024873 0.252079 0.1446756 0.09200037 0.1350944 0.1010855 0.04327665 0.05602799 0.05514574 0.07792829 0.2365858 0.1911832 0.1145068 0.1006955 0.08176652 0.1641961 0.2144063 0.2401669 0.2449925 0.1895883 0.1648408 0.1368324 0.09067294 0.04266971 0.02022826 0.01621633 0.014363 0.01252281 0.01019771 0.008338476 0.006695202 0.005302874 0.002268206 0.001419905 0.001250806 0.00116911 0.001994532 0.00200479 0.002024071 0.002052328 0.00192386 0.002667876 0.004707919 0.003227485 0.003432746 0.003677512 0.004754307 0.005380081 0.00723624 0.01037791 0.01137338 0.02465801 0.01839679 
0.2587974 0.1482868 0.1364956 0.2108075 0.1650152 0.1147074 0.06851871 0.04387961 0.03329701 0.03936127 0.02302738 0.03068997 0.04985259 0.1464079 0.1336172 0.1103363 0.07921222 0.1086613 0.1273723 0.2038593 0.2036382 0.243971 0.2612967 0.2249966 0.1673715 0.06735001 0.04835428 0.02577359 0.02198879 0.02031432 0.01813183 0.0154142 0.01325094 0.01094748 0.00850527 0.003474884 0.001989631 0.001225345 0.00115067 0.002199366 0.002648681 0.002062636 0.002056391 0.004580834 0.004387843 0.001996019 0.002258933 0.003023957 0.003659244 0.003821317 0.007339973 0.00654989 0.01056991 0.01910102 0.0212045 0.02142064 
0.1762882 0.1447299 0.1181586 0.1437121 0.1612935 0.1418944 0.05591515 0.04174168 0.02576799 0.02818 0.03720634 0.01423294 0.05122581 0.1035043 0.1069142 0.1392989 0.1168844 0.08736957 0.0945757 0.1884001 0.1778627 0.1473736 0.1565304 0.1535666 0.1008892 0.06893051 0.06000881 0.0602008 0.05952812 0.04715695 0.04392257 0.04070453 0.03559368 0.02967946 0.02277208 0.005732692 0.003094727 0.001670342 0.001590432 0.002325032 0.002143491 0.002032864 0.001989017 0.001322725 0.001303776 0.001338917 0.001671866 0.001174827 0.001342014 0.002764132 0.007374073 0.01105359 0.008922616 0.009657023 0.01530566 0.02761604 
0.1397564 0.157262 0.1680046 0.1988486 0.1145341 0.1724975 0.09050133 0.0437266 0.0539478 0.01386514 0.01367666 0.01253082 0.03615776 0.07321015 0.06044113 0.06473127 0.04672053 0.05054209 0.037829 0.09013758 0.09993 0.08946818 0.1078815 0.1214217 0.1017438 0.07696249 0.08182002 0.08248343 0.07289536 0.0601912 0.05600323 0.0524614 0.04667881 0.03770995 0.02877844 0.01051266 0.003770339 0.001915234 0.002587196 0.002664537 0.002249853 0.002072381 0.001992974 0.001306535 0.001264917 0.001289609 0.001327667 0.001298646 0.001845067 0.002964963 0.008489339 0.009788305 0.006303332 0.005921633 0.01670975 0.01749624 
0.1434482 0.1557759 0.1973973 0.1934277 0.1298856 0.1230176 0.164188 0.04952209 0.06279918 0.02520465 0.024139 0.02675849 0.03427123 0.03852758 0.05220154 0.06090594 0.05827961 0.03542987 0.03698473 0.06989641 0.07650309 0.07395802 0.1103347 0.1295827 0.126744 0.104517 0.0854225 0.1130652 0.1092308 0.07845225 0.06094777 0.0619212 0.05463755 0.05286951 0.03511244 0.007933146 0.004237016 0.002173035 0.001969521 0.002812389 0.002745213 0.00224597 0.002143783 0.001390292 0.001328597 0.001432117 0.00980946 0.007354063 0.001412382 0.002674468 0.006705228 0.009752141 0.005757962 0.01298242 0.0298834 0.01263806 
0.1685839 0.1482559 0.1217771 0.1586855 0.1032133 0.160449 0.1213753 0.04133813 0.01168242 0.003202859 0.04829445 0.03797193 0.03261036 0.04704496 0.03657855 0.0593573 0.04522537 0.05191657 0.05667844 0.07852946 0.08564181 0.1118825 0.1083506 0.1180624 0.1289756 0.1254888 0.1178136 0.1347532 0.1205369 0.08482378 0.07165138 0.07239524 0.06353193 0.07350337 0.03322614 0.008710383 0.006432286 0.002449868 0.00222387 0.005601592 0.005868156 0.004659721 0.002705466 0.002487544 0.002188899 0.001546261 0.006630655 0.005655816 0.005506017 0.001984605 0.003652439 0.0230244 0.01579495 0.006424148 0.01589132 0.009128445 
0.1218841 0.1606375 0.1287989 0.1651954 0.1091397 0.1273713 0.1247913 0.03315763 0.02075585 0.01499053 0.0332641 0.03157175 0.02541795 0.04052201 0.06642813 0.05020924 0.04374535 0.07095666 0.07497115 0.09017482 0.104514 0.108459 0.1333791 0.1340196 0.1398389 0.1185849 0.1340726 0.1055572 0.1183052 0.1129021 0.09769695 0.0753841 0.06224203 0.05111219 0.03644129 0.01291842 0.007268041 0.004472887 0.003755456 0.004503862 0.005196966 0.006727704 0.004886782 0.002076356 0.005111708 0.007476395 0.003837314 0.002652053 0.005273868 0.008919032 0.01392717 0.02524398 0.03395849 0.03586457 0.02811352 0.01980356 
0.1645077 0.1566978 0.1255872 0.1305199 0.1038507 0.09641339 0.07555906 0.04440049 0.04522491 0.02387152 0.01861548 0.02316852 0.05497203 0.05361851 0.04173371 0.06396317 0.05335701 0.08619962 0.06239475 0.07844254 0.07646241 0.1059146 0.1570537 0.1556124 0.1655645 0.1586503 0.1325783 0.1223213 0.1247545 0.115871 0.1144611 0.101938 0.080736 0.04743244 0.03607089 0.01427171 0.007659661 0.004562727 0.005475312 0.005348207 0.007081324 0.007427728 0.005670697 0.002833257 0.005798341 0.004870872 0.007912646 0.00434381 0.006113383 0.01552879 0.01770507 0.02587156 0.03965058 0.03288875 0.04060362 0.02578956 
0.2255891 0.1508839 0.0931474 0.09684038 0.04861711 0.04798219 0.05511437 0.029005 0.02036015 0.01164045 0.005345032 0.01279278 0.01890676 0.01578474 0.01944631 0.07613365 0.0372365 0.08860601 0.07809366 0.06656414 0.0598842 0.08907894 0.101588 0.1428752 0.1597107 0.1576506 0.1415091 0.1338913 0.1317046 0.1221396 0.1101355 0.09998873 0.08758535 0.04706537 0.03683941 0.01505583 0.007999238 0.006777356 0.009959942 0.005283366 0.007706976 0.005595522 0.004477351 0.003356419 0.004131667 0.004401387 0.008182424 0.004124571 0.00552672 0.009298569 0.02065836 0.02576815 0.04040432 0.05926378 0.06179471 0.05601998 
0.1833114 0.1483983 0.1069965 0.04431142 0.03273633 0.0130201 0.007766481 0.01395715 0.01439995 0.006213209 0.004978837 0.01000022 0.02176318 0.01899238 0.01455081 0.01426233 0.03013068 0.03495982 0.02656547 0.06745911 0.06776908 0.13566 0.07187707 0.1001272 0.1357688 0.1123017 0.1368836 0.1409983 0.1535566 0.1237624 0.1024408 0.0863523 0.07347976 0.04240124 0.03388169 0.02833739 0.01363074 0.005600655 0.008409633 0.005697548 0.005108 0.004814864 0.006443941 0.003189913 0.003332878 0.004629883 0.007011473 0.007665829 0.00970073 0.01969303 0.02154408 0.03085114 0.05305804 0.07117432 0.06540897 0.06199104 
0.15988 0.1482622 0.08042767 0.02251484 0.009456384 0.003324114 5.455748e-005 0.005105308 0.008696262 0.007963303 0.004979922 0.008339669 0.03705836 0.04135885 0.009895703 0.02072048 0.02719995 0.05406611 0.04297005 0.07151511 0.08695994 0.08369911 0.08168624 0.09939789 0.1314239 0.120827 0.1049626 0.1197583 0.132047 0.1289687 0.08834127 0.06974772 0.07662649 0.04248013 0.0266427 0.04116022 0.04446108 0.009146863 0.008298877 0.005177849 0.006347178 0.008156345 0.01306353 0.009108994 0.002365947 0.003920753 0.005454931 0.01736602 0.01899747 0.03010407 0.02493194 0.02286024 0.05314104 0.08102459 0.07523116 0.1177997 
0.1639139 0.08858879 0.04145309 0.003745237 0.0006605806 3.646823e-005 0.001104274 0.01835459 0.006785445 0.002349552 0.007494929 0.004735861 0.0136682 0.03088271 0.009964987 0.02070802 0.03972564 0.05042459 0.07646234 0.07855272 0.09961679 0.08231997 0.07170502 0.0907806 0.1202388 0.1076331 0.09243187 0.1106773 0.1309867 0.1279959 0.08107908 0.05033423 0.0510953 0.04986357 0.02779649 0.01688222 0.01303216 0.009894666 0.008878532 0.006503499 0.008592497 0.009463796 0.01576824 0.01598441 0.0111142 0.01080219 0.008850529 0.02054623 0.03598711 0.03740738 0.0814094 0.07524268 0.1140061 0.1257382 0.08405155 0.1307695 
0.133311 0.06118503 0.01458822 0.009495394 0.004926739 0.003837169 0.002608318 0.003334648 0.001116932 0.003077847 0.005136999 0.004496194 0.01411353 0.07616697 0.04252236 0.03550328 0.01868034 0.03151114 0.03298607 0.05313725 0.08805636 0.07727201 0.06557001 0.07515006 0.0768865 0.09678318 0.08942737 0.08942135 0.0957158 0.1022488 0.07196572 0.0414072 0.04012216 0.03048871 0.02356508 0.01709023 0.01471564 0.01084103 0.008717696 0.007250071 0.007186753 0.01494015 0.02127849 0.04842473 0.04645156 0.03724543 0.03100553 0.07637022 0.1202796 0.1288096 0.1587625 0.1554257 0.174421 0.1478788 0.09036547 0.1393488 
0.0730471 0.05648172 0.01509748 0.00864382 0.008641872 0.004155619 0.003079001 0.0007641563 0.001193087 0.001380338 0.001453816 0.006721612 0.001890115 0.02108016 0.04690485 0.007368552 0.02601627 0.02602891 0.04802505 0.06123782 0.06657473 0.05827325 0.05007673 0.06168428 0.0772748 0.08557899 0.06945948 0.06914491 0.06882758 0.07415839 0.05918137 0.03286364 0.05745401 0.02424184 0.01639802 0.01237742 0.01306465 0.008829204 0.007944081 0.006903225 0.00660603 0.01229836 0.02442961 0.06077475 0.06245691 0.06996606 0.07612301 0.1531254 0.1957002 0.245017 0.3331596 0.3115772 0.2982237 0.2277318 0.2055714 0.1511433 
0.1179423 0.05601339 0.02847793 0.005519137 0.00425559 0.004644349 0.0006778403 0.0005172701 0.0005366706 0.0005588526 0.0005839129 0.003930685 0.005234407 0.01138973 0.01056109 0.03400939 0.03852609 0.03448718 0.04590164 0.0494566 0.0810954 0.02764001 0.03049413 0.05539984 0.05974085 0.08602218 0.06548137 0.05095916 0.039831 0.05173057 0.03450877 0.01713915 0.01353028 0.009741182 0.008422734 0.00798328 0.00807153 0.006945986 0.006075149 0.006282862 0.0070391 0.01519833 0.0292648 0.04373618 0.05065345 0.09401544 0.1266692 0.1876821 0.2367747 0.312284 0.399493 0.347598 0.362235 0.3946485 0.3488143 0.214584 
0.03142794 0.0106783 0.01191356 0.004396468 0.005083677 0.002865016 0.003012009 0.0005029061 0.0005238372 0.0005425649 0.000554242 0.00324732 0.005382488 0.005755125 0.01783307 0.02603855 0.02422259 0.02306577 0.03383818 0.03267591 0.03524005 0.01414376 0.01386035 0.04271675 0.07392916 0.07364615 0.07631831 0.05120268 0.03780539 0.0262086 0.02151785 0.01613181 0.0122744 0.006581549 0.006208682 0.005586317 0.005407902 0.005324315 0.006663774 0.008176669 0.007028977 0.01139787 0.02032772 0.0410586 0.05939287 0.08327006 0.1251354 0.2207512 0.2816098 0.3244525 0.428319 0.412731 0.5479418 0.6437553 0.4929838 0.4281438 
0.01542765 0.01485631 0.005216879 0.0008741707 0.001066778 0.0005304542 4.62143e-005 0.0008649016 0.002288613 0.0005157852 0.0005199198 0.006089312 0.003705259 0.00332093 0.008086511 0.009482443 0.02544289 0.0134931 0.008125696 0.005860845 0.01099028 0.01359565 0.04364507 0.03427746 0.06075534 0.06830553 0.05734722 0.04519342 0.0392908 0.02380908 0.01653673 0.009014193 0.006360913 0.004807996 0.004379592 0.0043544 0.003934582 0.006311974 0.008723974 0.002738059 0.003131964 0.008922656 0.02067419 0.05550092 0.07423755 0.09920029 0.173255 0.2447901 0.3003173 0.3227313 0.4386386 0.523244 0.7233973 0.68006 0.6068882 0.4634583 
0.02107096 0.01548931 0.004699612 0.001837864 8.215102e-005 0.000246531 0.001066965 0.003804502 0.001548943 0.0004750593 0.001070324 0.005180574 0.001074176 0.001407167 0.0050065 0.008975121 0.01058904 0.005648989 0.004864274 0.01637525 0.006179729 0.00556819 0.01716823 0.03518276 0.05558874 0.04098564 0.0361519 0.02533876 0.01930147 0.01863454 0.01409237 0.008173156 0.005922088 0.004505966 0.004108259 0.004146648 0.004042229 0.006493842 0.006318547 0.005889305 0.005521586 0.0169744 0.02286814 0.06909112 0.09765182 0.1183506 0.206768 0.2905806 0.3334742 0.3749411 0.5302382 0.6090308 0.666357 0.5607477 0.5381888 0.5300833 
0.01948652 0.005590531 0.001567189 0.0001765067 3.694022e-005 0.001508553 0.002245894 0.002360615 0.002946376 0.0004552254 0.001357469 0.00120431 0.0005839444 0.009458728 0.02026407 0.01815492 0.01134267 0.002531479 0.0009892631 0.005048096 0.002553676 0.003724057 0.005475296 0.02410327 0.03756016 0.03723436 0.02318251 0.01288514 0.01206318 0.01084747 0.009166085 0.008110422 0.00671149 0.005033788 0.004970107 0.002819811 0.002619462 0.003187517 0.00537037 0.01431951 0.01170607 0.02226265 0.04694602 0.08375324 0.1054811 0.160054 0.2513744 0.2604308 0.324901 0.5429408 0.6677607 0.4767886 0.4495966 0.5349798 0.6193718 0.5274584 
0.01374494 0.00140828 0.001084501 0.0003599531 2.993989e-005 0.001351334 0.001498627 0.00174157 0.00444904 0.0003942425 0.0003984034 0.0007139409 0.0007142252 0.0005332743 0.001504815 0.0006315433 0.0002852074 0.0004084859 0.0007144815 0.00148907 0.001921636 0.002769622 0.004042757 0.01455012 0.01364651 0.03097958 0.01057581 0.009816501 0.009403609 0.008620579 0.007453314 0.006809733 0.008139784 0.00696095 0.006081356 0.002639519 0.002222158 0.00317279 0.00641925 0.01284614 0.00992701 0.02110024 0.04277583 0.08727334 0.1205502 0.1754208 0.252052 0.3438469 0.5023999 0.5887204 0.5111988 0.3177469 0.3524757 0.3758182 0.5367298 0.5562084 
0.01066621 0.001829237 9.200806e-006 2.166023e-005 0.0007305708 0.001790675 0.001978296 0.0002964305 0.0003310973 0.0003559985 0.0003696433 0.0004999966 0.0005178488 0.001086936 0.0005945317 0.0002268651 0.000210536 0.0003105866 0.0005254864 0.002553308 0.00333934 0.004311238 0.003043263 0.01727478 0.01773752 0.0103831 0.006963128 0.007781273 0.007647357 0.007193245 0.006485675 0.007639617 0.006219265 0.006191318 0.007745704 0.002697742 0.002570492 0.003634509 0.006250914 0.008654906 0.01183447 0.02495469 0.04328341 0.0806879 0.1002281 0.1666923 0.2108344 0.3426814 0.4712406 0.3934816 0.4049076 0.2638498 0.3473568 0.3417857 0.3719077 0.394 
0.01279968 0.004793068 0.001723069 1.7545e-005 0.0007179343 0.0008800511 0.0005667126 0.0002591124 0.0002874312 0.0003201209 0.0003538332 0.0005028049 0.0005447453 0.0005620992 0.0005517181 0.0002775037 0.0002725802 0.0003545771 0.0005207502 0.003353676 0.003994918 0.001829018 0.002575851 0.007507239 0.005462506 0.005946117 0.005989091 0.006805954 0.00684564 0.01242104 0.05573814 0.006963793 0.006478898 0.007563502 0.005177764 0.007125147 0.0207694 0.006120257 0.01052857 0.01857053 0.01779993 0.02094655 0.03357531 0.07656986 0.1052629 0.1438648 0.2060176 0.3052293 0.2549477 0.3582024 0.4370232 0.2928168 0.3435538 0.346405 0.2832347 0.2895 
0.01657545 0.005896939 0.001835198 0.0002804996 0.0002811984 0.0001638177 0.0001276402 0.0003026066 0.000182813 0.0002342311 0.0002789859 0.0004720814 0.000424401 0.0004549738 0.0004638071 0.0004623628 0.001537516 0.0005601667 0.0007223639 0.0007986582 0.0009429711 0.001242232 0.00168292 0.001004913 0.001205592 0.001328531 0.001381698 0.00165776 0.001718985 0.01813721 0.06037185 0.008369618 0.008337181 0.008008398 0.007092414 0.03163584 0.1499666 0.01045866 0.01005618 0.01409817 0.01738118 0.02740184 0.04385548 0.08211217 0.1070703 0.1338799 0.1758201 0.2053078 0.2503107 0.3231576 0.2858881 0.2246666 0.3213334 0.2218333 0.1708333 0.1875833 
0.02092118 0.01630631 0.006530418 0.0001160909 0.0001680006 0.0002159299 9.792405e-005 0.0001581085 0.000149308 0.000219441 0.0002806744 0.0004718113 0.0004450905 0.0004924396 0.0005179341 0.0005324049 0.0005579002 0.0006481034 0.000716515 0.0007330104 0.0008189026 0.001013879 0.001306482 0.0007628129 0.0008996573 0.001011265 0.001108528 0.001395487 0.001497981 0.00202584 0.01021066 0.01197874 0.01463861 0.01307452 0.008353224 0.005884003 0.005955473 0.008006092 0.01133 0.01557012 0.01919299 0.02886818 0.04454515 0.08269925 0.105803 0.1334618 0.1560168 0.1454977 0.2211149 0.2997365 0.25933 0.1587916 0.1849583 0.158875 0.1127917 0.1278333 
0.008332524 0.005121883 0.002095592 0.0001476039 4.25265e-005 0.0004087529 0.0001896787 0.0001119262 0.0001373502 0.0001839409 0.000253569 0.0004144871 0.0005031919 0.0005687558 0.0006092931 0.000638555 0.0006796162 0.0007295451 0.0007828389 0.0007543372 0.0008053262 0.0009266013 0.001109684 0.0006231788 0.0007078203 0.0008052642 0.0009145246 0.00119306 0.001309634 0.002358194 0.004915479 0.01042566 0.01420316 0.01417559 0.01382974 0.008683742 0.008330437 0.009279155 0.01308974 0.01790657 0.02191672 0.03110943 0.04556945 0.08441469 0.1152109 0.1412799 0.1480291 0.1623844 0.2426805 0.269435 0.254825 0.1347083 0.1509583 0.135125 0.074375 0.077 
0.005125498 0.002844905 0.001458569 8.530702e-005 3.781464e-005 0.0001735734 7.981827e-005 0.0001154902 0.0001467694 0.0002054124 0.0002928297 0.0004865289 0.0005991908 0.0006794862 0.0007370238 0.0007789244 0.0008611756 0.0008849412 0.0009204592 0.0008631817 0.0008988907 0.0009799103 0.001098241 0.0005864794 0.0006430381 0.0008230791 0.0008100727 0.001053278 0.001331449 0.003745642 0.01368355 0.010888 0.01271728 0.01026724 0.01122623 0.007747025 0.0085466 0.01105033 0.01528789 0.02101549 0.02570083 0.03456056 0.04956153 0.08489652 0.1037692 0.1263264 0.1443316 0.1959625 0.2401924 0.28194 0.2595412 0.132 0.168875 0.09545834 0.06275 0.1015833 
0.001702807 0.003051872 0.001543443 6.939503e-005 0.0001022993 2.421434e-005 6.782646e-005 0.0002168358 0.0003963803 0.0004169743 0.0003740207 0.0006285341 0.0008047019 0.0008883871 0.001002004 0.001101471 0.001192525 0.001242325 0.001267593 0.001253444 0.00127986 0.001330497 0.001400744 0.0004636454 0.0008071538 0.0005310844 0.000590733 0.0006170287 0.002303777 0.01072965 0.01106708 0.009041771 0.009645582 0.01008633 0.008494496 0.008009219 0.008272094 0.01125085 0.01599026 0.02977797 0.03566534 0.04867568 0.06234749 0.07311939 0.0968461 0.1034256 0.1541393 0.1821667 0.1829167 0.2422083 0.1397917 0.1125833 0.118125 0.06145833 0.06395833 0.09599999 
0.0005921022 0.0007735115 0.0008502819 0.0001410733 9.884646e-005 2.171238e-005 2.437871e-005 0.0001362432 0.0001842954 0.0002768071 0.0004116233 0.0007092327 0.001012677 0.001013163 0.001112528 0.001270802 0.001375988 0.001421291 0.0014585 0.001388655 0.001395975 0.001398062 0.001384245 0.000484942 0.000429693 0.0004551835 0.0005016213 0.001310964 0.003310104 0.006126451 0.00798163 0.009211799 0.01004062 0.01089448 0.009427126 0.009222768 0.009136125 0.0125508 0.02129109 0.03277957 0.04004809 0.04881559 0.06414814 0.07716488 0.0942544 0.0985512 0.1449396 0.1838334 0.1540417 0.1609583 0.13375 0.08512501 0.1000833 0.07800002 0.06379167 0.06066667 
0.0004614668 0.002075628 0.0003746182 0.00012384 8.678784e-005 9.906124e-006 0.0001258059 0.000139514 0.0001910185 0.0002899162 0.0004343249 0.0007478792 0.00097886 0.001075886 0.001185228 0.00135328 0.001470762 0.001511451 0.00150812 0.001452625 0.001567592 0.001417014 0.001345039 0.000403748 0.0003822967 0.000390895 0.0007941485 0.001724941 0.003270024 0.005629816 0.008592837 0.00964987 0.01075936 0.0108892 0.01041677 0.01049104 0.009738548 0.01331892 0.01939125 0.03417767 0.04981719 0.04969843 0.06024921 0.07664653 0.08243816 0.08751844 0.1198114 0.09829167 0.1360417 0.170125 0.1774583 0.1005417 0.08929166 0.053 0.05408334 0.05712499 
0.0008117844 0.001655685 0.0001897284 8.659567e-005 1.81079e-005 1.00299e-005 2.457975e-005 0.0001994725 0.0002254124 0.0008196494 0.0007700446 0.0007494697 0.0009278577 0.001072255 0.001184493 0.00195253 0.001473719 0.00151693 0.003763194 0.00144644 0.002076596 0.001380997 0.001283013 0.0003741622 0.0005934748 0.0003559042 0.001599865 0.002658366 0.004253153 0.006611643 0.009418565 0.01012274 0.01112646 0.01185257 0.0114323 0.01147413 0.01048078 0.01363944 0.01861269 0.03447591 0.04373402 0.04790614 0.066538 0.06855966 0.07791409 0.08561226 0.08114933 0.06408333 0.1479167 0.116875 0.174375 0.1081667 0.09641666 0.04854167 0.05691666 0.05475001 
0.0002841706 0.0003450902 0 1.787113e-005 2.566186e-006 2.213486e-005 2.826596e-005 0.0001501189 0.0002697718 0.0003090867 0.0004823705 0.001844158 0.001009973 0.001108244 0.001700895 0.001677342 0.001443463 0.001488113 0.00146658 0.002055149 0.003669857 0.001311336 0.001190313 0.0009125493 0.0008049375 0.001409098 0.003207398 0.002785806 0.003999736 0.005760246 0.0079403 0.009008283 0.009896825 0.01099195 0.01145318 0.01165328 0.009959163 0.01062535 0.0139924 0.03746463 0.04272762 0.05430739 0.07982368 0.06767929 0.07440698 0.0829689 0.07908271 0.025625 0.1224167 0.13125 0.1087917 0.1055833 0.08354165 0.04770833 0.050625 0.04916667 
0.0005043208 0.0003391481 5.446094e-006 0.0002377797 2.560799e-006 1.162321e-005 0.000103859 0.0001947249 0.000208798 0.000311114 0.0004581557 0.001129673 0.001690596 0.001275127 0.001437049 0.001335774 0.001448485 0.001495795 0.00146505 0.005461066 0.001368023 0.001276335 0.001127401 0.0008309539 0.001073734 0.001672939 0.002568227 0.003095488 0.004319043 0.006061296 0.008267515 0.009089103 0.01006508 0.01109745 0.01215764 0.01291137 0.01173297 0.01302247 0.01541488 0.0350345 0.04068575 0.05921999 0.06826108 0.06500845 0.07461128 0.07472379 0.07933649 0.03379167 0.09254167 0.07891667 0.08354167 0.1429583 0.09645835 0.04333333 0.05075 0.04658334 
0 0 0 7.369034e-006 8.100103e-006 1.126207e-005 2.755102e-005 0.0001489663 0.0001971465 0.0002927997 0.000430808 0.0006839423 0.0008410033 0.001158017 0.001097427 0.001271421 0.001381251 0.001432063 0.00139648 0.01117524 0.007170897 0.001202504 0.001042523 0.000788133 0.001108869 0.001718086 0.00259812 0.003215632 0.004463075 0.006188922 0.008402835 0.009129166 0.01027086 0.0114809 0.01271684 0.01394886 0.01360123 0.01569066 0.02041759 0.03603321 0.03905108 0.07970861 0.05036338 0.05915546 0.06852577 0.06513944 0.07045305 0.035625 0.041375 0.04754167 0.09762499 0.1392917 0.09154166 0.038875 0.04866667 0.05266668 
