ncols         56
nrows         54
xllcorner     28.264
yllcorner     -5.7719999999999
cellsize      0.25
NODATA_value  -9999
0.2188665 0.2121632 0.1732859 0.1329676 0.08421737 0.1131385 0.1676682 0.1934305 0.1593049 0.1095766 0.1253639 0.1405484 0.1238128 0.1026802 0.09656648 0.06308556 0.05843491 0.06919669 0.07845251 0.07733765 0.08206632 0.103628 0.1258299 0.1570653 0.1534274 0.1565498 0.1450365 0.2263125 0.3498209 0.3047056 0.259085 0.2877368 0.3257781 0.2911595 0.3244399 0.2330629 0.1798135 0.2092822 0.2937071 0.34036 0.1387466 0.1074156 0.09160559 0.1955873 0.2042665 0.2506098 0.2157933 0.09833614 0.09487204 0.144993 0.07281245 0.05056782 0.03419058 0.03516458 0.0141977 0.003019569 
0.1616291 0.1645528 0.1705604 0.1679616 0.150511 0.1865338 0.2103305 0.1867492 0.1398652 0.152848 0.09432521 0.103523 0.106288 0.09873449 0.07490871 0.05168147 0.04409916 0.06564569 0.07843373 0.1137764 0.1065539 0.1270238 0.15816 0.1982602 0.1224851 0.1466483 0.1564237 0.2127365 0.2865963 0.2479246 0.2400203 0.305964 0.2167371 0.2367657 0.1660615 0.1685843 0.204378 0.2035986 0.2590292 0.1583218 0.1237407 0.08828604 0.1502117 0.2058487 0.1732083 0.2089843 0.1512922 0.11051 0.1185687 0.07051291 0.04069106 0.04006864 0.0206396 0.02071745 0.02112486 0.004740149 
0.1152095 0.1188073 0.1077093 0.1639538 0.1440863 0.1109225 0.114204 0.1620746 0.1543071 0.1487577 0.0962471 0.09631395 0.1124497 0.1251049 0.1047741 0.06012084 0.07102152 0.1120012 0.1287144 0.1469488 0.1461884 0.1511604 0.1914862 0.1599195 0.1338606 0.1200394 0.1282159 0.141383 0.1790097 0.212767 0.1561687 0.182799 0.250744 0.2083336 0.1690252 0.3021497 0.2267633 0.1808439 0.169771 0.1238684 0.1602165 0.2016336 0.2688113 0.2046395 0.2253044 0.1878582 0.1935469 0.1441651 0.1189274 0.01909078 0.006841674 0.008243931 0.009454262 0.007301363 0.01298659 0.001822183 
0.2318132 0.148525 0.09628403 0.1720344 0.1237665 0.09514099 0.08940187 0.1524918 0.1466713 0.1101098 0.148894 0.08205856 0.05980517 0.1411498 0.1362556 0.06280141 0.08798344 0.1074547 0.1161786 0.1280335 0.1389176 0.1467121 0.1388107 0.1188625 0.08206118 0.08060025 0.1083978 0.1452951 0.09968092 0.1181269 0.1171048 0.1127009 0.1329633 0.1443317 0.1882071 0.2075523 0.2236791 0.2328963 0.1644662 0.1124013 0.1665098 0.2480665 0.2622699 0.3151149 0.2660101 0.1499182 0.1314214 0.07524759 0.01136231 0.003326209 0.003155497 0.001956026 0.00167901 0.001500326 0.00133294 0.0006609847 
0.2655986 0.1530266 0.1598629 0.1558009 0.1301898 0.1400132 0.124649 0.1405426 0.1315861 0.1388881 0.1434967 0.09966008 0.06114359 0.06768303 0.1038931 0.09439829 0.116134 0.1078308 0.1284871 0.1348343 0.1441001 0.1536751 0.1249952 0.08167152 0.05134469 0.05219037 0.07222824 0.07741909 0.07228546 0.05722332 0.09770846 0.07739609 0.09270704 0.1068762 0.1590346 0.1467768 0.2296652 0.1473482 0.1222135 0.1201584 0.1134591 0.1698543 0.2258667 0.2618969 0.1296352 0.07013541 0.04512197 0.02442178 0.004382106 0.002248604 0.007796914 0.01100262 0.003500416 0.001257829 0.001111776 0.0005565399 
0.1208587 0.1064681 0.1278395 0.2215036 0.2305466 0.2266072 0.1690762 0.1654268 0.150463 0.1423243 0.1280971 0.1379971 0.08750326 0.06989799 0.09711411 0.09944662 0.1168023 0.09858748 0.1073543 0.1389224 0.1575637 0.1350896 0.1154215 0.06535346 0.05793765 0.05226561 0.07273859 0.07568504 0.1075439 0.08948101 0.07281256 0.07757392 0.06175075 0.09362451 0.1053771 0.1506473 0.1987614 0.1120365 0.08419403 0.1104748 0.09428824 0.102519 0.126053 0.05814993 0.05348435 0.05882341 0.02016773 0.045425 0.01169673 0.007166526 0.01128275 0.0192074 0.004435918 0.001039038 0.0009188994 0.0004007878 
0.1094909 0.09508986 0.09066332 0.1836088 0.2496664 0.1744495 0.2262276 0.2148169 0.1255366 0.1206589 0.125559 0.1013927 0.06872912 0.07189061 0.08150351 0.122585 0.1269178 0.127098 0.1137303 0.1806393 0.2030758 0.111956 0.06179973 0.06322319 0.07333761 0.05393659 0.05577295 0.08573382 0.07772843 0.08360095 0.09470906 0.1016159 0.08429295 0.1291389 0.06964338 0.06912377 0.07193085 0.02822523 0.06416893 0.07377972 0.09959722 0.08678988 0.08234311 0.1191334 0.07546392 0.06527808 0.01382283 0.003374201 0.004053041 0.007043504 0.01040692 0.01749178 0.01931673 0.008804522 0.001184475 0.0013423 
0.1206419 0.1018217 0.09305809 0.1683296 0.2612711 0.2542383 0.188551 0.1621335 0.1361945 0.1301558 0.1297586 0.09461283 0.06979274 0.08213045 0.09694131 0.1527484 0.1698013 0.1907874 0.1935198 0.22221 0.1627144 0.08114309 0.06993248 0.1423373 0.09615754 0.07469653 0.04754696 0.06764144 0.08264677 0.09666772 0.08095203 0.04434838 0.03925942 0.06146002 0.0264299 0.0275339 0.02042069 0.02825516 0.08260079 0.04757981 0.1042091 0.07069026 0.06660237 0.1171146 0.06819022 0.008830291 0.001502782 0.001363363 0.00119794 0.002352284 0.006678058 0.002579695 0.005280794 0.01136134 0.009684749 0.004407522 
0.1489375 0.1296138 0.150396 0.151223 0.1860917 0.214242 0.1875722 0.1707609 0.12402 0.1247341 0.1511158 0.1219396 0.1000717 0.09966128 0.1394186 0.1653906 0.1614125 0.1652597 0.1992666 0.1586641 0.1135856 0.09365656 0.0833901 0.1148239 0.08748356 0.02857793 0.04224349 0.033123 0.04078729 0.06031647 0.03922124 0.02438209 0.01853902 0.03382313 0.06569663 0.0263032 0.03815601 0.07867854 0.03059978 0.03129554 0.06817377 0.03540875 0.02774173 0.08610181 0.02253687 0.008036403 0.001142633 0.0009731859 0.0008783056 0.0007864844 0.0006975553 0.0002833572 0.002207001 0.005710268 0.01500776 0.001172162 
0.2326502 0.1942972 0.1269663 0.1652772 0.1257094 0.1294241 0.1936801 0.133122 0.1199744 0.1525277 0.1619713 0.1487136 0.1187092 0.1244413 0.1224156 0.1700268 0.1751509 0.1728192 0.1819828 0.1049757 0.08538612 0.08591703 0.07928547 0.08490733 0.09521368 0.05118601 0.03390659 0.03424617 0.04714005 0.04197302 0.01898028 0.01235687 0.0119024 0.01194372 0.03040817 0.0147703 0.0391877 0.04261488 0.01688696 0.01650641 0.03128373 0.04543423 0.01360353 0.04574006 0.009259726 0.000946196 0.000858787 0.0007246856 0.0006482286 0.0005746186 0.0005061967 0.0002042578 0.003886058 0.01057792 0.005385417 0.005619401 
0.2129073 0.1448105 0.1259405 0.1288925 0.1204214 0.2104596 0.1920169 0.1525768 0.2179542 0.1609011 0.1800207 0.2113436 0.1372611 0.1388416 0.1458327 0.2265477 0.1619089 0.1955725 0.1760162 0.126601 0.1182319 0.132108 0.09299075 0.09861813 0.09557767 0.04443904 0.02653515 0.0364174 0.04289798 0.03247783 0.01972105 0.004981522 0.005596406 0.004995235 0.003344347 0.0004609807 0.006994767 0.01888616 0.0104161 0.01839719 0.05615353 0.1140128 0.1153905 0.06746673 0.001313369 0.0007267891 0.0006606384 0.0005611575 0.0004965879 0.0004416504 0.001955569 0.003505863 0.004543019 0.006635977 0.007695205 0.008104114 
0.1171212 0.1231562 0.1295833 0.1436975 0.1664756 0.1621077 0.2155766 0.231359 0.225092 0.1514634 0.1650125 0.2103594 0.2009964 0.1684223 0.2014972 0.2295401 0.1902763 0.2007937 0.1496759 0.1568694 0.1340102 0.1155441 0.07095644 0.09254435 0.1309985 0.1242849 0.06427628 0.05657403 0.06324222 0.04488433 0.06152692 0.01725911 0.001507224 0.0005532804 0.0003500645 0.002255675 0.002725815 0.006094241 0.00777217 0.01818645 0.0235271 0.03985525 0.06090459 0.02361347 0.0003416851 0.0003153686 0.0002884181 0.002676817 0.002354711 0.003094201 0.004570547 0.005614985 0.005871206 0.006812187 0.007384231 0.007727688 
0.1219182 0.1644448 0.127569 0.09283792 0.09062693 0.1180503 0.1411426 0.1806904 0.115776 0.1051339 0.1294932 0.2005401 0.1944249 0.142026 0.1386933 0.1809497 0.1852236 0.1704785 0.135652 0.1305547 0.1106251 0.09531859 0.05973836 0.06864905 0.2109575 0.1174377 0.0384957 0.04207822 0.04915966 0.04330352 0.02834111 0.01490626 0.00305915 0.004093325 0.0008646282 0.0001863307 0.003142007 0.00378546 0.001273015 0.003276156 0.003440666 0.004891922 0.00341475 0.001197079 0.0001589989 0.0001460421 0.0001334358 0.001220239 0.002293712 0.003678506 0.004959923 0.005931102 0.006148312 0.007039544 0.007509787 0.007683862 
0.1157312 0.1889854 0.1737054 0.1105573 0.08326029 0.1294268 0.1078047 0.08713899 0.1014726 0.09858925 0.09483485 0.1841118 0.1563354 0.1291065 0.1370594 0.1916452 0.2294855 0.20512 0.1878841 0.1269759 0.1513837 0.1395397 0.07425112 0.05504396 0.0701694 0.03746088 0.04375057 0.07137855 0.05013816 0.038665 0.0008379064 0.004937301 0.002657086 6.10155e-005 5.603311e-005 0.000170781 6.563709e-005 6.149709e-005 0.002651396 7.803857e-005 0.001349067 7.518704e-005 7.13378e-005 0.001638862 5.089718e-005 4.756452e-005 0.001729609 0.002588303 0.004069476 0.004725169 0.005440187 0.006483668 0.006264026 0.007030918 0.007234311 0.0073793 
0.07386929 0.1083033 0.1107164 0.1402564 0.1009326 0.1047148 0.1175347 0.1275927 0.1634234 0.1370703 0.1372894 0.2589429 0.2366921 0.1354903 0.1048421 0.1665168 0.229853 0.250258 0.2438456 0.1919385 0.1176053 0.1240985 0.07834893 0.04168246 0.03163058 0.0180972 0.05266934 0.09349101 0.1232384 0.05698282 0.002134567 0.0002289995 0.001497728 6.985853e-005 6.032394e-005 7.214817e-005 5.827328e-005 5.069062e-005 4.97223e-005 6.367404e-005 6.240598e-005 6.064276e-005 5.823189e-005 4.377986e-005 4.167136e-005 0.001752767 0.003845819 0.003813182 0.00555485 0.005096218 0.005433935 0.006264977 0.005962284 0.006312381 0.006354951 0.006443502 
0.09537597 0.09712864 0.0805508 0.1570986 0.1620506 0.169048 0.1598594 0.1651294 0.1954786 0.2008662 0.1708929 0.2336709 0.2010484 0.1570701 0.1123296 0.1155908 0.1636324 0.2440518 0.2356872 0.1656988 0.105149 0.09929845 0.1058776 0.04389686 0.03010762 0.03423341 0.03951713 0.1813183 0.1462103 0.06286918 0.002097405 0.005440794 0.003279117 0.001987427 0.001630716 0.001008321 0.0007190073 0.0005630161 0.0005846157 0.000791121 0.0007681496 0.0007441768 0.0007204242 0.0001006507 0.0005189353 0.0021072 0.004055151 0.004128926 0.004895346 0.004969326 0.005218153 0.005756035 0.005695967 0.005752129 0.005401146 0.005365665 
0.07309807 0.06555821 0.09535331 0.1748852 0.2051509 0.1999278 0.1833805 0.1899383 0.2114035 0.1796718 0.1585466 0.166894 0.1607004 0.1311583 0.09787774 0.1050531 0.1498716 0.151528 0.1710967 0.1792973 0.1180743 0.1063198 0.1056597 0.1168707 0.04403529 0.02567271 0.04433932 0.1155827 0.0816166 0.01571009 0.008695723 0.006158597 0.003666827 0.002189242 0.001728769 0.001000649 0.0006145666 0.0004069147 0.0003871581 0.0005533813 0.0005235292 0.000502402 0.0004970553 7.126743e-005 6.956684e-005 0.0007788771 0.002441901 0.002912705 0.003476203 0.003807077 0.004177375 0.004728129 0.00460299 0.004427379 0.004022109 0.003981353 
0.1362088 0.05667997 0.1199932 0.1973331 0.2547591 0.2188386 0.1873795 0.1466016 0.1381567 0.1269433 0.151072 0.1609673 0.1283505 0.1029842 0.08532763 0.1019894 0.1130514 0.1449598 0.1419141 0.1447657 0.1015 0.1419538 0.1646177 0.1734029 0.07043501 0.05851248 0.06779236 0.03139197 0.005182915 0.004402758 0.007967399 0.007031698 0.004472367 0.002869956 0.002223642 0.001235611 0.0006791201 0.0003766504 0.0003426585 0.0004639443 0.0004140997 0.0003872159 0.0003884149 5.661661e-005 0.0001309349 0.0005334089 0.00223742 0.002737528 0.003241109 0.003661302 0.003902163 0.004483651 0.004313671 0.004090155 0.003706203 0.003633855 
0.1245888 0.1227934 0.1856317 0.201966 0.2441428 0.1962855 0.1990518 0.148097 0.1390131 0.1621131 0.1689822 0.1492018 0.1474697 0.137353 0.1164823 0.1215225 0.1341615 0.1197416 0.133195 0.1327002 0.1416197 0.1067811 0.1056698 0.09583192 0.07611006 0.07037896 0.07366303 0.004320673 0.00549046 0.00354744 0.006365193 0.008122482 0.005708715 0.003995101 0.003083887 0.001704648 0.0009094322 0.0004684356 0.001813845 0.0005306127 0.0004446395 0.0004005127 0.0003992771 5.769122e-005 5.717739e-005 0.0005322746 0.002266044 0.002727357 0.003390636 0.003711769 0.003840395 0.004355922 0.003976056 0.003696929 0.003346231 0.003220563 
0.1540753 0.1404824 0.173228 0.2424298 0.2105914 0.1676807 0.1535459 0.127846 0.1365642 0.1712882 0.1833234 0.07146995 0.08446332 0.1394527 0.1037077 0.1323165 0.1218044 0.1053167 0.1231288 0.151122 0.1326206 0.1425629 0.128715 0.0996988 0.071581 0.04911165 0.05276561 0.03588742 0.0282762 0.02510504 0.02377713 0.02595551 0.02059509 0.01193057 0.009326528 0.002381261 0.00125062 0.009538122 0.00990251 0.0006165283 0.0004904284 0.0004252298 0.000419775 0.0005262519 0.0005185436 0.0005165543 0.001164662 0.001932959 0.002447605 0.002779714 0.002770461 0.002961183 0.002690667 0.002470006 0.002196402 0.00225064 
0.1638087 0.1598428 0.1520309 0.1845797 0.1667987 0.1226203 0.09616476 0.1099212 0.1827257 0.2072201 0.1024274 0.07267401 0.0952013 0.1429489 0.1175551 0.1384694 0.1190694 0.1460613 0.1453674 0.1587488 0.15734 0.1727143 0.196324 0.1335187 0.05884026 0.04485352 0.04818404 0.03419715 0.0309543 0.02824619 0.0249336 0.02340932 0.01990309 0.01357573 0.01257713 0.002882946 0.001497234 0.0007427176 0.0006019449 0.0006848683 0.0005216959 0.0004383482 0.0004304743 0.0005350966 0.0005259366 0.0005197736 0.0005174724 0.001065525 0.001590904 0.001840183 0.001859389 0.001931452 0.001672087 0.003751771 0.001179852 0.0009218529 
0.1552204 0.1416724 0.1294809 0.1512596 0.1547045 0.1096701 0.06379648 0.1321781 0.2183373 0.1964719 0.0907138 0.0758059 0.05895179 0.08156534 0.11767 0.1144431 0.1526015 0.1056369 0.1234327 0.1714772 0.1597676 0.1947059 0.1725719 0.1717038 0.1212432 0.09060533 0.07231481 0.05036732 0.04650341 0.03315997 0.02504887 0.02596029 0.02069676 0.01621488 0.01253101 0.003506031 0.001864798 0.0009226853 0.0007790615 0.0008881227 0.0006799054 0.0005593278 0.0005239687 0.0006170801 0.0005713179 0.0005469666 0.0005366049 0.0008296235 0.0007832099 0.0009687683 0.00102027 0.00110763 0.0009365198 0.0007629702 0.0007669001 0.0005577437 
0.1253882 0.1281005 0.2045709 0.1924252 0.1152496 0.09352754 0.08070575 0.05704243 0.1551155 0.07982065 0.05152651 0.02889687 0.02967077 0.05740827 0.07995017 0.09484399 0.1039153 0.0823985 0.08492904 0.1476842 0.1741983 0.1908456 0.1595605 0.1784314 0.1469185 0.120796 0.09798563 0.08845025 0.08700862 0.06704873 0.02952864 0.03724455 0.03236879 0.03289535 0.01504637 0.00425899 0.002347056 0.001238361 0.001055906 0.001223422 0.0009606683 0.0007875974 0.0006984217 0.0007718697 0.0006599455 0.0005930138 0.0005680718 0.0008206945 0.0007856472 0.0007689843 0.0007716538 0.0007558636 0.000755753 0.0007679255 0.0007886385 0.0005335925 
0.09433421 0.07420532 0.1267094 0.1224966 0.1242466 0.1365266 0.09784717 0.05530182 0.05393351 0.02297606 0.01521507 0.02925378 0.01385162 0.06107168 0.06031753 0.07758486 0.07578352 0.05768736 0.06444367 0.1142986 0.1504659 0.1542421 0.1318369 0.1378115 0.1105861 0.09888676 0.08480876 0.09930702 0.09010401 0.09353509 0.06128429 0.05860056 0.05402702 0.05300925 0.03593014 0.009205316 0.005187752 0.002832975 0.002430591 0.00278556 0.002220389 0.001809144 0.001560474 0.0008917193 0.0007217485 0.000614144 0.0005772075 0.00262283 0.0009935006 0.0009999877 0.001013016 0.0003975966 0.0003997702 0.0004107399 0.0004298025 4.389194e-005 
0.08084244 0.0662181 0.1047063 0.1229755 0.08379433 0.07886241 0.1241058 0.09256919 0.1189856 0.0282951 0.0299593 0.01415941 0.03479027 0.06069647 0.05869213 0.0703572 0.03891268 0.04515027 0.07313881 0.07630786 0.115418 0.13765 0.1270935 0.1348054 0.1121234 0.1090919 0.1115697 0.1102525 0.1123717 0.1196607 0.08035164 0.07682937 0.06153 0.06202386 0.04582493 0.01055318 0.006023178 0.003393375 0.002924893 0.003366834 0.002705964 0.002203658 0.001864061 0.001035377 0.0008052889 0.000658721 0.000608179 0.002433471 0.002498525 0.0004764281 0.0004798898 0.0003960283 0.0004001035 0.0004169501 0.001561707 0.01477936 
0.07529216 0.0773633 0.04256037 0.06900451 0.07287573 0.10144 0.123317 0.08941252 0.0843858 0.06196671 0.02572576 0.03617391 0.04183726 0.03733354 0.04986703 0.06848584 0.05627743 0.0344008 0.05625425 0.05591925 0.0827987 0.1086975 0.1358402 0.130638 0.1540663 0.126727 0.1098111 0.1308235 0.1716433 0.1336199 0.1106603 0.1058743 0.07570623 0.08678949 0.04906346 0.01363823 0.007564405 0.004117481 0.003483767 0.004050404 0.003346726 0.00275164 0.002273819 0.001223873 0.0009048475 0.0007058353 0.003434292 0.008762375 0.0005044716 0.0004922065 0.0005282919 0.0004604567 0.0004884674 0.006323679 0.01955545 0.01565181 
0.1003775 0.112133 0.08222604 0.07121528 0.09890656 0.1669612 0.1434961 0.08776469 0.04163633 0.0393892 0.04656144 0.08203992 0.08575667 0.06746371 0.06093951 0.08560351 0.0823644 0.06264795 0.0425256 0.07292461 0.06827027 0.09673112 0.0974272 0.1313194 0.1423343 0.1121896 0.1076895 0.1339287 0.1490131 0.1553774 0.1394318 0.1286125 0.08672033 0.0972058 0.05713846 0.0166187 0.01394919 0.005476705 0.004228189 0.005245924 0.004267605 0.003437128 0.002798263 0.001743755 0.001228101 0.0007536614 0.002002738 0.001770994 0.0005546836 0.0005287115 0.002869879 0.0230921 0.0286545 0.003125125 0.04400638 0.01563508 
0.1505631 0.2096917 0.1785053 0.1581338 0.1329589 0.1849968 0.1300353 0.07280511 0.08864278 0.09950593 0.1196877 0.1210925 0.09998617 0.05392095 0.06241042 0.05117927 0.04213386 0.03810281 0.06231534 0.09587584 0.0677512 0.07914621 0.08255842 0.08744746 0.0909531 0.08012374 0.1065979 0.1179016 0.131348 0.1515842 0.1384134 0.1239668 0.09060585 0.06032234 0.04842656 0.02303469 0.01539307 0.01042814 0.008482436 0.009030775 0.008704585 0.0062559 0.005043217 0.002129602 0.003030627 0.002713982 0.001719106 0.000808104 0.0004531225 0.000483832 0.0006853757 0.02990646 0.0391202 0.05438893 0.05176421 0.01488515 
0.1277716 0.1837132 0.1597282 0.1823723 0.130622 0.1208879 0.06303124 0.03424386 0.06007344 0.08337067 0.09514369 0.05934979 0.03716814 0.05210674 0.05652372 0.02895753 0.05411787 0.02995857 0.04916975 0.08091765 0.07656771 0.07941519 0.07678488 0.09211998 0.1092217 0.1027829 0.09198919 0.1238497 0.1393874 0.1534684 0.1413103 0.1245787 0.0854381 0.0582877 0.04943024 0.02986862 0.01878498 0.01065868 0.009575699 0.009728886 0.008692757 0.007110212 0.005684676 0.002420878 0.003725125 0.004910696 0.006550755 0.000549431 0.0004634667 0.0005152878 0.0007007121 0.01675139 0.04451331 0.03911963 0.05576944 0.02931134 
0.146179 0.1712308 0.1272252 0.1160888 0.08500025 0.06530809 0.04985268 0.03547828 0.05488863 0.04983234 0.04386444 0.03392432 0.03611588 0.03023685 0.02919407 0.04238862 0.03871413 0.03059868 0.0360691 0.04153689 0.0401665 0.05054986 0.07233141 0.1188347 0.1155447 0.09790457 0.1006886 0.1177149 0.1247755 0.1246082 0.1246885 0.1046992 0.1042552 0.06594211 0.05195742 0.04516891 0.04158795 0.0147958 0.01251531 0.009809209 0.008644178 0.007293202 0.005821111 0.002471538 0.001579349 0.002382341 0.004225412 0.0007301952 0.0006771752 0.0008327628 0.001169806 0.007292951 0.03941074 0.06969623 0.06972953 0.03306124 
0.1191789 0.1462961 0.1226683 0.1198812 0.03864427 0.01218761 0.01243741 0.0278597 0.04840842 0.05473988 0.03192736 0.03411029 0.01511109 0.0198095 0.02054481 0.0220057 0.01879539 0.01038595 0.02905609 0.03264051 0.03335219 0.0529799 0.07314678 0.08944968 0.1062568 0.09768552 0.09737586 0.1070813 0.1215394 0.1210838 0.1112567 0.09115361 0.1047806 0.06399667 0.0519688 0.05412897 0.04457202 0.01623244 0.008837085 0.0088966 0.007858947 0.006670528 0.005342821 0.002287962 0.001478637 0.001148066 0.001297851 0.0009831861 0.001087237 0.001781106 0.008341514 0.007120241 0.01273835 0.03244058 0.03959141 0.02674648 
0.132146 0.1319289 0.08905072 0.09752453 0.03110865 0.01243941 0.007535092 0.03674778 0.03729843 0.02789368 0.02169985 0.02540429 0.02361911 0.0267324 0.02341925 0.03157228 0.0282851 0.02462783 0.02568188 0.02948194 0.03007519 0.03151337 0.05237264 0.07218099 0.07843474 0.08725787 0.07655413 0.09164397 0.1057816 0.09539454 0.08837141 0.06318343 0.06094602 0.04320212 0.03921092 0.04343898 0.04302523 0.01208149 0.009038774 0.007218323 0.006415439 0.005469163 0.004400303 0.0009338629 0.001641635 0.001590958 0.001536896 0.001410484 0.001662064 0.002050589 0.002550449 0.001413818 0.006074861 0.03302453 0.01976086 0.02316982 
0.1110878 0.1037151 0.07895183 0.06292586 0.04351874 0.01562431 0.02076083 0.04872081 0.02591753 0.02140167 0.01820815 0.01844739 0.02087805 0.02219382 0.01674446 0.03077415 0.03150538 0.04084466 0.02746973 0.02952503 0.02614432 0.02774477 0.05266254 0.05300987 0.05956692 0.09066556 0.1006864 0.09263802 0.1058756 0.09201782 0.06823567 0.04128059 0.04017004 0.03129166 0.02501743 0.01603776 0.01373153 0.008682448 0.007912883 0.006379003 0.005710184 0.004894088 0.00395953 0.0008432046 0.0008929006 0.001845277 0.001737521 0.001713665 0.002138758 0.002592861 0.003198609 0.02809832 0.01856393 0.0311139 0.02931958 0.01827935 
0.1251225 0.111919 0.05777448 0.04820098 0.02895935 0.02936102 0.02894503 0.0324774 0.03253828 0.02703842 0.01705441 0.01812994 0.01995044 0.01767996 0.02726513 0.06357997 0.06081539 0.0427097 0.03579668 0.03795455 0.02934738 0.02781044 0.02420745 0.04189191 0.04601217 0.07979986 0.08932669 0.06860434 0.07021727 0.07078441 0.05846471 0.03246775 0.02749151 0.02330705 0.01615835 0.01192953 0.00975081 0.007392593 0.006643413 0.005408089 0.004876491 0.004345936 0.003807372 0.0009172145 0.0007621197 0.0008404477 0.001150618 0.002755677 0.002944767 0.003822386 0.006946881 0.01090253 0.02392921 0.03996864 0.0323905 0.01475558 
0.1166036 0.1194366 0.06575222 0.04080655 0.04904408 0.03118827 0.02134921 0.03206053 0.02997757 0.02830519 0.01722651 0.01786177 0.02148373 0.02274377 0.01991631 0.03669384 0.0483545 0.02898757 0.02260581 0.02886363 0.0294615 0.02072578 0.01767984 0.02950543 0.03683928 0.06267809 0.06783564 0.05302205 0.0494908 0.04699945 0.03841301 0.02510505 0.02832124 0.01439592 0.01137907 0.008429201 0.006736402 0.005660505 0.005231229 0.004322262 0.003932539 0.003812744 0.003960468 0.001276943 0.00132186 0.001572983 0.00177368 0.003589179 0.004227669 0.004684735 0.02673288 0.01404361 0.008196112 0.03935138 0.02581389 0.01466333 
0.173133 0.1093445 0.07572497 0.03730166 0.0296223 0.01791616 0.00558541 0.01802442 0.02140837 0.01901543 0.01803458 0.02813522 0.03026733 0.03659197 0.02917955 0.02329082 0.02665815 0.02252752 0.01634928 0.005123058 0.003969675 0.004459884 0.005444736 0.02258046 0.04251255 0.04892493 0.04936785 0.02775697 0.02599809 0.02397201 0.01778954 0.006492085 0.00520727 0.006055478 0.004403888 0.004105816 0.003360117 0.002881869 0.002700362 0.001435658 0.001329788 0.001502103 0.001879812 0.003563343 0.004736421 0.005025566 0.007488924 0.00817463 0.009756771 0.02492858 0.03188272 0.02212119 0.01661641 0.02945223 0.01449418 0.01687273 
0.1316494 0.1049188 0.03024871 0.02360883 0.02816937 0.01594653 0.009683989 0.01661696 0.01719033 0.01851839 0.01680173 0.02788483 0.02933753 0.03397844 0.03341232 0.01882244 0.02157266 0.0177363 0.02134914 0.004488943 0.001935857 0.002181308 0.003223143 0.01523924 0.02120472 0.03002123 0.03213526 0.02054142 0.01810319 0.01424198 0.01071029 0.003815644 0.00234359 0.003686684 0.003518275 0.002171354 0.001892448 0.001726182 0.001859466 0.0009385491 0.000891939 0.001365188 0.002054088 0.004212848 0.005198162 0.00632236 0.008318003 0.01002972 0.0114236 0.01427442 0.03253575 0.02300274 0.02314207 0.03200987 0.01392031 0.02014657 
0.09150399 0.03414028 0.02053624 0.00777746 0.005302822 0.004981792 0.004398912 0.01491584 0.01603364 0.01678042 0.0158872 0.02603393 0.03233137 0.03488757 0.03387772 0.01963179 0.01279822 0.0226353 0.009187997 0.002366153 0.001085277 0.0009000318 0.003963242 0.01153636 0.02567206 0.03370465 0.02977874 0.01755727 0.01401586 0.008773996 0.006309595 0.002225954 0.001100711 0.0006688421 0.0006515895 0.001063169 0.001034864 0.00108054 0.001249233 0.0007495299 0.001087156 0.001385668 0.002483517 0.005547857 0.007151345 0.008420373 0.01013105 0.02241708 0.01862418 0.02372321 0.03649988 0.02570428 0.01620669 0.01849948 0.0176584 0.02237903 
0.1057711 0.03624034 0.00633464 0.002513402 0.001977141 0.001572071 0.001889819 0.01449419 0.01572474 0.01460156 0.01496417 0.0238269 0.03034005 0.03404572 0.03188693 0.017266 0.01480557 0.01881141 0.009242271 0.002245266 0.0008258699 0.0007832221 0.003865986 0.01219944 0.03056536 0.02603319 0.01222649 0.009567771 0.008850046 0.006579567 0.004693246 0.001461325 0.0008228404 0.0004972405 0.0004892906 0.0008076763 0.0007943648 0.0009551835 0.001286816 0.0009204844 0.001108423 0.001947962 0.003402492 0.007639078 0.009898085 0.01275291 0.01711067 0.01607148 0.04662215 0.04980172 0.07238274 0.03744931 0.02081368 0.01705997 0.0227286 0.05310483 
0.09702504 0.02930429 0.01279488 0.007673373 0.00378025 0.002993772 0.00296839 0.01312854 0.01494506 0.0141781 0.0147444 0.02087354 0.02189013 0.02359194 0.02487801 0.01777652 0.01759056 0.01404102 0.005511471 0.001466748 0.001011606 0.0005050047 0.0009600074 0.004860434 0.01430144 0.01014179 0.004047856 0.003348108 0.004582257 0.003821711 0.00205671 0.0005743795 0.0008472638 0.0001906911 0.0001918241 0.0002028825 0.0002036142 0.0003051964 0.0005069387 0.001541775 0.001973144 0.003614097 0.006080471 0.01423677 0.01816816 0.02069438 0.02291638 0.018672 0.05221679 0.04283223 0.04457697 0.03149496 0.01905413 0.01700562 0.02393648 0.05326613 
0.05852241 0.01617303 0.008160323 0.002384788 0.01412933 0.009884115 0.001158093 0.01260405 0.01879012 0.01277228 0.01299262 0.01962618 0.02034677 0.01677068 0.01750734 0.01269774 0.007481365 0.007504054 0.003818187 0.0009903038 0.000504203 0.000307598 0.0004269118 0.001587856 0.002672978 0.002471051 0.001175483 0.001853894 0.001569494 0.001393184 0.001060879 0.0002900258 0.000407432 0.0002741394 9.639192e-005 0.0001082659 0.0001148896 0.0002588574 0.0005395692 0.001783464 0.002640668 0.004525556 0.007446137 0.01714693 0.02192189 0.02470716 0.02571515 0.02340523 0.03162903 0.03561859 0.0375376 0.02450912 0.01647538 0.01530368 0.02793738 0.04044355 
0.0487027 0.02391272 0.01159669 0.01435671 0.01245457 0.01456006 0.003957086 0.01013343 0.01209515 0.01115193 0.01077727 0.01601635 0.01543337 0.01430586 0.01156173 0.008631587 0.006185091 0.004139729 0.005786846 0.001044104 0.000428876 0.000393075 0.0002265708 0.0004360738 0.0004988873 0.0006080588 0.004434317 0.0008134003 0.0008888418 0.0006512305 0.0005791052 0.0001388183 0.0002557425 0.0001097637 0.0001216336 8.616176e-005 0.0001074869 0.0003002923 0.0006635149 0.002228393 0.004157506 0.005369554 0.008892696 0.01984835 0.02527758 0.02828408 0.02937712 0.03735798 0.02627651 0.0539204 0.0407941 0.02223418 0.01648933 0.02058248 0.03227769 0.03084677 
0.03694206 0.02717668 0.008968541 0.01358945 0.01452388 0.01544671 0.007439762 0.008095462 0.009062689 0.009111182 0.008813551 0.01296644 0.01258922 0.01144323 0.009394844 0.00692219 0.004968412 0.003399333 0.002712882 0.0009803079 0.0005332555 0.0001541804 0.0002466828 0.000413065 0.0003680302 0.0005471741 0.0003867881 0.000561132 0.0006884609 0.0009639293 0.009359827 0.0001226174 0.0003285413 0.000188351 0.0001499183 0.0018478 0.008919761 0.0005042808 0.0008801302 0.002873231 0.00443858 0.006201099 0.00994837 0.02235175 0.02819312 0.03152604 0.0327864 0.03012389 0.02791457 0.0865799 0.07996134 0.02312139 0.02925615 0.0243156 0.02708313 0.02858871 
0.04170288 0.02957783 0.01179068 0.01368808 0.006532914 0.008483483 0.005848593 0.00495937 0.00541487 0.005570273 0.005420077 0.005735016 0.005607606 0.005131658 0.004218542 0.002816465 0.009991805 0.001424261 0.001095625 0.0004866464 0.0002391689 0.0001185665 0.0001512679 6.717933e-005 3.652911e-005 0.0001921557 3.72221e-005 0.0001326305 1.552386e-005 0.01001067 0.03281558 1.19332e-005 0.0005748675 0.0004889797 0.000860974 0.006262732 0.06343123 0.001678629 0.00194311 0.004993106 0.005953945 0.009347725 0.01455707 0.02798304 0.03509117 0.03924661 0.05033594 0.04980839 0.03773163 0.1184102 0.05191598 0.0175 0.02294355 0.03875 0.01451613 0.05116935 
0.03867948 0.02709864 0.009954715 0.00641714 0.004117955 0.003328575 0.003358425 0.004426843 0.003742362 0.003810346 0.003734782 0.00398723 0.003950959 0.004646396 0.003678647 0.003826305 0.003955426 0.001022937 0.0009172652 0.0003428612 0.0001727374 0.0001410389 7.746045e-005 1.810798e-005 1.630234e-005 1.511449e-005 1.457358e-005 5.929392e-006 5.69509e-006 5.014028e-006 0.002212727 0.0006052344 0.0006293672 0.0008468867 0.000840561 0.0008317057 0.0009946494 0.001641169 0.002562725 0.005373902 0.006986602 0.01064811 0.01619189 0.03079373 0.03857334 0.05499475 0.05706353 0.0524459 0.06006246 0.09205271 0.06219137 0.02193548 0.01850806 0.03318548 0.01633065 0.04137097 
0.03773193 0.01851861 0.006257573 0.004231372 0.003228404 0.001975664 0.002003372 0.00228837 0.002472772 0.002560893 0.00253799 0.002729595 0.002717975 0.003408649 0.002361139 0.001889089 0.001923144 0.0006605413 0.000503848 0.0002369246 0.0001223819 5.888742e-005 4.640242e-005 8.648242e-006 5.347055e-006 3.424027e-006 2.843368e-006 9.554939e-007 7.00217e-007 7.118701e-007 8.065585e-005 0.0009180024 0.001281753 0.001348851 0.001014638 0.0008910797 0.001017203 0.001987986 0.003169911 0.00666859 0.008673069 0.01250634 0.01846429 0.03425241 0.04215638 0.05244898 0.05597609 0.05408706 0.08932748 0.0783998 0.07257002 0.02685484 0.01794355 0.01915323 0.02048387 0.03814516 
0.015929 0.0102904 0.003770595 0.003247356 0.001846549 0.001371694 0.001500368 0.001709349 0.001875464 0.001905903 0.001901146 0.002023297 0.002017585 0.001858311 0.001505204 0.006664487 0.002302106 0.0006240854 0.0003660026 0.0001726777 8.906402e-005 4.283362e-005 3.370024e-005 6.254853e-006 3.852722e-006 2.466874e-006 2.112869e-006 7.38428e-007 5.790358e-007 0.0001199183 1.747748e-006 0.001050794 0.001283121 0.001276232 0.001256591 0.001237176 0.001861542 0.002310381 0.003853531 0.008509575 0.01139338 0.01556998 0.02106379 0.03731669 0.04446362 0.06416067 0.05623065 0.06466444 0.07332114 0.06809668 0.07027664 0.01596774 0.00657258 0.02850807 0.01625 0.03104839 
0.005506509 0.01146718 0.002916494 0.0007202143 0.0004467675 0.0004943997 0.0005297078 0.0004508193 0.0004868304 0.0005008267 0.0004936702 0.0003855404 0.0003827799 0.0003479253 0.0004667143 0.0003260155 0.0003683777 9.510633e-005 7.154524e-005 6.943975e-005 1.523207e-005 7.315733e-006 0.0002258733 0.000889824 8.927083e-005 0 4.151872e-005 6.262763e-007 0.007885477 1.339143e-006 2.992971e-006 0.0005901416 0.0006172775 0.001181224 0.0003825195 0.001666135 0.002167993 0.004982969 0.00653946 0.01313513 0.01715167 0.02242468 0.02860229 0.0379561 0.08526025 0.05157053 0.087344 0.04584677 0.08270161 0.05818548 0.03669355 0.008225806 0.004758064 0.02129032 0.0203629 0.01762097 
0.008680576 0.02702502 0.002785777 0.0003558669 0.0008745913 0.0002234264 0.0002349994 0.0001949194 0.0002071528 0.0002108425 0.0002047119 0.0001577754 0.0003539975 0.0001387932 0.0001125822 0.0002363063 0.0006129778 0.0001600593 2.867175e-005 1.18466e-005 6.088908e-006 2.879533e-006 2.225236e-006 0.0003545478 0 0 0 3.625668e-007 3.984686e-007 1.582408e-006 3.904646e-006 0.0001910541 0.000302119 0.0008060502 0.001267134 0.002527256 0.00314775 0.004938764 0.008891881 0.01588989 0.02373107 0.0252504 0.03074073 0.03785355 0.04338912 0.05050112 0.2224104 0.05729839 0.07745968 0.06024193 0.03120968 0.007741935 0.006532257 0.01810484 0.03435484 0.03471775 
0.004379403 0.01165288 0.001553841 0.0004236113 0.0002627123 8.115818e-005 9.290056e-005 5.73303e-005 0.0001285197 5.507414e-005 5.075411e-005 3.671799e-005 7.006903e-005 2.879173e-005 4.265242e-005 0.0002258575 1.180552e-005 8.476449e-006 6.324888e-006 0.0002989163 1.302456e-006 5.774655e-007 4.299833e-005 0 0 0 0 3.147593e-007 4.388409e-007 2.222057e-006 5.666914e-006 0.0006949251 0.0007998899 0.001330995 0.001795614 0.003139101 0.003808596 0.005731663 0.008663519 0.01701003 0.03879414 0.02602606 0.03100022 0.0376958 0.04482798 0.05119422 0.1527284 0.03096774 0.07032258 0.05326613 0.02350806 0.009475806 0.02979839 0.02112903 0.01512097 0.01798387 
0.002573684 0.0008238036 0.0009965763 0.001490706 0.0004438365 0.0001402127 8.742639e-005 0.0008717303 4.098973e-005 0.0001891258 0.0004283696 2.631806e-005 3.525821e-005 9.137779e-005 0.001152294 0.002747094 0.0006926936 6.052239e-006 0.0002007325 0.001232653 0.0001019745 0.001510727 2.950602e-007 0 0.0006390202 4.820025e-005 4.806214e-005 4.796594e-007 6.701209e-007 3.290604e-006 0.0005541291 0.001106554 0.002670961 0.002401731 0.002212562 0.003614465 0.00559216 0.006306996 0.008832702 0.01824534 0.02052608 0.02545333 0.02924264 0.03702692 0.04327963 0.04342477 0.03881168 0.01951613 0.05012096 0.04733871 0.02580645 0.01322581 0.03407259 0.01310484 0.01217742 0.01096774 
0.004226394 0.002280257 0.0005338294 0.00111736 9.842998e-005 0 0 0 0 0 0 0.0003060673 1.068143e-005 0.0001059145 0.000506314 0.002441812 0.0008152208 0.0003065106 0.0007605699 0.001576622 0.002746498 6.664504e-005 0 0 0 0.0001093919 0.0002240642 2.466426e-006 3.458044e-006 6.215074e-005 0.0007432825 0.001318688 0.001484371 0.002118408 0.002968622 0.003906094 0.004454002 0.005887879 0.007926963 0.01689122 0.02060993 0.02500688 0.02887355 0.03282323 0.04008409 0.03806458 0.0348602 0.01645161 0.04403226 0.03080645 0.04431451 0.02915322 0.02673387 0.01334677 0.01479839 0.008508064 
0.006970029 0.0004846291 0.002114243 0.00076207 0.0001303542 3.613694e-005 0 5.177481e-006 0 0 0 7.66184e-005 5.666774e-005 0 0 0 0 0.0001309143 5.761888e-005 0.001553699 0.0003133381 0.0002599441 0.0003043349 0 0 0 0 3.097371e-006 4.336129e-006 0.0004770075 0.001158019 0.001685665 0.001780756 0.002477372 0.003343261 0.004396741 0.004975035 0.006469224 0.008157275 0.01640988 0.01970531 0.02709695 0.0268598 0.02932315 0.04946433 0.03943944 0.03398181 0.03858871 0.03625 0.03266129 0.02709677 0.03346774 0.02125 0.01370968 0.004395161 0.006330645 
0.006087026 0.001067043 0.004200555 0.001624502 4.170046e-005 0 0 0 0 0 0 0 0 0 0.0001215746 0 0 0.0001689875 0.0002079099 0.0003139841 0.002759924 0.0008709705 0.0001394585 0 0 0 0 3.946014e-006 0.0001857742 0.0007799187 0.001468939 0.001944816 0.002011453 0.002679544 0.003531784 0.004625946 0.005287733 0.006980048 0.008092817 0.01583037 0.01839904 0.04186032 0.02448795 0.02733778 0.04549461 0.04940917 0.05442957 0.06907257 0.05415322 0.05637097 0.04907258 0.02564516 0.01318548 0.01310484 0.01052419 0.003104838 
