ncols         56
nrows         54
xllcorner     28.264
yllcorner     -5.7719999999999
cellsize      0.25
NODATA_value  -9999
0.1719382 0.1654013 0.1856152 0.1852008 0.214814 0.2088837 0.1761122 0.2380288 0.2045553 0.2723739 0.272631 0.3100359 0.2508989 0.2360423 0.2217722 0.3280339 0.2699313 0.1930006 0.3719144 0.1576582 0.1278258 0.181534 0.2325907 0.2358028 0.2426538 0.2320171 0.3229282 0.356192 0.370604 0.3734133 0.3331012 0.3553137 0.4587263 0.4411064 0.3641713 0.3894732 0.325147 0.2942756 0.256775 0.2506195 0.1624822 0.1316871 0.1333715 0.2735274 0.3004912 0.3640891 0.3679955 0.2362648 0.1919214 0.1829768 0.1597475 0.07889279 0.04742884 0.03513798 0.0224172 0.007963209 
0.1545333 0.168136 0.2508067 0.2684479 0.2573321 0.2568464 0.2616522 0.3599308 0.2817313 0.277688 0.3246479 0.3602567 0.3488237 0.2379515 0.2094205 0.2873596 0.3304537 0.1729748 0.1822506 0.1373454 0.1013534 0.1487858 0.1825603 0.2631398 0.2838478 0.2857608 0.282876 0.3231454 0.3524725 0.3131849 0.2597002 0.3927776 0.429774 0.381025 0.3350515 0.3593441 0.2814335 0.3362102 0.2721797 0.2869621 0.1986944 0.1752916 0.2202224 0.3334083 0.3076632 0.2929395 0.2817727 0.2419993 0.1444906 0.1337701 0.08215897 0.0247751 0.02787389 0.02728221 0.00916158 0.002460825 
0.173797 0.2016753 0.2520834 0.2952641 0.279209 0.3204436 0.3607895 0.2970875 0.2397551 0.2580531 0.3001991 0.1994061 0.4213405 0.337033 0.3045343 0.4694894 0.4191175 0.159222 0.07499293 0.1304442 0.1275128 0.2566251 0.2698761 0.3590351 0.4041896 0.4740345 0.3350111 0.2866603 0.3252188 0.2693951 0.2224528 0.2764163 0.3347428 0.3156309 0.3928142 0.4215321 0.3299711 0.2998785 0.3540961 0.2861524 0.2229954 0.2929949 0.297336 0.2366878 0.2456231 0.2702623 0.2196464 0.1890627 0.1194599 0.04916837 0.0187228 0.01328989 0.02036447 0.02338211 0.002663171 0.001606604 
0.2952364 0.313048 0.3262394 0.3280925 0.3298858 0.301665 0.2666867 0.2494711 0.3095495 0.3227654 0.250914 0.2690069 0.3018757 0.2452859 0.2762493 0.3373786 0.2729686 0.1953352 0.1202416 0.149137 0.1696572 0.3357152 0.3168897 0.468193 0.546688 0.4904034 0.3098447 0.2906241 0.2278651 0.238909 0.1794412 0.1977248 0.2572111 0.4033762 0.3784872 0.470291 0.377418 0.2507736 0.2581366 0.3194577 0.2287581 0.298346 0.3456073 0.338306 0.2591827 0.1204095 0.1289923 0.06366053 0.03844841 0.02600265 0.01269994 0.01804155 0.003679889 0.01670115 0.00394292 0.002516378 
0.2733427 0.3065459 0.293475 0.2557302 0.2781618 0.2406292 0.2340804 0.2579397 0.3422998 0.3982823 0.3327843 0.2501336 0.1784812 0.1672706 0.2355105 0.3041848 0.186713 0.1656326 0.1697611 0.1582764 0.2058642 0.3346364 0.3078927 0.4364046 0.5196279 0.3490538 0.2121833 0.2192327 0.206173 0.1847847 0.1917851 0.1966843 0.2809865 0.3501596 0.2937082 0.2779042 0.3049669 0.2113884 0.2027681 0.2016639 0.1747223 0.2253096 0.1975126 0.1544695 0.09791062 0.04447852 0.0444524 0.05123074 0.02049157 0.01065834 0.006867815 0.004462893 0.005006034 0.006518795 0.007110506 0.005780653 
0.2733472 0.2703258 0.3493677 0.2190323 0.2394653 0.2997622 0.2495984 0.2902863 0.414196 0.4445092 0.3482184 0.24396 0.2287818 0.2608774 0.3066413 0.3632944 0.2125224 0.1723387 0.1418613 0.2150352 0.2814012 0.3093807 0.3135955 0.3498003 0.3180743 0.2360114 0.2531735 0.2324202 0.1608391 0.1504856 0.1868639 0.2387559 0.3204873 0.3703796 0.2311692 0.2352238 0.2188179 0.1808493 0.1530246 0.1670077 0.264342 0.2642345 0.1174269 0.06790949 0.06450963 0.09259371 0.02946288 0.01075795 0.006349839 0.01772364 0.008999296 0.008591891 0.01139053 0.01179922 0.01259811 0.01145725 
0.2182337 0.2517389 0.3607745 0.2206338 0.2190113 0.2016566 0.2432568 0.3311506 0.4952636 0.4306416 0.4337375 0.3200732 0.2621859 0.3029883 0.4787599 0.4210486 0.3128937 0.2310046 0.2297562 0.2752951 0.3349103 0.2767045 0.2248548 0.2898558 0.2566715 0.222193 0.2105545 0.2053129 0.1648826 0.1666454 0.2046645 0.2343668 0.2931655 0.2779723 0.2065214 0.2077229 0.1677812 0.1176483 0.1713635 0.1481065 0.2075679 0.298604 0.1887529 0.06876259 0.05129092 0.0422619 0.02051722 0.004749195 0.01464772 0.01284571 0.01273216 0.01688055 0.01844625 0.01766352 0.01839419 0.01723017 
0.2671615 0.2229822 0.2525648 0.196886 0.2788601 0.3093298 0.3840028 0.4214798 0.5214524 0.3961378 0.4150819 0.2995521 0.3144994 0.3688044 0.3974073 0.3174345 0.3116099 0.2537202 0.2828635 0.3099736 0.2399406 0.2372293 0.2367984 0.2636459 0.2732652 0.2525674 0.220166 0.2232681 0.1157619 0.1392332 0.1150547 0.2213292 0.2497085 0.1718766 0.1223457 0.1451462 0.08449046 0.0800094 0.2108385 0.1120139 0.1018881 0.1044208 0.1711444 0.05124864 0.007484183 0.001920971 0.00173916 0.00495556 0.01152818 0.01312212 0.01614647 0.01844195 0.0202496 0.02194478 0.02254491 0.02146627 
0.1730898 0.1790852 0.1587687 0.2115192 0.3769464 0.4896898 0.4006326 0.2981035 0.3830638 0.3685055 0.3008241 0.2288417 0.3315359 0.2990693 0.3130789 0.3848068 0.3609598 0.3037921 0.3079674 0.2763137 0.2645113 0.2495774 0.3239013 0.2822532 0.3269073 0.2339098 0.1680073 0.2226575 0.1815811 0.1725741 0.1408589 0.157449 0.09627551 0.1217694 0.1196801 0.1363675 0.07125598 0.04639417 0.07620969 0.06144904 0.07612671 0.02494929 0.003222967 0.002203034 0.003987022 0.004811915 0.008054596 0.01212417 0.02477257 0.01994291 0.02153469 0.02344404 0.02483726 0.02607261 0.02624384 0.02488155 
0.1791431 0.2320276 0.2318337 0.1843685 0.2495296 0.2451475 0.2821251 0.2344371 0.3720953 0.3380733 0.2783481 0.2483422 0.21956 0.2654941 0.3541395 0.3145539 0.3590485 0.2868383 0.3493652 0.1793799 0.2004243 0.2064385 0.2707491 0.2265455 0.1833007 0.1326505 0.1032095 0.2156047 0.3013546 0.2369824 0.127003 0.120754 0.08687885 0.1279207 0.09631652 0.05887665 0.05420999 0.04477511 0.02465338 0.03551199 0.06864267 0.01947969 0.01456629 0.01222736 0.01250612 0.01293622 0.01503439 0.01847865 0.0221683 0.02411534 0.02593957 0.02737338 0.02836343 0.02936331 0.02938002 0.02797718 
0.2385511 0.2134496 0.2409073 0.1772054 0.2121327 0.2237764 0.3446521 0.273779 0.2629761 0.2420769 0.2947596 0.1894711 0.2217271 0.2972937 0.3340921 0.3440993 0.2898808 0.2776809 0.2321443 0.2432056 0.1876083 0.2392131 0.3434975 0.2606991 0.1445386 0.1235056 0.1010314 0.09176294 0.2072489 0.305 0.1275842 0.03329097 0.03725854 0.08847608 0.03502019 0.03077991 0.0215902 0.0252201 0.02676911 0.02731328 0.04465098 0.03314317 0.02559471 0.02290752 0.02232794 0.01990993 0.02119232 0.02364857 0.02666834 0.02818651 0.02954315 0.03026588 0.03059471 0.03142473 0.03152778 0.03056136 
0.121957 0.169122 0.2075757 0.1843944 0.1887567 0.1843635 0.2016641 0.243547 0.1893306 0.3132005 0.2960971 0.2256458 0.327884 0.4014804 0.3759682 0.3506281 0.2867108 0.3260691 0.2297839 0.192789 0.1335435 0.1478317 0.26491 0.1896985 0.1167864 0.09517074 0.1165193 0.05626683 0.07369498 0.0797447 0.02284452 0.005388485 0.01177453 0.02673182 0.02109152 0.01589911 0.03012377 0.02662436 0.03821269 0.02707077 0.02748697 0.02693964 0.02547782 0.01888609 0.01841814 0.01732137 0.01752555 0.01582669 0.01700396 0.01747651 0.01822234 0.02271632 0.02269056 0.02322363 0.02323192 0.02253991 
0.108989 0.1673481 0.1823714 0.2442436 0.2097479 0.1781981 0.1833276 0.2303032 0.2255399 0.2312537 0.2705186 0.3240031 0.3813503 0.3892189 0.4432635 0.296709 0.3366831 0.4744573 0.266013 0.2115608 0.2100852 0.1848955 0.2868814 0.2178499 0.1365842 0.1164073 0.07533219 0.02697991 0.02996121 0.02109594 0.01086682 0.01071098 0.01561594 0.01180378 0.01398211 0.02296601 0.02984273 0.02385685 0.03832057 0.02246115 0.02198486 0.03137543 0.02649518 0.02314592 0.01981707 0.0212442 0.01821097 0.01567536 0.01676234 0.020688 0.01774884 0.02214477 0.02193186 0.02227698 0.02229185 0.02178109 
0.183267 0.1557405 0.1683645 0.1869351 0.154204 0.1836735 0.2262335 0.2816544 0.2560943 0.2124838 0.295966 0.3684917 0.41181 0.5645379 0.5367452 0.3644795 0.3162479 0.38528 0.2933975 0.2946644 0.428149 0.2909834 0.2434219 0.2030976 0.1623617 0.09122257 0.02429181 0.02437297 0.01499626 0.009934772 0.004682021 0.01774735 0.02606822 0.01186356 0.01888796 0.02375929 0.02300276 0.02343722 0.02622688 0.02179471 0.02155493 0.02078133 0.024055 0.02035879 0.0197125 0.01825849 0.01769761 0.0146908 0.01549659 0.01569755 0.0161178 0.02020608 0.01976072 0.01989042 0.01993912 0.01962733 
0.2320774 0.2837559 0.2256681 0.181034 0.1314477 0.1889534 0.2529029 0.2944497 0.3001896 0.3197802 0.3058855 0.358291 0.382255 0.5024336 0.4465633 0.3348153 0.372067 0.4668338 0.321924 0.2906799 0.2697243 0.2735846 0.1716667 0.1205992 0.09862715 0.02961014 0.009580785 0.01616674 0.0126702 0.003569122 0.003124185 0.01269065 0.01566633 0.01058253 0.01295424 0.01577608 0.01954739 0.02255527 0.02568567 0.02150409 0.02144057 0.02041657 0.0200624 0.01952558 0.01872824 0.01714722 0.01634686 0.01383406 0.02164021 0.01357145 0.01384226 0.01731976 0.01667106 0.01659334 0.01665322 0.0165051 
0.1884411 0.254064 0.1626082 0.1100885 0.1429276 0.1766363 0.2122076 0.2792644 0.3187622 0.3594678 0.3056303 0.3802022 0.3861149 0.3781588 0.4353664 0.3603262 0.3845091 0.4332778 0.3748921 0.3088538 0.2586404 0.2940022 0.1793736 0.08442804 0.04984406 0.02219421 0.01165452 0.0141194 0.01257011 0.01026182 0.004271821 0.0126319 0.01321437 0.0099869 0.01104872 0.01182171 0.01403873 0.01587532 0.01816274 0.01769196 0.01725066 0.0160194 0.01554695 0.01865657 0.01756013 0.01576808 0.01469967 0.0116265 0.01735763 0.01674704 0.011292 0.01447532 0.01651102 0.01312196 0.01310767 0.01305979 
0.2300636 0.233349 0.1750189 0.1059475 0.1482957 0.2044872 0.2168286 0.2412411 0.2644111 0.3545263 0.3027103 0.3738493 0.3421731 0.3394214 0.3390869 0.3634883 0.3273108 0.4044887 0.372187 0.3092907 0.2669384 0.3657638 0.2583518 0.1274294 0.02514918 0.01098819 0.01269286 0.007435707 0.01024073 0.008302971 0.003933641 0.00899528 0.00923791 0.007486944 0.008543091 0.009611413 0.01176296 0.01354731 0.01568777 0.01511868 0.01501834 0.01411113 0.01370932 0.01643228 0.01545237 0.01368054 0.01241343 0.009590492 0.009437053 0.008926002 0.009039168 0.01145141 0.01344293 0.01091228 0.009934742 0.009908408 
0.2589452 0.2430762 0.2032285 0.1677446 0.2375012 0.2846698 0.2441022 0.2776949 0.2586801 0.2936966 0.2947443 0.3573225 0.2482792 0.2569811 0.3711074 0.3512712 0.3243199 0.293516 0.3402424 0.3276672 0.2775716 0.2480369 0.1784749 0.1692549 0.07653917 0.02648639 0.01010385 0.006859344 0.006013947 0.00501852 0.003978794 0.009138138 0.01036924 0.007597016 0.00856298 0.009436871 0.01124169 0.01263275 0.0144685 0.01365066 0.01351439 0.01261464 0.01214998 0.01444829 0.01350009 0.01172428 0.01057433 0.008108776 0.0079543 0.007208674 0.007128761 0.008799786 0.00788874 0.007471379 0.00728117 0.007250976 
0.2678128 0.2483352 0.2368908 0.2195882 0.276374 0.2137898 0.1905606 0.2645831 0.2905689 0.2733181 0.304788 0.3287159 0.3092208 0.3184492 0.4076377 0.4640912 0.5311708 0.3053712 0.2961812 0.3161725 0.3223434 0.2603889 0.1943816 0.1438268 0.08367413 0.04289654 0.02882895 0.01028895 0.006271398 0.005378885 0.004430908 0.009879515 0.009131175 0.008724459 0.00942083 0.009743632 0.01100997 0.0119397 0.01327972 0.01246909 0.01209847 0.01105067 0.01067167 0.01276653 0.01192149 0.01021497 0.009144734 0.007026114 0.006876534 0.005901862 0.005674406 0.006712287 0.005825174 0.005358852 0.005032321 0.00499364 
0.167237 0.2010757 0.2717611 0.3349086 0.2720905 0.2845834 0.219935 0.2152444 0.2100336 0.2692244 0.3267394 0.3602734 0.3371017 0.4103135 0.3842327 0.4078427 0.4913796 0.3897884 0.2502246 0.2172316 0.2958621 0.3389682 0.2646471 0.185351 0.1208098 0.109283 0.05686198 0.05588564 0.05671092 0.04097613 0.03350063 0.03311497 0.02742742 0.01891182 0.01710729 0.009688611 0.009654878 0.009782637 0.01061303 0.01024241 0.009712556 0.008750351 0.008440797 0.008097197 0.0074187 0.006056604 0.005278909 0.004185439 0.003966011 0.003155049 0.002867175 0.003078722 0.002437767 0.002077604 0.001807632 0.002319801 
0.1110725 0.09904116 0.1721651 0.2796446 0.3755085 0.465477 0.3053254 0.1699188 0.214898 0.4175557 0.3528664 0.3602837 0.2955255 0.3875495 0.4598837 0.3726899 0.4525844 0.384184 0.3422398 0.2903583 0.3274602 0.31202 0.274504 0.1696788 0.1180179 0.1030062 0.07209536 0.05891766 0.05850931 0.04852809 0.03615115 0.03688713 0.02725426 0.0211476 0.01766474 0.008512493 0.007915299 0.007524724 0.008120039 0.008246994 0.007803596 0.006919024 0.006710451 0.006447411 0.005823624 0.004490099 0.003707065 0.002850682 0.002530764 0.001846037 0.001600962 0.001399244 0.0008317996 0.003787533 0.00237541 0.0001833508 
0.2358012 0.1222938 0.2117536 0.306621 0.3687365 0.386946 0.2922021 0.3514979 0.3023514 0.3250208 0.3027028 0.3472084 0.2476203 0.31958 0.3765687 0.4271804 0.4770011 0.4511382 0.3745785 0.374392 0.4493564 0.3565885 0.3280447 0.2508044 0.1692421 0.1433931 0.1038937 0.06738754 0.05943413 0.05551124 0.04689245 0.04134125 0.0310687 0.02358045 0.01860331 0.007041739 0.005934664 0.005334503 0.005776904 0.006473931 0.006131965 0.005432408 0.005374602 0.005198509 0.004622733 0.003327265 0.002549161 0.001853265 0.001511094 0.0007671094 0.0005121806 0.0002865834 2.159826e-005 1.327893e-005 1.277237e-005 5.398291e-006 
0.2260165 0.1635419 0.1928671 0.2533383 0.2434234 0.2562133 0.2556154 0.3204225 0.2796538 0.157178 0.1881696 0.2608662 0.1732803 0.1572637 0.2832596 0.5064131 0.4829996 0.3362941 0.2879387 0.3147375 0.4414063 0.4019098 0.3250647 0.272236 0.2594217 0.1981625 0.1358631 0.1078092 0.09965969 0.09056539 0.05965751 0.0508743 0.03474059 0.0295585 0.02176709 0.00608342 0.004301781 0.003490376 0.003934241 0.005200539 0.004953279 0.004457193 0.004627719 0.004546194 0.004074266 0.00281927 0.002060583 0.001449529 0.00118407 0.000479363 0.0002672188 8.000385e-005 0.0004764768 1.282239e-005 1.623181e-005 4.1781e-005 
0.2850725 0.192261 0.1712928 0.2559483 0.2564263 0.268117 0.3215447 0.2060861 0.2114463 0.1398439 0.1298461 0.1385687 0.1245143 0.2864922 0.4521724 0.3892331 0.3343493 0.268294 0.2655937 0.2596625 0.307159 0.327307 0.3103594 0.2777928 0.2810426 0.2077829 0.1672475 0.162226 0.1555628 0.1260575 0.1013324 0.08552513 0.06783029 0.05696262 0.04068467 0.01157992 0.005006977 0.002216485 0.002300182 0.003707628 0.003601547 0.00327545 0.003526813 0.004104029 0.003680449 0.002362923 0.00156714 0.001256373 0.001028108 0.0001359521 1.945828e-006 7.296143e-007 0.0005949121 0.001671831 0.0001021979 0.0006945063 
0.1902233 0.1565286 0.2335323 0.2615712 0.2916726 0.2561815 0.2462334 0.2336728 0.270925 0.1795956 0.08464012 0.07320779 0.2432374 0.3185783 0.3417329 0.24351 0.1207738 0.09816584 0.1377015 0.2017025 0.2131045 0.2003362 0.1690247 0.2444792 0.2293232 0.1782084 0.1750574 0.2384451 0.2014972 0.1597743 0.1389086 0.08979927 0.07674529 0.06011051 0.04623059 0.0110273 0.005585678 0.002491479 0.002026071 0.00267779 0.002792661 0.002535697 0.00286505 0.003213351 0.002798663 0.001576305 0.0008851117 0.0006978055 0.0006030187 0.0003866814 0.001103009 0.00281042 0.002405001 0.002321689 0.002692465 0.004028417 
0.1334679 0.1026576 0.1858145 0.2251468 0.25492 0.2983652 0.3627458 0.2764801 0.2755901 0.1307871 0.05971524 0.2445901 0.3279861 0.3166899 0.3334999 0.2926688 0.1979227 0.06517326 0.1231881 0.2136251 0.2270115 0.2507953 0.2247721 0.253496 0.2691519 0.2155958 0.2529228 0.3194962 0.2460783 0.1930369 0.1476671 0.1317168 0.1179703 0.09206421 0.05079291 0.01138037 0.005859233 0.00264661 0.002173854 0.002607783 0.002120364 0.001953325 0.002348097 0.002474305 0.001975712 0.0008194419 0.001127377 0.004123637 0.0001199632 4.701464e-005 5.162356e-006 3.667473e-006 4.687369e-006 6.180278e-006 0.00573615 0.001684564 
0.2198081 0.1443452 0.1594586 0.1421857 0.1877303 0.2663432 0.2579917 0.2204885 0.2107123 0.1456998 0.1408911 0.2053821 0.3290873 0.2613157 0.2994917 0.2519242 0.2190142 0.1578987 0.2104926 0.2002313 0.230382 0.2512132 0.1971775 0.2433096 0.2683263 0.2607708 0.260742 0.3191566 0.2925241 0.2455007 0.1949729 0.1362943 0.1461161 0.1230755 0.06172309 0.01119336 0.005819871 0.002707508 0.002250451 0.002761694 0.002041958 0.001696377 0.002137618 0.002367099 0.001716909 0.0006552049 0.001351519 0.002081454 0.0001374284 8.685407e-006 1.475675e-005 0.002000597 0.001675672 0.004567658 0.01170587 0.004064267 
0.252651 0.2021216 0.2151586 0.2210543 0.2781901 0.3829146 0.2900741 0.2907993 0.2753099 0.3666414 0.483673 0.4048668 0.3502903 0.3683246 0.2083014 0.208657 0.192399 0.1732527 0.2200094 0.1873063 0.2101112 0.2203203 0.2404946 0.2706233 0.2924556 0.2470482 0.2239912 0.2513095 0.2511659 0.2479172 0.1976283 0.1546775 0.1158929 0.09100321 0.05299851 0.01546988 0.007032585 0.003321928 0.002797037 0.003785582 0.002892058 0.00230848 0.002345741 0.001905429 0.001889148 0.001161783 0.0003298341 0.0002830392 0.0002827625 0.0001153254 0.00123575 0.00937603 0.02453767 0.03677853 0.02476765 0.03176019 
0.2964031 0.3191159 0.2681943 0.2282552 0.2236059 0.2331914 0.2248391 0.2434089 0.2705763 0.4409523 0.4247524 0.3591463 0.2741323 0.2881116 0.1799819 0.17448 0.1914711 0.1275059 0.1106188 0.1800419 0.1884364 0.263109 0.2956552 0.2948535 0.3184135 0.2696807 0.2127187 0.2399536 0.2239466 0.2211897 0.1859741 0.1481981 0.1212982 0.0980531 0.05532899 0.02162039 0.00890895 0.00338865 0.002886786 0.003988686 0.003139373 0.002462351 0.002329118 0.001853143 0.002319532 0.001520265 0.00117393 0.0003595001 0.0009367475 0.002476976 0.003073557 0.009817108 0.03465887 0.02757373 0.04892273 0.09257397 
0.2080697 0.3688178 0.3532089 0.3101028 0.2568571 0.2812676 0.2452424 0.2264746 0.2844627 0.2864521 0.2463586 0.2831222 0.2504674 0.1847397 0.1242175 0.1651367 0.2116717 0.1446417 0.1632918 0.150631 0.1430817 0.1344926 0.1769241 0.2413854 0.3134618 0.2497446 0.2144279 0.2673108 0.2445316 0.2209983 0.1971649 0.1355813 0.1197556 0.07762133 0.05309319 0.03241869 0.01070777 0.003662747 0.005413295 0.004385278 0.003502842 0.002775744 0.002353264 0.001766316 0.001431502 0.0007248928 0.001094709 0.001197195 0.002547652 0.001816652 0.001996552 0.006984685 0.02980343 0.03123596 0.05745292 0.07187979 
0.1440574 0.2819116 0.2540961 0.2503659 0.1807087 0.1440461 0.1289388 0.2193813 0.2603211 0.2694153 0.2021866 0.2121573 0.1577265 0.1752426 0.1427863 0.1042347 0.05882839 0.06714038 0.05271293 0.1118919 0.1153132 0.1177799 0.1179079 0.1540596 0.2177256 0.207314 0.2407307 0.2549273 0.2268602 0.2141308 0.1613349 0.1477156 0.1440578 0.09233109 0.06410294 0.09566427 0.03980741 0.004145534 0.003560661 0.005046807 0.004225781 0.004356381 0.003135731 0.001858574 0.001543887 0.0009316691 0.001761197 0.003016489 0.003601672 0.003336388 0.004103321 0.01392382 0.009474166 0.02034913 0.03819368 0.02295637 
0.1272747 0.2469768 0.2656726 0.130826 0.08166212 0.09438907 0.05480627 0.1869973 0.2101982 0.2447724 0.2196789 0.1720627 0.1072336 0.1499261 0.06349394 0.07791261 0.05417477 0.07888658 0.1360278 0.1405329 0.1127101 0.1279844 0.1146477 0.1272754 0.1712964 0.1974269 0.1677907 0.1808362 0.1843998 0.1631506 0.1221397 0.1237115 0.1065345 0.08308226 0.0384964 0.05214634 0.07524066 0.01086124 0.008427627 0.006514596 0.007312364 0.00653278 0.003304136 0.001524774 0.00145165 0.0008629193 0.0007800916 0.001667585 0.002016404 0.00174376 0.002727116 0.01091862 0.01310914 0.01742174 0.01310886 0.006678028 
0.2027604 0.228874 0.1312665 0.08803559 0.04261087 0.03323374 0.08325282 0.179937 0.1357299 0.1655861 0.1429526 0.1582053 0.07835932 0.0832651 0.08952884 0.06730277 0.0910095 0.1035488 0.1899751 0.1552546 0.1341678 0.1330593 0.09666751 0.1151567 0.1561088 0.1752453 0.1503131 0.1736733 0.1810482 0.1648489 0.1109277 0.08160388 0.08352685 0.08186831 0.03265052 0.02831603 0.02255901 0.01140769 0.00929835 0.008483481 0.00708396 0.005160334 0.004323434 0.002069158 0.001521903 0.001022122 0.001028979 0.002071934 0.002691402 0.002555954 0.003243067 0.006215216 0.002440252 0.00152829 0.001538161 0.001076831 
0.2431886 0.2304963 0.1167175 0.09937806 0.04201298 0.05511589 0.07237274 0.1087723 0.1023182 0.06546602 0.07756908 0.1076757 0.07679392 0.04813101 0.04038123 0.06681469 0.1287849 0.1711165 0.1786051 0.1048105 0.1054118 0.09063377 0.08448102 0.0992092 0.1173201 0.1479504 0.1624807 0.1387841 0.1433894 0.1149867 0.08790518 0.0714495 0.07458226 0.05198717 0.0282861 0.02011787 0.01392081 0.01031165 0.009438058 0.008515529 0.006795422 0.005200888 0.005404838 0.001457142 0.001673322 0.00132238 0.001723158 0.002839178 0.003381639 0.003305267 0.003951763 0.001735223 0.001709285 0.001632798 0.008901765 0.007698395 
0.2162212 0.1640422 0.1022763 0.07474659 0.1134583 0.1359062 0.087349 0.07425459 0.07749435 0.04881434 0.06997898 0.09554171 0.05139107 0.04417737 0.03606141 0.07318325 0.1648473 0.2117196 0.1879976 0.107883 0.1008441 0.07512013 0.06427536 0.08750416 0.1172743 0.1547728 0.1453659 0.1267381 0.1034113 0.0863018 0.06617416 0.04506909 0.05079422 0.0281293 0.02186807 0.01664802 0.01139984 0.008356097 0.007351869 0.005762135 0.004854429 0.004368394 0.005089932 0.001322444 0.001811769 0.001680473 0.00193747 0.003732483 0.004479666 0.00446785 0.005002681 0.002090915 0.001984144 0.01086317 0.01644271 0.01315879 
0.1594476 0.1210465 0.08505294 0.09284433 0.1717523 0.1057379 0.04427015 0.06601135 0.04337487 0.03456223 0.05727858 0.0785664 0.04982348 0.05435552 0.03979232 0.07935154 0.1853755 0.1597721 0.1398034 0.06448609 0.05371154 0.03998156 0.02886767 0.05931175 0.08790927 0.1402445 0.1519551 0.09977444 0.06914558 0.04796554 0.03742465 0.02001744 0.01642869 0.01473911 0.009582482 0.008098074 0.006044357 0.004772434 0.004310891 0.003568091 0.003178559 0.003623126 0.003378989 0.003150582 0.003718695 0.004409246 0.005179237 0.007388435 0.008720577 0.009224837 0.01007633 0.007816056 0.009234281 0.01523149 0.008042584 0.003448107 
0.1423045 0.1316085 0.05744807 0.09643365 0.05030135 0.02008316 0.03183702 0.04562797 0.03958701 0.03498251 0.06419829 0.06624867 0.06101088 0.04952757 0.05570845 0.08423714 0.1351541 0.1700579 0.1465483 0.04918223 0.02778971 0.01802446 0.02158589 0.06024153 0.09540297 0.1211737 0.1386221 0.09918738 0.05707433 0.0345096 0.02416162 0.01302311 0.009192487 0.006906608 0.006191039 0.005020895 0.003899914 0.003247753 0.003076205 0.002708309 0.002615497 0.002733411 0.003277574 0.003565941 0.004269463 0.005051709 0.006263812 0.009096826 0.01056967 0.01103912 0.0117913 0.008969248 0.01259274 0.01482874 0.009290339 0.02745806 
0.1265993 0.08957542 0.0299093 0.01832581 0.02155825 0.02441664 0.03141843 0.03926858 0.04142413 0.0369096 0.03673469 0.05319295 0.05084458 0.04923767 0.05856081 0.07418758 0.1056426 0.1291251 0.09846067 0.03703675 0.01672704 0.01678849 0.02974377 0.05123943 0.1146112 0.1223337 0.1010574 0.07179258 0.05053153 0.02567121 0.01685975 0.008227082 0.00540111 0.003715317 0.003209091 0.003121852 0.002526793 0.002236266 0.002254564 0.002122384 0.002137617 0.002701407 0.003523744 0.004166003 0.005046466 0.006093765 0.007405629 0.01044881 0.01209886 0.01259383 0.01322655 0.02287089 0.01892354 0.01163824 0.01369787 0.02169355 
0.1527185 0.06714659 0.01309415 0.0140825 0.01834813 0.0257 0.02350512 0.03939675 0.02906996 0.02752725 0.03444118 0.04955332 0.04795296 0.03678824 0.0638984 0.07241396 0.0844365 0.1303173 0.07223723 0.03160842 0.04201885 0.02625434 0.02849227 0.05118286 0.1084016 0.1168443 0.05734327 0.05270514 0.03705782 0.01936654 0.01335282 0.006851801 0.004641012 0.002981111 0.002554557 0.002465483 0.001967006 0.00176291 0.001855454 0.00182386 0.001909457 0.002633812 0.00396263 0.004958271 0.006360136 0.007283103 0.008546824 0.01163521 0.01329707 0.01378824 0.01476334 0.0107352 0.01094998 0.01276435 0.02018857 0.02802419 
0.1213301 0.0457326 0.0173806 0.008989004 0.03196358 0.03502077 0.01882052 0.0215829 0.02452015 0.02428738 0.02933905 0.04579395 0.0800371 0.04343299 0.06232295 0.07363532 0.09940964 0.0962998 0.06765114 0.04560292 0.03113085 0.02959571 0.0275963 0.02673687 0.05376009 0.08496647 0.03878691 0.01876995 0.01633218 0.01002011 0.00740798 0.005209311 0.003377741 0.002272397 0.00192497 0.001173312 0.0009119771 0.0008364525 0.0009465177 0.001051633 0.00116043 0.00183823 0.003061487 0.008284066 0.01075929 0.01241201 0.01404064 0.01313472 0.01741126 0.0218073 0.01545732 0.01751371 0.01898258 0.01994627 0.01566626 0.01745968 
0.09723705 0.0224307 0.01122098 0.02541235 0.02691282 0.01939113 0.01355733 0.02052853 0.02213955 0.02300299 0.02374192 0.04185276 0.04329016 0.05498501 0.06763006 0.07164733 0.0888574 0.0698116 0.06293106 0.04332622 0.03548256 0.0318929 0.02924802 0.02719555 0.02552205 0.02462025 0.02068072 0.01448281 0.01148699 0.007643591 0.005614709 0.003648424 0.002333645 0.001518878 0.001256917 0.0007389154 0.0005426516 0.0005246742 0.000684886 0.0008420113 0.001001461 0.001855736 0.00337085 0.009367096 0.01216446 0.01416952 0.0158255 0.01559758 0.01589384 0.0171401 0.01653946 0.0173408 0.01650635 0.01598593 0.02686766 0.01669355 
0.07826202 0.01178833 0.00385222 0.00948243 0.007536395 0.006950391 0.007367255 0.01965137 0.02105906 0.02306292 0.02367431 0.04153083 0.04502856 0.0742456 0.05694954 0.06387015 0.06835767 0.07851335 0.06518795 0.04356293 0.03611752 0.03461786 0.02937146 0.02570878 0.02571491 0.024617 0.01708878 0.01245246 0.007843224 0.005072018 0.004292117 0.002680233 0.001621434 0.001031286 0.0008294188 0.0004888858 0.0003352264 0.0003673617 0.0005720077 0.000774662 0.000978319 0.001925108 0.003575154 0.009996613 0.01293176 0.015178 0.01792818 0.01862454 0.01955192 0.01892575 0.0205967 0.02069425 0.01873932 0.01935869 0.02077653 0.01274193 
0.07189602 0.01884962 0.003725518 0.007380979 0.01004249 0.00626002 0.002323491 0.01423851 0.01629211 0.01999476 0.01948102 0.03722593 0.04732643 0.0601601 0.05703786 0.05963565 0.0543397 0.05146767 0.05110194 0.04122263 0.03583826 0.03199049 0.02864204 0.02292744 0.0235989 0.02031449 0.01459031 0.01022547 0.006682004 0.005800331 0.007202202 0.002171905 0.001287684 0.0007766419 0.0006485556 0.00136531 0.008315302 0.0004887867 0.000608882 0.0008694786 0.001092274 0.002045913 0.003681919 0.01015776 0.01322274 0.01544681 0.0174329 0.01807933 0.02276252 0.02464127 0.02280966 0.02066553 0.02091221 0.02229914 0.02464054 0.01987903 
0.0463156 0.01626922 0.00650623 0.007278818 0.005432409 0.008118149 0.009644461 0.01212479 0.01345161 0.01316236 0.01803406 0.02014045 0.02454644 0.0334847 0.02945538 0.02416606 0.02679813 0.02376663 0.0235997 0.02389083 0.02219188 0.02083476 0.01909385 0.007505805 0.006728457 0.006430176 0.004606881 0.001794993 0.001182161 0.006256754 0.004322123 0.0005405822 0.0003006354 0.0001686773 0.0003087546 0.002588934 0.03446573 0.0008635788 0.0004658294 0.001182446 0.00154122 0.002773531 0.004839512 0.01110466 0.01450575 0.01693407 0.02262704 0.0221986 0.0253512 0.04071316 0.02990295 0.01637097 0.01358871 0.0121371 0.01185484 0.00641129 
0.07298619 0.02864072 0.007477158 0.004553386 0.006477299 0.005576616 0.007054465 0.009397765 0.008291002 0.009589692 0.01278072 0.01801715 0.0212181 0.02109707 0.0258434 0.02128959 0.02217791 0.02131309 0.02109419 0.02169706 0.02108745 0.02010954 0.01860011 0.007386541 0.00678522 0.005851012 0.004612553 0.001746979 0.0009838588 0.000507202 0.00038363 0.0003948942 0.0001941191 0.0002634258 9.014404e-005 0.0001494256 0.0002358389 0.0002609765 0.0004925844 0.001351384 0.001705559 0.003063241 0.0049956 0.01200097 0.01521946 0.01753121 0.01981039 0.02291912 0.02961327 0.03125204 0.02724317 0.01314516 0.01766129 0.01971774 0.008064516 0.00548387 
0.07032254 0.02530088 0.006766917 0.003129015 0.003854499 0.004662415 0.006584301 0.006976855 0.007054391 0.008614801 0.009436682 0.01352238 0.01586919 0.0197308 0.01982306 0.02190368 0.01894173 0.01855861 0.01931255 0.1007159 0.01883715 0.01808499 0.01684636 0.006751251 0.006248088 0.005398627 0.004233917 0.001663187 0.0008394553 0.0003916663 0.0002917482 0.0002889388 0.0001280873 5.650514e-005 7.566569e-005 0.0001602489 0.0001930849 0.0004951463 0.0006446959 0.001770019 0.002157599 0.003423246 0.005999265 0.01255436 0.0159891 0.02107058 0.02038854 0.02950112 0.03394883 0.0295641 0.02537907 0.01016129 0.03298387 0.01225806 0.01028226 0.02028226 
0.03776742 0.01007986 0.004054734 0.002155235 0.00245556 0.00341219 0.006187258 0.006435803 0.006933695 0.007142302 0.007415285 0.01128471 0.01304593 0.01521013 0.0133472 0.01563904 0.01490565 0.01589995 0.04701244 0.05043569 0.01542403 0.01484352 0.01368331 0.005513834 0.005070576 0.005734623 0.003930347 0.001249799 0.0006592607 0.002322001 0.0002244214 0.0002226881 0.0001020984 6.215613e-005 0.0001038374 0.0002736236 0.0003184372 0.0007433283 0.0009207999 0.002287117 0.002945504 0.004676282 0.006958785 0.01341921 0.01632992 0.01919603 0.02011302 0.02580111 0.02644514 0.02809876 0.02691159 0.02379032 0.01479839 0.007096773 0.01278226 0.01649193 
0.02193677 0.005144659 0.002796358 0.003652763 0.003679143 0.004288435 0.003844599 0.002891904 0.001798179 0.002164636 0.002704124 0.004845913 0.00610117 0.006294554 0.006662889 0.009391032 0.0106459 0.01001396 0.009577381 0.009736436 0.01005898 0.00915367 0.008208984 0.002511614 0.002285535 0.00255592 0.001519804 0.001018603 0.0001948245 8.473171e-005 6.338995e-005 0.0005262825 5.030463e-005 4.489326e-005 8.746641e-005 0.0005325251 0.0007055981 0.001162226 0.001986664 0.004128155 0.005649992 0.007965392 0.01057813 0.01315832 0.01576783 0.01716753 0.01726867 0.01298387 0.01169355 0.01495968 0.0178629 0.02205645 0.02596774 0.0175 0.009435484 0.02310484 
0.00634081 0.002616561 8.943192e-005 0.003167074 0.002000536 0.003271771 0.001144331 0.0007698027 0.0009038614 0.001126558 0.001514111 0.002893197 0.003633844 0.003743813 0.004068081 0.005792721 0.009808724 0.00684275 0.006032145 0.00723275 0.006955724 0.006138384 0.005582613 0.003638117 0.001512651 0.001275737 0.0009825162 0.0002380063 0.0001147475 4.603592e-005 8.737008e-005 6.012451e-005 3.321332e-005 4.856386e-005 0.0001686588 0.0006705907 0.0009018691 0.001453567 0.002311898 0.005021568 0.007015636 0.00910753 0.01129364 0.01521411 0.01894963 0.01560002 0.02745351 0.02318548 0.01495968 0.01116935 0.01391129 0.01459677 0.01326613 0.01205645 0.01169355 0.02149193 
0.005230897 0.01112402 0.0032582 0.0020442 0.000677186 0.0003658537 0.0005027885 0.0004637976 0.0004025027 0.0006122524 0.0007396559 0.001425105 0.002255318 0.002088706 0.002482185 0.007030561 0.004777361 0.004887386 0.003916811 0.004805789 0.004676044 0.005182945 0.004021062 0.001885088 0.001282713 0.0008073559 0.000611731 0.000142255 6.507292e-005 2.388855e-005 2.01456e-005 4.036247e-005 3.10264e-005 0.000378458 0.000641153 0.001114006 0.0012049 0.001786713 0.002724891 0.006044708 0.01326753 0.0101646 0.01177825 0.01432998 0.01640794 0.01544921 0.01707081 0.003266129 0.009395161 0.01342742 0.01633064 0.01278226 0.01185484 0.0183871 0.01056451 0.007741935 
0.0150659 0.01967827 0.007203662 0.0031481 0.002842468 0.002027827 0.001416598 0.001252398 0.0002663742 0.0003713149 0.0005656819 0.001446195 0.001747083 0.002455316 0.006363488 0.008375467 0.004615583 0.004869686 0.003911683 0.005506353 0.004278569 0.006732206 0.003348074 0.002897401 0.004534022 0.0007963955 0.0004476175 0.0004290763 4.683549e-005 1.859047e-005 1.830775e-005 4.434794e-005 0.0006838382 0.001127535 0.001322484 0.001808432 0.001949182 0.00239974 0.00330677 0.007009286 0.01360995 0.01140146 0.01392018 0.0134766 0.01660991 0.01580381 0.01275677 0.01153226 0.01008064 0.0157258 0.01471774 0.008346774 0.006008064 0.01608871 0.01274193 0.006491935 
0.01554641 0.01996777 0.0173972 0.003279871 0.001851664 0.003202788 0.002086447 0.0001437824 3.875392e-005 0.0002800658 0.0001078999 0.0004804807 0.0003477232 0.001240631 0.005390923 0.01917518 0.004962455 0.001600544 0.004257536 0.005165977 0.005619665 0.004357339 0.002745416 0.002417038 0.003258554 0.002310456 0.002267897 0.001050774 0.001199882 0.001030978 0.001090497 0.00130513 0.001661717 0.001945838 0.002357923 0.003031449 0.003155347 0.003536419 0.004328503 0.009503406 0.01173481 0.01763818 0.01496458 0.01597572 0.01713237 0.01778604 0.01442689 0.004838709 0.0175 0.006048387 0.007137096 0.005846773 0.007137096 0.007862903 0.001451613 0.006209677 
0.0113587 0.02559666 0.01898597 0.005496794 0.001506018 0.0009757064 7.824025e-005 0.0001971219 0.000223279 2.030975e-005 3.024544e-005 0.0001747221 0.0003642092 0.0003249095 0.0001290744 0.0003330189 0.004248033 0.00308427 0.005954906 0.00953948 0.00510029 0.005976026 0.00667391 0.003481867 0.003173858 0.003260403 0.002978937 0.002491785 0.002379418 0.002488904 0.002578903 0.002347677 0.002576896 0.002844456 0.003292762 0.004452461 0.005938918 0.005092304 0.005739103 0.01077961 0.01294145 0.01622035 0.01612868 0.01944884 0.02051285 0.01765542 0.01474566 0.00907258 0.01274194 0.009758064 0.007379032 0.01237903 0.005967741 0.007177419 0.004596774 0.01165323 
0.008097125 0.01439492 0.00990263 0.006244509 0.002572303 0.001062668 0.0001900694 5.702265e-005 0.000671021 0.0004760968 4.6756e-006 0.0001082822 0.0001310287 1.884319e-005 1.918e-005 0.0005645548 0.00374228 0.003448415 0.0051416 0.00891375 0.008834468 0.005916259 0.004807428 0.004397102 0.004153572 0.0040724 0.004120222 0.004688974 0.003641913 0.003750973 0.003827747 0.003303801 0.003395624 0.003636817 0.00409191 0.00529913 0.00572216 0.007397678 0.006646852 0.01113595 0.0130682 0.01451921 0.01565253 0.01812769 0.02469934 0.02701554 0.0170742 0.01241935 0.006814516 0.01217742 0.01830645 0.008911289 0.003790322 0.004354838 0.004959677 0.0128629 
