ncols         56
nrows         54
xllcorner     28.264
yllcorner     -5.7719999999999
cellsize      0.25
NODATA_value  -9999
0.09685599 0.1174998 0.1239781 0.1649613 0.1094079 0.1118255 0.1064643 0.06891979 0.0761129 0.0466217 0.0627104 0.05344438 0.05458808 0.062168 0.05743904 0.05090439 0.03988905 0.05693716 0.07397498 0.0724318 0.07528944 0.07133481 0.09222748 0.1195404 0.1539769 0.1709028 0.161397 0.206037 0.1647267 0.1096548 0.1040602 0.1661835 0.2030921 0.1893139 0.1983493 0.1855082 0.1559242 0.1691623 0.1440228 0.1132193 0.0601665 0.06853061 0.06339971 0.1037669 0.06608174 0.07452759 0.1182836 0.09741802 0.1118332 0.1597649 0.1248719 0.0963292 0.1015692 0.1019432 0.09894768 0.09372704 
0.1050553 0.1666711 0.1516725 0.1282692 0.09536581 0.09733642 0.07382265 0.1065193 0.08578178 0.07927901 0.0958758 0.07199711 0.06271999 0.05634055 0.07000128 0.07744607 0.05872736 0.1074319 0.1298187 0.0923345 0.08551267 0.08630231 0.09011127 0.1185803 0.1430626 0.1856832 0.160479 0.2174866 0.152907 0.1131428 0.08562172 0.1993289 0.2308058 0.1954746 0.1887304 0.2037077 0.1639761 0.1983146 0.1403972 0.1219387 0.06728161 0.04607593 0.09092697 0.08545411 0.0712079 0.09015367 0.09213884 0.1404531 0.151295 0.09569753 0.09240858 0.08274532 0.07440445 0.07037447 0.05386516 0.053726 
0.1588287 0.1585926 0.1340479 0.1276577 0.1050461 0.09124633 0.09539174 0.07916926 0.0884385 0.08905651 0.08689118 0.1075615 0.06718544 0.08011618 0.09317727 0.1037409 0.1168758 0.1621571 0.1216243 0.09652899 0.09923973 0.1053437 0.09158389 0.1166848 0.1443699 0.1588387 0.1555148 0.2089848 0.1691478 0.1281566 0.07706852 0.1096565 0.1537184 0.1621536 0.179124 0.1927114 0.1377565 0.1206705 0.08188705 0.1268406 0.1064086 0.1467493 0.06281201 0.07305086 0.1085779 0.08023826 0.09507553 0.1426269 0.1331754 0.1126556 0.101018 0.07913706 0.05100801 0.02733378 0.01630431 0.02499432 
0.1300201 0.1655217 0.1546466 0.1331265 0.1386858 0.1186259 0.09371748 0.07988823 0.06945155 0.08353928 0.08688232 0.09362113 0.06481544 0.0894978 0.08878879 0.1036709 0.09897306 0.1193228 0.1240949 0.1103723 0.1154744 0.1280011 0.1364396 0.1989936 0.204557 0.1647464 0.1535809 0.1815764 0.1772344 0.1452721 0.1053192 0.1552123 0.1681378 0.1788333 0.1820908 0.1969311 0.1860379 0.1159242 0.08215656 0.1507988 0.1684274 0.2023865 0.1439753 0.1966473 0.1702483 0.06623834 0.1623773 0.1553681 0.139397 0.1002352 0.05468575 0.07540823 0.05896622 0.02822956 0.007644079 0.006234596 
0.1450998 0.1420785 0.1150052 0.1119475 0.1267412 0.1226416 0.11854 0.1084754 0.1085089 0.1259089 0.1373392 0.1124228 0.07301499 0.101839 0.09568746 0.1169652 0.1245734 0.1353768 0.1671394 0.1599852 0.1503681 0.1533481 0.1484138 0.2405313 0.2139932 0.1499662 0.1246198 0.172324 0.1561938 0.1018488 0.1049153 0.129264 0.1603235 0.1707982 0.08522954 0.1152136 0.1604097 0.1194613 0.04975067 0.1084619 0.1176714 0.1449769 0.1469918 0.1519031 0.1075935 0.0752106 0.06679232 0.05890121 0.03068257 0.03932015 0.03692139 0.047132 0.06285483 0.02051696 0.002030512 0.001504585 
0.1145882 0.1017287 0.09430833 0.118501 0.1818937 0.1191973 0.1210286 0.11531 0.125339 0.1567408 0.157581 0.1180108 0.09175937 0.08781376 0.08171514 0.1105896 0.1443424 0.1885701 0.2235475 0.1873093 0.1560289 0.1395014 0.1309359 0.1688662 0.1489128 0.1318469 0.1322344 0.1747092 0.1206071 0.07270768 0.08338928 0.09929751 0.144283 0.1428322 0.08442329 0.07171959 0.07253432 0.05011209 0.03536456 0.1201275 0.1395525 0.1195031 0.0842877 0.1267175 0.0970715 0.09168024 0.07270891 0.0414612 0.01714933 0.03663187 0.02832239 0.06448238 0.06530172 0.03085032 0.001207361 0.007424967 
0.07978112 0.1063096 0.115705 0.1070566 0.1265234 0.1470934 0.1556199 0.1141211 0.1266951 0.1667612 0.1293878 0.09129705 0.0754078 0.06241406 0.06432113 0.113637 0.1615718 0.166159 0.2010186 0.2086394 0.1730634 0.1452528 0.1231387 0.1593679 0.1406893 0.08077528 0.08018122 0.1608324 0.1527034 0.09626544 0.08602852 0.08599865 0.1130816 0.1640413 0.09305831 0.054131 0.06731491 0.02825923 0.04411741 0.06713104 0.08870113 0.08044527 0.09071539 0.108611 0.1347285 0.1017739 0.03030132 0.02972501 0.02342206 0.02636135 0.01952655 0.04683322 0.05052993 0.04193759 0.02347352 0.02627582 
0.1160752 0.1524203 0.1312579 0.1272837 0.1295855 0.1402828 0.2489181 0.1513275 0.1293184 0.1388886 0.1775742 0.1380765 0.08787088 0.06991491 0.1293077 0.1178254 0.1600441 0.1788594 0.2255216 0.2350861 0.2102176 0.2204514 0.1526632 0.1679769 0.1290833 0.109079 0.08773638 0.1291015 0.1110924 0.105851 0.08233508 0.06920905 0.08720373 0.09550602 0.06574689 0.0755694 0.04727723 0.0415376 0.08022171 0.06741989 0.07863114 0.09707427 0.1076398 0.1108574 0.08420438 0.06948121 0.03418109 0.03268088 0.03499627 0.02045153 0.01223276 0.03989099 0.01992213 0.006083711 0.0218579 0.01741956 
0.1007015 0.1284455 0.1307778 0.1460062 0.1654565 0.158557 0.1412559 0.1385665 0.1614626 0.1636521 0.1847374 0.1465859 0.1461202 0.07771167 0.08296219 0.116264 0.08604646 0.1853382 0.2434111 0.1788788 0.1387792 0.1870371 0.1455148 0.1506501 0.1016516 0.106623 0.1043621 0.1190367 0.09821989 0.06862266 0.06116458 0.06903248 0.06156278 0.08103362 0.05538258 0.07022145 0.0678458 0.05999101 0.08673332 0.1089979 0.09179614 0.08855625 0.06837387 0.0646853 0.0553808 0.03350793 0.03523969 0.03055495 0.0281539 0.04483307 0.01903053 0.03842938 0.02648805 2.760416e-005 0.003113036 0.0001758606 
0.1374313 0.123839 0.1393663 0.1553429 0.1995566 0.1482795 0.1401594 0.1563705 0.1596241 0.1375565 0.1301428 0.1462311 0.1318516 0.07021568 0.05460142 0.070283 0.07944416 0.1866081 0.2163164 0.1439291 0.119067 0.1171032 0.114837 0.1166849 0.08276741 0.07372506 0.07879408 0.08504545 0.05999105 0.03740005 0.02646203 0.04074411 0.06005596 0.06732078 0.06152202 0.07479734 0.09431753 0.06637395 0.08382078 0.1099058 0.09020551 0.03747787 0.01586301 0.06422598 0.07012206 0.02489213 0.020635 0.03775574 0.02893964 0.03747379 0.04921766 0.02600166 0.01678675 0.01862078 0.003688307 8.819301e-005 
0.1342242 0.169111 0.1205289 0.1474863 0.2157928 0.171882 0.1218197 0.1200227 0.1195155 0.1423098 0.1209829 0.1092467 0.1041738 0.07390105 0.08371791 0.1009356 0.09951215 0.1224757 0.1902081 0.197194 0.1047209 0.1064377 0.1759433 0.1536875 0.1059783 0.073275 0.07431042 0.07155848 0.04002007 0.01789887 0.01769264 0.01668938 0.03219029 0.03914496 0.04269876 0.06262247 0.07722702 0.08667237 0.07237908 0.07280357 0.05581926 0.03459591 0.01775746 0.02397991 0.06859798 0.05569168 0.0453412 0.01699391 0.01715884 0.02584341 0.031178 0.03494182 0.02896584 0.03402683 0.001988755 0.0001393407 
0.1159247 0.1359521 0.1386069 0.1869143 0.2409097 0.2842486 0.2142744 0.2121626 0.2190111 0.2033689 0.2551866 0.2301725 0.1824128 0.152274 0.1474398 0.1235772 0.1207452 0.138777 0.1425691 0.1212147 0.1008337 0.1352355 0.243542 0.1861664 0.09523609 0.06768588 0.05706673 0.04669324 0.04120171 0.02060259 0.02583009 0.02063379 0.02129784 0.02370338 0.01276847 0.03900671 0.03579505 0.03208467 0.03963196 0.03053057 0.02637502 0.03178781 0.009477826 0.0222009 0.04096184 0.06371747 0.03746577 0.005635765 0.01571475 0.01427405 0.02337678 0.01729945 0.01283606 0.01410752 0.008900334 0.008304238 
0.1628838 0.1765772 0.2094522 0.2340576 0.2441279 0.2801032 0.2636213 0.2649589 0.2285798 0.2042668 0.2715738 0.2816327 0.226376 0.1771463 0.1796514 0.1410363 0.1355117 0.1805197 0.1849009 0.1733285 0.1528898 0.1868137 0.1971667 0.1499267 0.1063615 0.05741914 0.05040849 0.03224692 0.03316525 0.02670949 0.02557271 0.02442571 0.02213758 0.01169394 0.01214823 0.01703792 0.0140597 0.01562455 0.01656972 0.02686815 0.01321174 0.006477049 0.009443559 0.01349928 0.0325737 0.04599486 0.03224742 0.03329445 0.02709219 0.02050903 0.01295955 0.004839242 0.009745057 0.01049641 0.01417009 0.03115571 
0.1945611 0.2522534 0.2841915 0.2929351 0.2874991 0.3067644 0.3111618 0.2795977 0.266911 0.2771171 0.2763602 0.2446841 0.1899713 0.1960028 0.1936152 0.1443484 0.1434505 0.1685878 0.1671212 0.1135158 0.1383425 0.1334063 0.1128592 0.1212246 0.08220638 0.05043115 0.03425214 0.02882848 0.03106629 0.04029743 0.02130905 0.026587 0.02305116 0.009474929 0.01238328 0.006689531 0.005981583 0.009846845 0.03187433 0.01932413 0.01484525 0.01783391 0.01108658 0.01144593 0.02333071 0.03604124 0.02463193 0.03579308 0.01392569 0.01990711 0.02295906 0.01556482 0.01125001 0.02711623 0.01580714 0.03834016 
0.2080148 0.2888147 0.2675132 0.2853067 0.2808714 0.268813 0.2930923 0.2902133 0.2816308 0.2756729 0.2296785 0.2408617 0.2059802 0.2125827 0.2063477 0.1500108 0.1696709 0.2213936 0.1388775 0.1473109 0.1138472 0.07509637 0.1215316 0.07955275 0.06018513 0.0374708 0.02120561 0.01760142 0.02184279 0.03354855 0.02456837 0.01533206 0.02506245 0.01569736 0.01372279 0.005709301 0.001914135 0.003159291 0.01027016 0.01328004 0.01377507 0.02324668 0.02274567 0.02571572 0.0403494 0.02965247 0.0154178 0.01171265 0.01100541 0.01315971 0.01556784 0.01347231 0.009171647 0.02056574 0.00952234 0.003077459 
0.2002537 0.2784404 0.2906244 0.3162383 0.3347806 0.3148967 0.2379056 0.2881427 0.3072935 0.3020635 0.2757154 0.231382 0.2460909 0.2210506 0.1869315 0.1382037 0.1496062 0.1901636 0.1433069 0.132121 0.1323951 0.07989842 0.07857849 0.08233561 0.0544723 0.03503522 0.0235742 0.02035771 0.01905802 0.02041337 0.01324858 0.01700708 0.02815449 0.01535976 0.01100414 0.01692132 0.01371 0.004289681 0.004079801 0.004933537 0.02418588 0.03631499 0.04925921 0.04400349 0.03823109 0.02131559 0.03137405 0.01604634 0.01620738 0.01676603 0.03090774 0.001961318 0.003681556 0.0329187 0.01250994 0.01335374 
0.2326173 0.2571973 0.3761795 0.3805523 0.4126077 0.4286321 0.2620621 0.2616342 0.2629697 0.2804193 0.3052952 0.2238304 0.2370363 0.2046235 0.1815337 0.2080213 0.2493964 0.2004021 0.1314521 0.1270678 0.1094013 0.0927432 0.06668019 0.05990779 0.05066527 0.04275241 0.02802777 0.02876276 0.02995972 0.02141389 0.01271585 0.0192656 0.0352957 0.01348149 0.009621253 0.005407656 0.004733518 0.002761848 0.004410645 0.0171953 0.002637503 0.03067288 0.04146311 0.03954839 0.01516339 0.01364901 0.01322846 0.004523709 0.01342566 0.004125231 0.005384787 0.00538178 0.005999105 0.02045108 0.01067018 0.01013338 
0.2622227 0.2860444 0.3185401 0.3700606 0.356864 0.312066 0.2591862 0.2858559 0.2366648 0.2289847 0.2507518 0.213745 0.2378949 0.1977552 0.1955459 0.2819917 0.3392328 0.2167683 0.1459387 0.1412582 0.1147908 0.09149751 0.05817915 0.04845848 0.05083474 0.03201925 0.01791528 0.02868959 0.03846683 0.02495838 0.01902375 0.04313186 0.03654095 0.01607689 0.009619514 0.00470402 0.003448471 0.002518549 0.00239843 0.002919132 0.001856797 0.00252923 0.008438879 0.02132441 0.006091966 0.007637995 0.007416883 0.003028916 0.005490078 0.00120327 0.001590684 0.001496643 0.001560504 0.0002895957 0.01269762 0 
0.1981075 0.2365542 0.3541927 0.3363363 0.2799631 0.2445946 0.2563339 0.2464443 0.2693751 0.2705447 0.2483522 0.2306759 0.227994 0.2234998 0.2205748 0.2063834 0.2533093 0.2495377 0.2481006 0.1912627 0.1913763 0.116363 0.08167659 0.05192019 0.04606069 0.03071289 0.03119876 0.02727925 0.03051682 0.02274843 0.0272578 0.04247149 0.02289589 0.02275899 0.0107973 0.004662361 0.003281894 0.002319725 0.001987046 0.002014887 0.001448196 0.001013899 0.01245483 0.004185671 0.007654843 0.002768866 0.00174494 0.003122683 0.0275546 0.002911831 0.0006957274 0.001586412 0.002822819 0.002950432 0.008425947 0.0001684513 
0.283497 0.2976007 0.3178905 0.3405442 0.2961896 0.296665 0.3062721 0.3033245 0.2985383 0.2752468 0.2798785 0.2551968 0.2435103 0.2498155 0.2312652 0.2195538 0.3017022 0.3236362 0.2668524 0.2625459 0.2406351 0.1879182 0.1071235 0.09296073 0.06186767 0.04141208 0.02991503 0.02909916 0.02603441 0.02930809 0.02710477 0.03471958 0.02112499 0.01736841 0.01639351 0.003608101 0.002423157 0.002103258 0.001294485 0.001547599 0.001098035 0.00131821 0.002713828 0.003146743 0.001739387 0.00288526 0.001876128 0.0003563317 0.0002539082 0.0003927311 0.0002930865 5.101103e-005 0.0003022404 0.001151955 0.0003007893 6.329145e-005 
0.2777387 0.259049 0.2532282 0.320496 0.3860557 0.3471105 0.3219497 0.3464928 0.2967832 0.2416064 0.2775781 0.2344752 0.1978159 0.2147461 0.2099403 0.2652437 0.2815689 0.2668043 0.3027188 0.2512777 0.2238959 0.1170249 0.1444836 0.1188726 0.06713676 0.04019304 0.03072761 0.0346272 0.03587143 0.03113621 0.02488626 0.02900035 0.01959111 0.01890475 0.01963314 0.004036743 0.003481871 0.00146883 0.001172996 0.001232862 0.0006959373 0.000471781 0.0005900401 0.0004655765 0.001233923 0.001492849 0.001775941 0.0002395261 0.0001745878 0.0001277678 0.0001617444 4.096541e-005 0.0001400568 0.001232239 0.0001337697 5.058294e-005 
0.2831409 0.2211862 0.1916912 0.2507803 0.3324032 0.3227687 0.2980247 0.2999844 0.2834734 0.2555051 0.267738 0.2680918 0.200337 0.2088126 0.2016825 0.2616827 0.2101982 0.1950151 0.2384765 0.2230545 0.2415188 0.1688117 0.1339068 0.1325821 0.106886 0.07235979 0.04503899 0.04658712 0.03840893 0.06234575 0.04231539 0.04260296 0.02519145 0.02029812 0.02072836 0.005078893 0.004246962 0.0020118 0.00128042 0.001233828 0.0008644009 0.0006301238 0.0005307031 0.0005632852 0.0006335675 0.0005145506 0.0002668688 0.0002316167 0.0001571994 0.0001079905 8.439487e-005 3.583156e-005 2.182017e-005 6.646756e-005 1.304276e-005 6.039055e-006 
0.2229296 0.201495 0.1600586 0.2159989 0.2502392 0.2873606 0.2706202 0.3407047 0.262363 0.2311816 0.2164053 0.2254128 0.1987723 0.1937107 0.1958486 0.2303233 0.1712732 0.1755644 0.2291111 0.2320414 0.2702487 0.2106954 0.1365775 0.1037038 0.1138143 0.1033138 0.05824327 0.06947601 0.0472008 0.05337391 0.04466207 0.05020653 0.03071251 0.04837079 0.02246151 0.006213536 0.003794062 0.001916787 0.001613047 0.001634116 0.01089274 0.01035151 0.0007853798 0.0007907366 0.0005536606 0.0003909573 0.0003076178 0.0002559245 0.0001584695 9.984517e-005 8.019979e-005 3.565626e-005 2.410181e-005 1.871997e-005 1.944976e-005 1.032006e-005 
0.1789727 0.1829144 0.1787491 0.214765 0.245711 0.2254058 0.2004037 0.2923405 0.2624396 0.2199381 0.1789523 0.20545 0.1556045 0.1768857 0.1710951 0.1785676 0.1539807 0.1414757 0.1435404 0.1540787 0.1750942 0.1753475 0.125257 0.1101584 0.1218361 0.1075589 0.09862593 0.09492666 0.08555142 0.09022571 0.05638491 0.05437564 0.05530647 0.06131811 0.03348934 0.02557733 0.005408034 0.003235134 0.002778788 0.003035053 0.002927791 0.003037381 0.001558008 0.000623667 0.0004145056 0.0002771666 0.0002748769 7.502076e-005 7.098068e-005 0.0002466032 9.675517e-005 6.055891e-005 1.917681e-005 6.325765e-006 0.0001478144 1.659858e-005 
0.1462414 0.1423514 0.1859894 0.2833838 0.2898033 0.2310632 0.2017588 0.2556865 0.2136581 0.1473663 0.1487392 0.11043 0.1327444 0.1786396 0.1287426 0.1667788 0.1200009 0.1320939 0.1275321 0.1555168 0.1619551 0.1530273 0.1339781 0.1256801 0.1294427 0.1109898 0.09769389 0.1114404 0.1073651 0.09276089 0.08098812 0.07047427 0.08440091 0.06485645 0.04903425 0.02954447 0.006933017 0.004890258 0.003245803 0.003612285 0.002984256 0.002417852 0.002515876 0.000761089 0.0004892945 0.000314941 0.0002380904 8.147397e-005 4.322757e-005 0.0002018185 0.0003683325 6.65151e-005 6.040071e-005 5.624049e-005 5.449295e-005 3.346028e-005 
0.2192861 0.2349896 0.2123892 0.210225 0.260415 0.2326554 0.1846581 0.1639549 0.1344212 0.1231162 0.1238619 0.1062292 0.1240904 0.1286583 0.1254297 0.1503761 0.1445985 0.1558459 0.2139515 0.1730668 0.1660389 0.1197308 0.1691742 0.1545613 0.121545 0.1313283 0.1003165 0.110145 0.1340715 0.1164465 0.1083775 0.09393653 0.07212359 0.08507898 0.05428631 0.04749105 0.008630417 0.006069823 0.004556137 0.004623779 0.003909011 0.003226478 0.002809299 0.001108998 0.0006502832 0.0004178699 0.00448426 0.001033532 6.434617e-005 4.170636e-005 7.81148e-005 6.090369e-005 6.009416e-005 0.001316316 0.003700057 4.141384e-005 
0.1463572 0.1850639 0.182799 0.1952601 0.1942516 0.1847424 0.1688711 0.1277334 0.0840738 0.08323734 0.1265509 0.1359151 0.1285361 0.1263622 0.1299078 0.1985794 0.2021317 0.1454802 0.1780165 0.1590904 0.1287733 0.1384642 0.179729 0.1741557 0.166634 0.1302942 0.128328 0.14946 0.1308807 0.1270198 0.108268 0.09339363 0.08429649 0.08617421 0.05641957 0.04853817 0.03111825 0.01124093 0.006752089 0.00695711 0.006990314 0.004779254 0.004146397 0.00408631 0.00319563 0.0005864815 0.002182535 0.001036984 0.0001064096 8.239543e-005 9.800515e-005 0.003198975 0.003239687 0.0008662527 0.003234511 0.0002262238 
0.1977675 0.2351493 0.2287375 0.2243466 0.1813498 0.2764907 0.1621757 0.1130729 0.08949215 0.09638936 0.1318092 0.169507 0.1391049 0.1369086 0.1568756 0.197136 0.1665962 0.142573 0.1632095 0.1361935 0.1382744 0.1445792 0.1738169 0.1909672 0.190663 0.1760765 0.1585111 0.1343295 0.1204873 0.1192789 0.1072332 0.100612 0.1051573 0.0837158 0.05092104 0.04685104 0.02725239 0.01491365 0.01306001 0.01040861 0.009370851 0.01158986 0.008012051 0.003141138 0.008586522 0.008294103 0.002177428 0.0006059432 0.0007135085 0.0004553068 0.0003586048 0.002018628 0.00510047 0.006555873 0.003441416 0.0003968455 
0.1978392 0.2330641 0.2689144 0.1630978 0.1345953 0.1771099 0.1275261 0.1347481 0.1508926 0.1162223 0.1155201 0.148384 0.1463513 0.1220787 0.1114241 0.109999 0.1179362 0.1421941 0.1471989 0.1137178 0.1372923 0.151201 0.167633 0.2076724 0.2399138 0.2110293 0.193616 0.1679832 0.1362174 0.1208651 0.1115365 0.1084675 0.09487427 0.07800411 0.04963521 0.0382021 0.05136747 0.03714404 0.01996075 0.01221959 0.01059325 0.008970797 0.007229209 0.003589327 0.01018694 0.01200519 0.009313938 0.0007069107 0.0004885152 0.0006736153 0.000680966 0.00357625 0.007501237 0.008112945 0.00893051 0.001104444 
0.2127948 0.2376892 0.2354257 0.1426068 0.1356738 0.1037976 0.1289351 0.1297028 0.1448638 0.1191806 0.1030332 0.130466 0.1253369 0.1031171 0.09021713 0.08812366 0.1199593 0.1212627 0.1056421 0.1006904 0.1131565 0.1330319 0.1576222 0.2296724 0.2505949 0.2446839 0.2368362 0.1950979 0.1545995 0.145698 0.1237624 0.1162119 0.08017413 0.083747 0.06810618 0.05489224 0.04053852 0.034585 0.02441643 0.01645365 0.01276926 0.01019125 0.008188573 0.004052843 0.003615412 0.004488367 0.008364206 0.0008472572 0.0007622425 0.0006218539 0.0008883774 0.001102854 0.00414022 0.007899733 0.008287842 0.002387159 
0.2518188 0.2231352 0.1695712 0.1192931 0.09140676 0.08686381 0.1014528 0.1007151 0.11142 0.1294483 0.1225992 0.1049445 0.1018215 0.09534081 0.07831762 0.06004982 0.05391292 0.08238978 0.07612323 0.1096855 0.112032 0.1248222 0.1312823 0.1947601 0.2978453 0.2784943 0.2633502 0.2320084 0.2004963 0.1509764 0.135786 0.1133429 0.07529269 0.07075968 0.07728135 0.09690036 0.05639812 0.02799343 0.03112322 0.01972469 0.0161859 0.01291756 0.009038541 0.004372316 0.002795454 0.001901424 0.001707194 0.001088843 0.001131317 0.000983755 0.001183934 0.001280623 0.001583495 0.004077088 0.00464388 0.001866943 
0.2086751 0.2513214 0.2033781 0.1245336 0.08055592 0.06214423 0.06530258 0.1031928 0.1337537 0.1226047 0.13264 0.1094416 0.09587101 0.08900718 0.07189386 0.06557353 0.05939447 0.08272608 0.1170485 0.1394489 0.1435106 0.1447051 0.1740527 0.2294312 0.2856803 0.3260934 0.2918341 0.2750262 0.2496391 0.1905287 0.1606444 0.1086083 0.08390104 0.06123569 0.06576033 0.07655031 0.1023738 0.03850026 0.03029915 0.0222415 0.01889461 0.01515359 0.01113959 0.003071548 0.001774101 0.001206116 0.00115617 0.001667779 0.001299649 0.00149715 0.001684866 0.001209185 0.001885408 0.001524255 0.002735218 0.008729312 
0.2159506 0.2136398 0.1368359 0.105767 0.07573049 0.06873365 0.07582079 0.1124447 0.1265629 0.1044888 0.1113349 0.09868981 0.09796865 0.102797 0.08047025 0.06922704 0.07648101 0.1142896 0.1268183 0.1456534 0.1591218 0.1556162 0.1795776 0.2468314 0.2934026 0.3131065 0.3017851 0.2951746 0.2589222 0.2153128 0.1665713 0.1156225 0.09165398 0.08207353 0.05514882 0.05290596 0.04829393 0.03777973 0.03236919 0.02251639 0.01779587 0.01370475 0.0129812 0.003526579 0.001867237 0.001272164 0.001284155 0.001700839 0.001629525 0.001775354 0.002111302 0.0004433978 0.0007616783 0.0005459835 0.0005788469 0.01597711 
0.2241153 0.1774308 0.1337038 0.1081541 0.07655025 0.06805261 0.1034235 0.119893 0.09719317 0.1128955 0.10894 0.1098251 0.106107 0.0928153 0.07770756 0.08558583 0.0981111 0.1185535 0.1103969 0.1201791 0.1343352 0.1500499 0.1769064 0.2356381 0.2975372 0.3344966 0.3135537 0.2763404 0.2512688 0.2290697 0.1724136 0.1083296 0.08156504 0.06923691 0.05538132 0.0568195 0.05568476 0.0445164 0.03455118 0.0224002 0.01873743 0.01385117 0.01070902 0.003586766 0.002087141 0.001447722 0.001529675 0.001971596 0.002061066 0.002283681 0.002784531 0.0005897008 0.0005901679 0.0007861314 0.01020517 0.01895389 
0.1846279 0.1884702 0.1643058 0.1366346 0.1212458 0.09493388 0.09959789 0.105572 0.09133301 0.1092713 0.1091481 0.1056921 0.1096661 0.0977744 0.08894517 0.09727964 0.110174 0.1069314 0.09471142 0.1068822 0.126627 0.1343433 0.1364804 0.197808 0.257085 0.3176649 0.2784834 0.229373 0.2114381 0.1921508 0.1568407 0.098183 0.07549877 0.06267982 0.04645678 0.06113284 0.04619148 0.03574508 0.03282699 0.02015159 0.01620663 0.01272259 0.01003444 0.003008764 0.002114623 0.001889027 0.002045624 0.002492642 0.00292133 0.002922154 0.003219465 0.0006232515 0.0006759508 0.0158498 0.01782016 0.001524931 
0.1854605 0.2222726 0.1556696 0.1515158 0.1205086 0.1275767 0.09915842 0.09521203 0.09677496 0.09939118 0.09138877 0.113169 0.1215626 0.1198905 0.1051063 0.1161695 0.136648 0.1133247 0.1045228 0.07206244 0.06111784 0.04470909 0.04521958 0.167625 0.2216823 0.248967 0.23551 0.1838668 0.1613671 0.1384729 0.1203065 0.08405972 0.06579231 0.04770231 0.04178959 0.05449848 0.04002925 0.02841404 0.02439608 0.01636591 0.01213269 0.00997422 0.00839773 0.005042989 0.003840342 0.003432302 0.003826081 0.005308065 0.005633969 0.006204534 0.006523233 0.004695261 0.004983116 0.02759806 0.01135366 0 
0.2195378 0.2565462 0.09932534 0.09081838 0.08233628 0.1021545 0.1088413 0.1025752 0.1021828 0.09593564 0.08824956 0.1213471 0.1205351 0.1130421 0.122879 0.1132871 0.1035948 0.09490445 0.09316376 0.06078869 0.03428623 0.02670783 0.05203201 0.1725749 0.2166533 0.2301215 0.2025072 0.1666636 0.1483853 0.1149567 0.09683656 0.07610638 0.05173283 0.03760256 0.03395372 0.05221861 0.02917374 0.0246257 0.02114778 0.01307735 0.01076507 0.008961863 0.007819722 0.004934586 0.004067272 0.003899975 0.004427307 0.006097815 0.006680292 0.007286255 0.007682707 0.005469225 0.03085352 0.02520902 0.008416186 0.006403933 
0.1990394 0.199184 0.08189637 0.05187497 0.05774055 0.07099362 0.09241727 0.1070538 0.1034982 0.09511432 0.09013809 0.1138763 0.1175386 0.1220051 0.1310306 0.1368047 0.1093729 0.09181777 0.0972719 0.04743557 0.02637049 0.03001265 0.08888587 0.1680099 0.1895486 0.2006179 0.1683258 0.1339421 0.1281531 0.1070885 0.08314557 0.06379525 0.04065853 0.0345061 0.03314891 0.04509218 0.02370827 0.02075551 0.01802026 0.01116217 0.009191924 0.00785428 0.007233652 0.004911837 0.004437532 0.004512684 0.00509232 0.007136711 0.007971688 0.008705402 0.008459332 0.04011662 0.03458634 0.006737456 0.007483624 0.008828452 
0.1980067 0.1250073 0.03814359 0.06365485 0.06496535 0.05959443 0.07183415 0.108691 0.1081854 0.08983175 0.07540859 0.1039302 0.1185395 0.09183525 0.1006217 0.08141734 0.1219198 0.08105327 0.08085213 0.03571 0.02860986 0.04097265 0.09400327 0.1549717 0.1659106 0.1776916 0.1316722 0.1186761 0.115407 0.08521947 0.06014813 0.06006795 0.03641064 0.03853411 0.02820318 0.02273096 0.02010169 0.01809172 0.01454957 0.009058516 0.007448704 0.006629353 0.006641216 0.004932147 0.004957611 0.005490717 0.005823486 0.007749869 0.008460517 0.008976451 0.01670871 0.0236594 0.009586395 0.007329358 0.0103475 0.01058577 
0.1905718 0.09992597 0.04503492 0.0691067 0.07315283 0.07415375 0.06892867 0.09386585 0.1139411 0.1249135 0.08838891 0.09504828 0.09129296 0.108943 0.1103742 0.08086655 0.0921232 0.06858598 0.05650444 0.04600915 0.0237789 0.03989949 0.1031558 0.1068635 0.1319702 0.1585422 0.1240195 0.09794271 0.08047716 0.05060817 0.04171297 0.04327853 0.03086704 0.02474755 0.01877742 0.0122821 0.01028451 0.009697004 0.007837844 0.004341116 0.003554778 0.003368612 0.003791561 0.007662173 0.008427845 0.009733669 0.01007666 0.008843496 0.02728991 0.04480845 0.02031017 0.01107094 0.01523407 0.01524691 0.01369432 0.004895397 
0.1743298 0.08649415 0.04706446 0.07118547 0.06550556 0.07774368 0.06568618 0.08022387 0.09320881 0.1105996 0.08378912 0.09053207 0.08565825 0.07674724 0.08762769 0.06238704 0.05199898 0.05066914 0.03940873 0.0267804 0.01848701 0.02739146 0.06391753 0.06767281 0.1059922 0.1091935 0.09775468 0.06694856 0.05635721 0.03897223 0.03173362 0.03126277 0.05332058 0.01785621 0.01249258 0.008926764 0.007870157 0.008056924 0.005776927 0.00372845 0.002406609 0.002569702 0.003417709 0.007735464 0.009215583 0.01035021 0.01123807 0.02061948 0.03074831 0.02381492 0.0121656 0.01146327 0.01231987 0.02055733 0.01481435 0.001757322 
0.2035164 0.1033363 0.06176023 0.08113782 0.08377754 0.07482696 0.07343993 0.09305039 0.08966451 0.09367328 0.07699237 0.0813177 0.07911871 0.07049719 0.0556615 0.08268128 0.08226347 0.05095526 0.04673735 0.03746716 0.04518357 0.05176827 0.05372688 0.0656224 0.08983999 0.06119134 0.05949156 0.05815671 0.04247222 0.03447485 0.02364219 0.02405913 0.02085272 0.01253292 0.009758255 0.006663753 0.006999048 0.005623747 0.01414462 0.004658503 0.001743392 0.002117992 0.003180075 0.007685113 0.009516798 0.0108933 0.01181273 0.03181968 0.01111881 0.01327526 0.01301798 0.0100691 0.01579709 0.01580085 0.01480399 0 
0.2015607 0.08934067 0.03236574 0.05353351 0.08643293 0.07157059 0.06801692 0.09250594 0.08674051 0.07883494 0.05941849 0.07191585 0.09354889 0.07566093 0.05771045 0.06912052 0.0517676 0.03307729 0.05863701 0.0845435 0.05221533 0.03444244 0.05933114 0.07503265 0.09531548 0.07202262 0.05927891 0.03576632 0.03288363 0.04883991 0.03229712 0.01938315 0.0190903 0.01167425 0.009319796 0.04989407 0.06044287 0.004033053 0.004659124 0.001957282 0.001592555 0.002020003 0.003093121 0.007534723 0.009376223 0.0108483 0.02967722 0.02335203 0.0112945 0.01193789 0.01278442 0.01428491 0.02456122 0.02172337 0.01856443 0.004393305 
0.2339962 0.126223 0.05895539 0.04142445 0.07457852 0.07484736 0.0679476 0.07043391 0.09003562 0.06510483 0.04675021 0.05023765 0.06372263 0.07205701 0.07365967 0.04294544 0.03447447 0.03064091 0.0756659 0.06793077 0.04959573 0.04743214 0.05058238 0.07899667 0.1059202 0.08016943 0.05444894 0.047376 0.06298041 0.0580695 0.01820117 0.007736522 0.01072582 0.01005581 0.004589546 0.03920528 0.2225168 0.00549327 0.002584008 0.001759979 0.001605751 0.003215122 0.003359541 0.007677678 0.009619142 0.0288806 0.05298635 0.01896939 0.016337 0.02434265 0.02559297 0.0151046 0.01769874 0.01560669 0.01539749 0.005774058 
0.1997861 0.09934096 0.06108801 0.06302162 0.07660584 0.06922451 0.06395826 0.07299422 0.09143765 0.05290596 0.03955213 0.06428286 0.09049264 0.06964271 0.06038576 0.04245123 0.04629372 0.054389 0.03311985 0.03905369 0.02583001 0.02925889 0.02808151 0.02869689 0.08890688 0.05333948 0.04325426 0.03148162 0.02554186 0.002368083 0.01345116 0.006117561 0.007270019 0.007002105 0.003063333 0.002836489 0.00296758 0.001681924 0.001642582 0.001687731 0.004680572 0.00312751 0.003255509 0.007519007 0.009454046 0.04616961 0.03694494 0.01571273 0.0192359 0.02591215 0.02320782 0.01545833 0.01820084 0.01230126 0.01112971 0.0125523 
0.1693651 0.09810127 0.06394751 0.07946536 0.0902003 0.08245925 0.06263257 0.06493081 0.06179464 0.05985248 0.03951569 0.04243283 0.05474829 0.06765222 0.05199162 0.04060993 0.05692107 0.03856544 0.02449218 0.03649212 0.03943709 0.03964899 0.03327306 0.03566488 0.03062057 0.03141576 0.06793737 0.03299431 0.02495914 0.004182149 0.01382064 0.004064268 0.003539836 0.00181811 0.001579269 0.001703434 0.001526855 0.001508023 0.001595112 0.001551266 0.001647201 0.002257233 0.003374827 0.007529086 0.009329153 0.05542029 0.02399901 0.02224337 0.03438743 0.02740244 0.02585533 0.00825 0.01087866 0.00874477 0.01121339 0.01209205 
0.1497714 0.1141348 0.08359232 0.07098439 0.0742987 0.1139726 0.07508767 0.07578768 0.06436324 0.06419951 0.05475115 0.04412249 0.0433981 0.04974484 0.04403635 0.05707936 0.05314689 0.02632809 0.0231503 0.03035571 0.03480827 0.04284508 0.04071745 0.04713832 0.03859664 0.0431761 0.06022689 0.06854481 0.05426712 0.003988412 0.01528408 0.005374473 0.00764331 0.002897262 0.00144662 0.00166171 0.001598349 0.00169687 0.001946792 0.002008482 0.002236893 0.002795268 0.003692475 0.008059147 0.009133296 0.0400756 0.01334587 0.03320509 0.03573758 0.02134235 0.02626938 0.008458333 0.01096234 0.005690376 0.009372385 0.01435146 
0.1031789 0.09747917 0.08017714 0.04549983 0.05353695 0.07286277 0.06689958 0.07170557 0.04755007 0.05200525 0.06402037 0.05741997 0.04167568 0.0335708 0.05769079 0.06369831 0.06329256 0.03517403 0.03162381 0.02729069 0.03899102 0.03296608 0.02610038 0.02968485 0.0437061 0.04673439 0.05654978 0.06354917 0.05086207 0.01637781 0.02404684 0.01206391 0.003122903 0.0009142451 0.000948596 0.001604634 0.001656449 0.001879878 0.00239358 0.004925782 0.004634671 0.004841586 0.005801294 0.02803962 0.06819087 0.02888096 0.01103953 0.02945833 0.04629166 0.001666667 0.040375 0.01179167 0.00669456 0.008326359 0.007154812 0.009288702 
0.1099228 0.08892499 0.06777705 0.05014292 0.06827924 0.05880715 0.06315211 0.08301563 0.06668904 0.07542994 0.08727277 0.06148783 0.04211009 0.03625227 0.03562605 0.05358005 0.09268159 0.05106572 0.04192153 0.03228219 0.03453509 0.03343266 0.0178356 0.0447934 0.01598231 0.01841956 0.02890669 0.04578654 0.0101816 0.005170255 0.0003695755 0.002936529 0.002779071 0.0007482849 0.0008526579 0.001561998 0.00172981 0.002083789 0.002626647 0.006306831 0.005899521 0.005602172 0.006915172 0.04628379 0.04710516 0.009249517 0.01015698 0.02108333 0.01908333 0.008541667 0.03504167 0.01108333 0.01166667 0.007405858 0.009456067 0.01133891 
0.09850687 0.08003042 0.06639604 0.06558754 0.06447814 0.04568817 0.06757067 0.08002485 0.1212552 0.1161988 0.08078213 0.05786011 0.05130294 0.02948808 0.04271764 0.05970583 0.08032724 0.04767372 0.03227662 0.03374324 0.03306845 0.02823161 0.02589083 0.01346248 0.02266554 0.02903045 0.02786743 0.01544443 0.01161145 0.0005066698 0.0005026653 0.002788945 0.0006722168 0.003189209 0.0008534809 0.001691505 0.001992863 0.002477875 0.003149511 0.009040895 0.01670584 0.006747589 0.01183498 0.03957872 0.009907857 0.008415401 0.008697026 0.02345833 0.022875 0.03704167 0.03829167 0.02066666 0.01129167 0.01129707 0.007991632 0.008326359 
0.07793272 0.0772619 0.09218132 0.08996315 0.05829738 0.04710505 0.07203683 0.1331079 0.1350348 0.1032235 0.09194577 0.059368 0.04469011 0.03044501 0.0358649 0.04680487 0.05057688 0.04425476 0.035853 0.03132719 0.03314479 0.03091563 0.02350619 0.01716027 0.01949101 0.02564292 0.02636341 0.0236924 0.01298486 0.005091832 0.001089417 0.0007678877 0.0006210701 0.005022382 0.0009524484 0.001998011 0.002434038 0.003055352 0.003858001 0.006315856 0.01684746 0.009594925 0.0419079 0.01972037 0.01004756 0.01087416 0.01703138 0.0005833333 0.002166667 0.02991667 0.031 0.018375 0.0105 0.01991632 0.006987448 0.01058577 
0.1014744 0.08272702 0.09336304 0.09749045 0.04494676 0.05506659 0.07656728 0.129006 0.1192437 0.08170941 0.06616624 0.04306559 0.05015437 0.04447703 0.03625724 0.0387118 0.04957172 0.04303417 0.0366367 0.03614683 0.03160879 0.03625245 0.0221603 0.02107218 0.03193268 0.03201473 0.01808352 0.01586566 0.00906394 0.005735483 0.007068035 0.002027045 0.003033628 0.0008379234 0.001272192 0.002001195 0.00246329 0.003790216 0.00388666 0.009228211 0.01331884 0.03733927 0.05755554 0.0106144 0.01230348 0.0105505 0.01090449 0.00025 0.005458333 0.02433333 0.022625 0.015625 0.01208333 0.009372384 0.00623431 0.004058577 
0.08440348 0.1046764 0.09040427 0.05069772 0.04450347 0.07411143 0.1019447 0.1431327 0.07444697 0.07031872 0.05551062 0.05624514 0.04853054 0.046559 0.03601599 0.03628139 0.05146615 0.05094533 0.03805949 0.0359876 0.03223605 0.03565645 0.02460611 0.03671981 0.03533934 0.02570183 0.01463165 0.006440203 0.007095524 0.01115454 0.004924569 0.004311339 0.002451241 0.0009024025 0.001390433 0.002850613 0.002831368 0.004716835 0.0056867 0.01323373 0.01478461 0.04643427 0.05083198 0.01147665 0.01166392 0.01146722 0.01328006 0.009791667 0.004833333 0.0003333333 0.02741667 0.01354167 0.010875 0.002791666 0.006652719 0.007405858 
0.0753319 0.1018755 0.08207296 0.05321707 0.0358179 0.07022236 0.06409572 0.08586345 0.0554092 0.04908437 0.04770098 0.05316327 0.04641153 0.03587642 0.03880912 0.04658308 0.05283776 0.04725658 0.0416918 0.04684121 0.0448972 0.03051311 0.0186395 0.01643442 0.01682609 0.0108812 0.005127318 0.002727357 0.005302072 0.004044962 0.0006282833 0.0006376403 0.0005941392 0.0008631423 0.001437221 0.002326854 0.003628213 0.006913856 0.006822926 0.01319829 0.01488106 0.05560793 0.02620669 0.01291326 0.0155093 0.01643589 0.01892179 0.01758333 0.009708333 4.166667e-005 0.01004167 0.005791666 0.003791667 0.0006666667 0.00209205 0.007112971 
