ncols         56
nrows         54
xllcorner     28.264
yllcorner     -5.7719999999999
cellsize      0.25
NODATA_value  -9999
0.00142479 0.00367699 0.005377613 0.003574234 0.003114316 0.00391677 0.003252134 0.003601923 0.002010399 0.004264714 0.005269831 0.01449885 0.0380504 0.03864913 0.06546445 0.05261653 0.0245406 0.05269225 0.0521847 0.0722286 0.08936012 0.06849594 0.07402989 0.09565028 0.1029887 0.1798261 0.1696451 0.1504613 0.2231915 0.2044941 0.2078005 0.3872913 0.4362374 0.3369185 0.5137365 0.2603666 0.2062203 0.1709508 0.1343377 0.08564505 0.08851558 0.1299025 0.107312 0.1771705 0.1522368 0.1026234 0.06683695 0.06666248 0.08032937 0.1017572 0.03461144 0.03640464 0.05094425 0.1161237 0.08117013 0.0831841 
0.003750058 0.00280497 0.004300854 0.001811264 0.003372025 0.006063856 0.004662188 0.006703621 0.005746039 0.004547255 0.007864213 0.008607804 0.01417067 0.02546124 0.03470519 0.02317419 0.0351073 0.05051265 0.05200832 0.03732147 0.08260185 0.09096036 0.07042464 0.05909063 0.05796291 0.1910677 0.178388 0.1675763 0.1828033 0.143315 0.2100696 0.3999727 0.2908085 0.3710755 0.2450344 0.2475142 0.2166673 0.1933461 0.1229501 0.08681744 0.12148 0.103021 0.08085693 0.1052091 0.08918419 0.06646079 0.07583313 0.06927579 0.0773963 0.07774302 0.03833277 0.06545751 0.06234745 0.101666 0.07915626 0.07217416 
0.002023987 0.006141711 0.005292067 0.005336479 0.006445772 0.004292344 0.003719871 0.006040488 0.005528404 0.01342605 0.01869461 0.01628891 0.008271154 0.01448253 0.009026668 0.01061856 0.02098952 0.02169993 0.0239557 0.04840466 0.07742641 0.1035814 0.09305665 0.1436913 0.1112562 0.1991196 0.1898208 0.2306654 0.2016318 0.1742594 0.2718319 0.5678348 0.6522483 0.761169 0.4588235 0.2737952 0.3016725 0.27983 0.1476488 0.08934494 0.1935825 0.1455198 0.09187842 0.09792962 0.0663503 0.07439183 0.0629143 0.04989168 0.05491499 0.06009792 0.0680176 0.09855721 0.06956433 0.05108921 0.03979938 0.04681185 
0.004004842 0.005551998 0.005881247 0.008592109 0.0120151 0.006160395 0.006302723 0.007791071 0.003776434 0.002566976 0.01524326 0.03507214 0.01885751 0.01574738 0.01686933 0.02015534 0.01120279 0.02492456 0.03523944 0.06231103 0.09411598 0.0991525 0.1418083 0.1069701 0.08126061 0.09585557 0.1650788 0.2823695 0.2106569 0.176796 0.2976235 0.4326725 0.6267174 0.5844563 0.5240405 0.3408452 0.3756008 0.2428482 0.1467027 0.0976543 0.1419078 0.2141419 0.1662554 0.1202201 0.1003638 0.08062735 0.1380209 0.08658589 0.05653314 0.04956134 0.06509238 0.06719328 0.06991497 0.00985515 0.01468119 0.01889914 
0.003725394 0.004658108 0.005882526 0.007240233 0.00964181 0.01246317 0.007210781 0.0110201 0.005710938 0.008465515 0.01462978 0.02099512 0.02593991 0.01973282 0.02194791 0.01538465 0.01701017 0.01466456 0.04452817 0.09238509 0.1048616 0.07574622 0.0856801 0.08149259 0.08506362 0.1140964 0.1358002 0.1632344 0.1715457 0.1852977 0.2205736 0.4533212 0.4488541 0.3116463 0.6478106 0.3816315 0.3420095 0.191085 0.1108936 0.1726372 0.2020357 0.2099935 0.209404 0.1384926 0.08662259 0.09979939 0.1568547 0.09023292 0.05493891 0.05633197 0.0587309 0.04689543 0.0353892 0.01101804 0.0113207 0.007310406 
0.003727404 0.00460535 0.004923269 0.008606018 0.006955263 0.01382941 0.01194832 0.01540305 0.01424388 0.01749498 0.02174094 0.02806732 0.04369723 0.01822334 0.01850719 0.01838593 0.01752097 0.01963713 0.04554247 0.04762068 0.09559274 0.08975973 0.07266238 0.09760586 0.05374729 0.0905823 0.1299486 0.1389439 0.3293207 0.432748 0.2851749 0.5408568 0.5025238 0.4894227 0.4130442 0.2792292 0.2329235 0.1459798 0.1246757 0.2030337 0.1625244 0.123145 0.1428609 0.137506 0.1239856 0.09468143 0.1010325 0.07594468 0.03975717 0.04860258 0.04298977 0.07793182 0.05573166 0.02484624 0.01541408 0.001555677 
0.004112546 0.005506983 0.006123087 0.01096842 0.0142659 0.02477497 0.02357042 0.03253486 0.02601043 0.02134887 0.01272199 0.01874099 0.0239109 0.01876854 0.01188693 0.01263631 0.01428198 0.02787663 0.04119138 0.06493074 0.1389982 0.1124759 0.1260988 0.0875507 0.0956341 0.1182664 0.07106133 0.1065731 0.4595489 0.3622353 0.2810825 0.2614278 0.2826206 0.3478552 0.4850947 0.2271511 0.1864056 0.1338359 0.1370938 0.1614685 0.1568 0.1191638 0.1033161 0.1387068 0.1117377 0.08005952 0.07053142 0.06236496 0.04938213 0.04178412 0.03846281 0.04815516 0.07390633 0.06508484 0.01997307 0.00129375 
0.01455606 0.01067155 0.00648241 0.01018338 0.01148759 0.02721942 0.02790047 0.02281888 0.02179758 0.02647628 0.02037674 0.02153835 0.02815149 0.03518655 0.0286403 0.03757768 0.07946201 0.04203783 0.08466473 0.06580981 0.08019622 0.1253653 0.1480238 0.1208104 0.06845738 0.05864444 0.03194014 0.0434974 0.1533127 0.1701186 0.2784238 0.2947462 0.3429267 0.3599362 0.1851055 0.2432547 0.1616219 0.1464427 0.182023 0.09972691 0.1269641 0.1194625 0.1512806 0.2171461 0.1307984 0.06413234 0.06319611 0.04698295 0.03563036 0.0627248 0.0307951 0.05134636 0.05162263 0.05123881 0.04198146 0.01697309 
0.009012455 0.0132503 0.01179161 0.01656556 0.01866787 0.02465465 0.0237893 0.02256526 0.02918769 0.03023132 0.02175103 0.01829609 0.02480671 0.03425007 0.04555027 0.07412192 0.03593187 0.04088505 0.1229715 0.1141399 0.06453273 0.0750749 0.09290249 0.06591602 0.04955228 0.05069636 0.07763997 0.0646262 0.2651287 0.08382883 0.2186067 0.2544304 0.3178609 0.5207785 0.1387332 0.1923061 0.1638588 0.1199838 0.1650818 0.1045244 0.1085035 0.120402 0.1424305 0.189841 0.1031064 0.07171667 0.0303919 0.02439843 0.03512098 0.01938652 0.02361621 0.02565392 0.04173285 0.01855005 0.008003444 0.002114435 
0.01265818 0.02258375 0.01936881 0.01817352 0.03006558 0.02522369 0.02751389 0.03295657 0.04181409 0.04253479 0.02355587 0.01832498 0.0245348 0.02612195 0.02657806 0.02497547 0.01765133 0.02872691 0.04966043 0.07596689 0.1320858 0.112601 0.1416181 0.05204778 0.03504821 0.04218402 0.06284778 0.05219345 0.2223957 0.1122401 0.07832361 0.2254708 0.4574114 0.387727 0.207867 0.07903052 0.06656919 0.09439936 0.1375915 0.04671458 0.09788793 0.1279853 0.1385381 0.175276 0.09369186 0.058217 0.01877608 0.01519935 0.02497033 0.03877227 0.01557064 0.001025032 0.008310188 0.006382625 0.002900562 0.01876036 
0.03139211 0.03792486 0.01613535 0.02922463 0.03964592 0.04832277 0.03095051 0.04046867 0.03760323 0.06847824 0.04508263 0.02281022 0.02065219 0.04341128 0.03238424 0.02415133 0.03076566 0.03072394 0.05144536 0.1034329 0.1208574 0.06229018 0.05740804 0.03823411 0.03608499 0.07698695 0.1088383 0.04306601 0.07593066 0.1895938 0.03949434 0.08542077 0.2571679 0.2478693 0.06694219 0.07898162 0.1012618 0.1105474 0.06786454 0.03847907 0.09740464 0.1507017 0.1168585 0.1214747 0.04515682 0.03663499 0.04548535 0.02158949 0.01306041 0.01451298 0.0005199407 0.0003721287 0.0003046073 0.000308161 0.0003112913 0.002526186 
0.01533821 0.02036423 0.023401 0.05381561 0.03802093 0.02784089 0.02268702 0.04343299 0.03596437 0.03478888 0.03736133 0.02663731 0.01985711 0.02678713 0.02162984 0.02434513 0.03521295 0.04214846 0.03730086 0.03782647 0.04921664 0.03709124 0.03493361 0.03957801 0.09482384 0.08007681 0.1063795 0.05191189 0.06101914 0.05362616 0.08748545 0.08493214 0.1047684 0.08589802 0.06166339 0.1143813 0.1198748 0.08247077 0.08288267 0.05010475 0.08718944 0.0964364 0.1073096 0.07446211 0.04463708 0.03994178 0.04327202 0.04046875 0.02614821 0.0192226 0.008957597 0.01746253 0.00943164 0.009602484 0.009739254 0.0101318 
0.03813459 0.03143142 0.01797003 0.02764993 0.03941734 0.04111362 0.07122723 0.09338675 0.028848 0.03999121 0.04763684 0.03421624 0.03486835 0.01581366 0.0158691 0.01987212 0.03688674 0.05386398 0.0487216 0.04266265 0.05333991 0.05862058 0.03715425 0.03198403 0.02693103 0.04318668 0.1194024 0.03842444 0.02805112 0.0301459 0.09052695 0.07368834 0.1189621 0.05556354 0.03817055 0.1163245 0.1551981 0.07507502 0.0586697 0.05154411 0.05696261 0.05186076 0.06628268 0.06925765 0.06076274 0.06441034 0.06164075 0.04484793 0.03551938 0.02058168 0.01680347 0.0166334 0.009025144 0.00929201 0.009460733 0.009703731 
0.0590765 0.05579554 0.03528095 0.0288 0.04351284 0.03174148 0.05757066 0.05293077 0.06075107 0.04936407 0.07398535 0.05194046 0.02659343 0.02449162 0.02164653 0.02678327 0.05827804 0.1005924 0.0825616 0.05924699 0.0519789 0.04941789 0.06096004 0.03988868 0.04198305 0.03941919 0.09216416 0.02366227 0.02049688 0.07164384 0.07204671 0.0501455 0.09185155 0.05080045 0.05819867 0.09472485 0.1003931 0.0828496 0.08655693 0.0981549 0.0862302 0.06523668 0.04921834 0.05067055 0.04103038 0.06230525 0.04566817 0.02861264 0.0196752 0.01904915 0.01421293 0.008255437 0.008671438 0.008933995 0.009151946 0.009428083 
0.0799883 0.05099297 0.05667188 0.07087348 0.05419964 0.03041557 0.05337027 0.06137033 0.06260665 0.06345699 0.1127328 0.04568969 0.02838542 0.02940259 0.03560313 0.05300625 0.06597976 0.09424724 0.08526339 0.06530605 0.0392724 0.07812 0.1188613 0.06054738 0.05205417 0.02944168 0.03324035 0.03157784 0.02654368 0.06743588 0.04939624 0.04754636 0.09478475 0.0594415 0.05511575 0.1192975 0.06923205 0.06230681 0.07760035 0.06096265 0.06704053 0.06456418 0.03667527 0.04512119 0.04039444 0.04223023 0.0138747 0.006502898 0.008112835 0.007067087 0.01515256 0.007885179 0.008292731 0.01503808 0.008845733 0.009125333 
0.07143051 0.03801539 0.05804934 0.08902336 0.03473533 0.02228713 0.05478075 0.06602922 0.06950674 0.06596027 0.07234843 0.06977402 0.06086645 0.0515404 0.05407039 0.07802404 0.08778616 0.06677292 0.05764779 0.03520088 0.05450857 0.03646608 0.04675221 0.07078429 0.05835591 0.02067787 0.02977036 0.04481773 0.02428112 0.06426374 0.0286821 0.02856519 0.06388944 0.05909003 0.05355612 0.02652759 0.04052464 0.02341433 0.04597357 0.05353958 0.032527 0.02430835 0.01128804 0.0275279 0.04077999 0.01504156 0.005006114 0.005557715 0.006533409 0.006969662 0.008938606 0.01054891 0.010925 0.008499189 0.01106207 0.01250397 
0.1234688 0.08362859 0.08654233 0.08808886 0.07335176 0.09137119 0.08455436 0.1125461 0.1077327 0.117961 0.101778 0.1030752 0.09984308 0.08366182 0.09738807 0.0743176 0.08275242 0.1394897 0.0523411 0.06455295 0.05460428 0.06952005 0.06295482 0.05359315 0.07665115 0.06254605 0.04330847 0.04159817 0.0184647 0.05731995 0.02472582 0.02363738 0.06272782 0.02731735 0.01447367 0.005501425 0.01332774 0.01219844 0.01016405 0.0178663 0.003953411 0.008840089 0.003890904 0.002931404 0.01267316 0.0169574 0.00541837 0.02059941 0.01076479 0.007812533 0.008149196 0.007271359 0.007779767 0.00818405 0.01561223 0.01766728 
0.2180628 0.1812364 0.1454674 0.1307186 0.1236766 0.1352215 0.1148158 0.1333524 0.09647512 0.1032732 0.122473 0.08936652 0.1176061 0.09140065 0.08343587 0.05620517 0.05929815 0.0937641 0.08287302 0.1258206 0.09230713 0.05346379 0.08107621 0.06562866 0.07375361 0.05139459 0.04615701 0.04619523 0.01877441 0.04997278 0.0366371 0.01716667 0.04188901 0.02681364 0.007859524 0.0155582 0.005467495 0.004312839 0.001586019 0.0005464632 0.002940157 0.002790654 0.005243741 0.01401618 0.02009869 0.01689704 0.001656196 0.01402615 0.008022131 0.006028107 0.006575173 0.006809184 0.007265544 0.007700017 0.01120331 0.01005457 
0.226998 0.223885 0.2106583 0.1581258 0.1472366 0.1609332 0.1394901 0.1302054 0.1011969 0.09011658 0.09698998 0.07659924 0.1139473 0.08070037 0.07765549 0.08968051 0.1004802 0.07572101 0.1079285 0.1953377 0.150506 0.07873026 0.03616921 0.03440069 0.0723363 0.06942223 0.07001582 0.05642314 0.03960614 0.01827807 0.05871411 0.01480689 0.02120887 0.02763523 0.009786604 0.01056582 0.004420358 0.002357108 0.001395649 0.0004760568 0.0002730957 0.0002272607 0.0008600281 0.0100097 0.00860784 0.006634683 0.01542886 0.005208231 0.1962207 0.007659499 0.007176147 0.01191892 0.006682171 0.007230575 0.007443659 0.01533912 
0.1564242 0.1158618 0.09063618 0.1114209 0.1288948 0.1179582 0.1317746 0.1681853 0.118531 0.1077727 0.08529823 0.07772048 0.1590077 0.1791223 0.1889394 0.1749421 0.1547303 0.1230923 0.07084119 0.09781437 0.1026049 0.08951717 0.05499594 0.03473955 0.03724471 0.03840817 0.03437595 0.04039013 0.03255027 0.03069614 0.02712268 0.0337566 0.01573639 0.01463708 0.03791695 0.008199477 0.003575662 0.001751348 0.001105257 0.0003872213 0.007363023 0.0001723288 0.004961731 0.005153375 0.0008323985 0.001590958 0.00291563 0.01169263 0.01871388 0.01660885 0.01044919 0.008977517 0.01347107 0.1391408 0.01898476 0.03363099 
0.1329281 0.1249681 0.08671688 0.1465968 0.1606516 0.1607812 0.1403352 0.230931 0.1394459 0.1086866 0.08550964 0.08666033 0.1185839 0.1456319 0.2248406 0.2098901 0.178413 0.1126018 0.08990305 0.06155023 0.09876547 0.09747291 0.08730798 0.06141432 0.03679506 0.0372921 0.02250903 0.02936672 0.02416133 0.02646592 0.02184004 0.02509934 0.01942635 0.02035666 0.04000429 0.007481403 0.003703667 0.007595641 0.0009266564 0.002022064 0.003973274 0.002306514 0.0005433782 0.000421693 0.0004860365 0.006513878 0.001611911 0.008200717 0.01205514 0.01343099 0.01206688 0.007314826 0.01331415 0.2420449 0.03959179 0.0290319 
0.1273724 0.1666486 0.1074602 0.1491721 0.153094 0.1792832 0.2213526 0.1852327 0.1482719 0.1244643 0.1459618 0.1408663 0.1852876 0.1369489 0.1501983 0.2229643 0.2205178 0.2035682 0.162928 0.1499542 0.1097355 0.114275 0.08370987 0.09432167 0.05338462 0.03666816 0.03333134 0.02707034 0.02133486 0.02104461 0.01890964 0.019099 0.01616618 0.01498795 0.01342065 0.004880084 0.004952409 0.003863141 0.003410669 0.002092229 0.002008042 0.0003989741 0.000208544 0.0004120552 0.001478044 0.001583224 0.001046123 0.004163829 0.01269536 0.01772233 0.0194334 0.01237508 0.01260662 0.02605544 0.02047202 0.01883383 
0.1139856 0.124392 0.1186739 0.159392 0.1602052 0.1715375 0.2551309 0.2578002 0.1853871 0.1654273 0.1564668 0.107688 0.15258 0.2024126 0.2219639 0.2240587 0.254612 0.282847 0.2374817 0.1561245 0.153154 0.1917282 0.17802 0.128836 0.06971344 0.0463527 0.03624491 0.04033547 0.03730991 0.02862519 0.02279046 0.02303027 0.02280903 0.02007219 0.0164555 0.007904375 0.003390286 0.007069426 0.006059811 0.002303311 0.09931118 0.09585764 0.000348753 0.0005582082 0.0006047408 0.0005709042 0.0008559982 0.007536369 0.009506493 0.006521711 0.00717831 0.0145099 0.01380166 0.01282193 0.0126212 0.006001625 
0.1944229 0.174162 0.1486342 0.1668775 0.1314985 0.1653697 0.1752056 0.2239957 0.168752 0.1670911 0.07696342 0.08920186 0.0839967 0.1636367 0.2153083 0.2106632 0.2810857 0.1697244 0.1526664 0.1969521 0.1963067 0.1908677 0.1468298 0.1953466 0.1048267 0.05992777 0.06294318 0.06414774 0.0542069 0.0420515 0.03399582 0.03840704 0.03652221 0.03159641 0.02682681 0.01037904 0.006728224 0.004363109 0.005373567 0.007283973 0.005437335 0.004827851 0.002422657 0.004069105 0.002252382 0.002538302 0.004409705 0.01532653 0.02005089 0.02289403 0.0251294 0.02149177 0.03137405 0.02611383 0.02131944 0.01279734 
0.1514284 0.1587077 0.1401123 0.1882093 0.1432842 0.1551383 0.2014978 0.2203778 0.1469969 0.1012856 0.04978619 0.110561 0.1859945 0.1775681 0.2106407 0.2235766 0.1892305 0.09584585 0.07281251 0.1337519 0.1874151 0.1818207 0.1109544 0.150028 0.1483074 0.07886094 0.071828 0.08595732 0.07107488 0.05620966 0.04020448 0.04451538 0.04001593 0.03286961 0.02942299 0.01339334 0.008339274 0.005324479 0.006132689 0.008992818 0.005577479 0.005216915 0.003249755 0.002035896 0.003393998 0.0007665305 0.002022077 0.008343487 0.009488949 0.014976 0.01485249 0.02330921 0.02614593 0.01524611 0.005528062 0.01078508 
0.1158228 0.1756415 0.1859385 0.2734338 0.154684 0.1575969 0.1384149 0.1794549 0.1098909 0.08327031 0.1217018 0.204728 0.2505964 0.2193469 0.1785961 0.3016086 0.222555 0.1447177 0.106541 0.1380151 0.1648872 0.2180781 0.2038563 0.1574158 0.1351987 0.1333705 0.0935536 0.09607333 0.1056244 0.08546513 0.05244895 0.04948936 0.04613788 0.04075073 0.03161353 0.0142668 0.009545007 0.00695611 0.006728813 0.01215309 0.006736854 0.006154012 0.004911561 0.003235942 0.002677003 0.001409661 0.1423081 0.06872083 0.01351716 0.02046807 0.01230921 0.03169389 0.03559125 0.126453 0.2272794 0.01107841 
0.1962144 0.1816212 0.2080192 0.1903569 0.1579876 0.1464607 0.1759473 0.2256741 0.1303907 0.1330916 0.1792832 0.2085915 0.2231248 0.2273112 0.1688405 0.2388061 0.2592106 0.2417169 0.270568 0.2349501 0.2687571 0.2690332 0.2429256 0.1488625 0.1735173 0.1329191 0.1544832 0.1050663 0.0864765 0.07780335 0.06447615 0.06459824 0.06203282 0.04584705 0.0373611 0.01651518 0.01150358 0.008908124 0.008705827 0.01601288 0.008762507 0.00698611 0.005605522 0.04870744 0.05906282 0.003338838 0.06383456 0.0699389 0.01075863 0.02937889 0.02855545 0.2291311 0.2126929 0.06859673 0.2038672 0.012812 
0.2507949 0.202542 0.1981268 0.2572376 0.3050115 0.2139903 0.2234085 0.1364765 0.1109851 0.1552073 0.1741139 0.1926797 0.1905806 0.1584004 0.1389194 0.2213895 0.2459876 0.255157 0.2464723 0.2356313 0.2277027 0.176573 0.1905328 0.1460217 0.1485195 0.143553 0.113324 0.1172846 0.0961794 0.09009358 0.0833236 0.08425608 0.06851259 0.05765694 0.0476888 0.02756432 0.02050427 0.01619028 0.01441017 0.01608543 0.01242799 0.07044435 0.01946191 0.005818851 0.08748705 0.08949795 0.01344808 0.004676279 0.006030802 0.01234789 0.01587854 0.05026178 0.134677 0.1377233 0.1146716 0.01649007 
0.2108685 0.1800818 0.1158796 0.1257196 0.1514508 0.1469398 0.1802946 0.1456062 0.1573969 0.1572714 0.1872505 0.1917891 0.1751296 0.140191 0.1549179 0.1567259 0.2121204 0.2520058 0.1848797 0.1836742 0.193154 0.2032166 0.1858053 0.2070008 0.1956628 0.1548573 0.1285328 0.1199159 0.1324263 0.1114092 0.09140044 0.09186914 0.07745428 0.06551111 0.05398554 0.03163278 0.02515973 0.01895601 0.01776065 0.02508469 0.01427878 0.01146574 0.008942279 0.005002349 0.09217378 0.1012507 0.09153256 0.003856497 0.004935621 0.0091692 0.01176094 0.08665656 0.1353204 0.1311315 0.1325782 0.01852781 
0.2164318 0.1623043 0.1031183 0.1344082 0.1529037 0.1246061 0.1486029 0.1887727 0.2047663 0.1771143 0.2074418 0.2062149 0.1561253 0.1352638 0.1625441 0.1847705 0.2559608 0.2755639 0.2791784 0.1736079 0.1704456 0.1844644 0.1941003 0.2245658 0.2362006 0.182082 0.1774387 0.168926 0.1481298 0.1286028 0.1049494 0.09680893 0.08917353 0.06795669 0.05725831 0.03568419 0.04226238 0.023452 0.03904485 0.03569912 0.02072656 0.01286333 0.01005362 0.007299075 0.008666276 0.03689357 0.08418291 0.003747139 0.005146186 0.007944807 0.01012089 0.01348628 0.09940661 0.1204112 0.1195072 0.01492985 
0.1756772 0.1863945 0.1395456 0.1509385 0.1085151 0.08494833 0.09613407 0.1346107 0.159669 0.2027437 0.1831995 0.157394 0.141774 0.1745063 0.1561164 0.2631488 0.1475822 0.2637215 0.3151908 0.284376 0.227768 0.2078549 0.1950138 0.2210397 0.2513786 0.2056975 0.2054275 0.2074242 0.1826026 0.1528735 0.1156582 0.1001022 0.08836364 0.08140598 0.06505184 0.04018048 0.04545647 0.03628618 0.0323671 0.03690379 0.02118666 0.01595856 0.01090115 0.006882459 0.005970966 0.005540945 0.003613703 0.005105412 0.00481174 0.008734616 0.01180532 0.0164873 0.01985301 0.04064365 0.03705657 0.009780702 
0.2221533 0.2696711 0.1923087 0.209868 0.1640902 0.1342249 0.155966 0.2014629 0.2026043 0.1961261 0.1902132 0.1991822 0.2217039 0.2638415 0.2198429 0.2552247 0.2574341 0.3353284 0.3952344 0.3089328 0.2470645 0.2638583 0.2070647 0.2331344 0.2533716 0.2452902 0.2284622 0.241326 0.220047 0.1655122 0.1277553 0.1009803 0.08792843 0.08685098 0.08069985 0.06192667 0.06545931 0.04198574 0.05118154 0.03093933 0.01803813 0.01309431 0.01045087 0.003000357 0.002074809 0.001797056 0.002203539 0.006791241 0.007872692 0.009632222 0.01696247 0.01666952 0.01094106 0.01411603 0.008091771 0.0406873 
0.2429887 0.2869091 0.1701481 0.168952 0.1378192 0.1317917 0.1777695 0.1852433 0.1914091 0.1826099 0.190864 0.1945423 0.2378967 0.3088977 0.2285613 0.2664526 0.3139013 0.3546906 0.3221693 0.2429853 0.2056916 0.2020496 0.2010542 0.2450841 0.251305 0.2436574 0.2407261 0.2238704 0.2138896 0.1658573 0.1384984 0.1073501 0.0893786 0.08852866 0.07270651 0.07504179 0.05371539 0.04819371 0.05481423 0.03447168 0.02214788 0.01534191 0.0130935 0.003208841 0.003572565 0.004103642 0.01072469 0.007472851 0.01012963 0.009145405 0.01373557 0.00900956 0.009887965 0.009114454 0.009602653 0.1126585 
0.2627939 0.2302123 0.1419198 0.1692034 0.1708443 0.1797088 0.2036956 0.1784114 0.183783 0.1669761 0.1956309 0.218422 0.2738332 0.2957328 0.2814191 0.2942383 0.3842318 0.4200108 0.330868 0.2655176 0.2071117 0.1984585 0.2144803 0.2767186 0.3021739 0.2548147 0.2821437 0.2518144 0.2379129 0.1884382 0.139789 0.1171246 0.1058096 0.09846535 0.08271452 0.06010953 0.05852146 0.05687542 0.05777767 0.05221811 0.03371992 0.01992866 0.0155143 0.003959144 0.008000369 0.03425359 0.003599799 0.01099594 0.01041755 0.01121974 0.01350954 0.007844556 0.007667423 0.008523794 0.1223565 0.1405613 
0.2814005 0.2976458 0.2169141 0.1954273 0.1845244 0.1891715 0.1628461 0.1738012 0.1938275 0.1952029 0.2180108 0.2381463 0.285646 0.3066576 0.2771818 0.3138248 0.3716154 0.4148013 0.3771321 0.2748391 0.2323625 0.2140884 0.2353278 0.2793784 0.3238808 0.3213658 0.2766439 0.2419693 0.2238776 0.1729448 0.1377861 0.1146923 0.1112248 0.09720834 0.08959507 0.09265202 0.07342663 0.06959283 0.06666366 0.08519874 0.05713886 0.02547851 0.01923718 0.01035406 0.01035743 0.0121943 0.005092519 0.013905 0.01252024 0.01411135 0.01565129 0.007014384 0.006689297 0.1305924 0.2011088 0.01512016 
0.403467 0.3471007 0.2149311 0.189266 0.1661483 0.1640595 0.2028668 0.1870679 0.2553116 0.276518 0.2469079 0.2643348 0.3054043 0.3298515 0.3283429 0.3306725 0.3617483 0.3580788 0.3370112 0.2794592 0.2153611 0.23114 0.2744068 0.2857748 0.3424805 0.3188192 0.2650464 0.2139751 0.1791014 0.1431381 0.1151915 0.1086136 0.09780565 0.09300819 0.1029322 0.1149505 0.1038819 0.08330911 0.07887615 0.09500623 0.0647253 0.03137463 0.02871464 0.02801466 0.01913549 0.01605761 0.01350878 0.02008699 0.02613749 0.02568626 0.02784178 0.02109188 0.02329181 0.1831442 0.07165734 0.007371855 
0.3414584 0.2981444 0.2091629 0.2168328 0.1398445 0.1546918 0.1857791 0.1833182 0.2182684 0.3138632 0.2631636 0.2538412 0.2884976 0.3074128 0.3193702 0.3290358 0.3823422 0.3497693 0.3021482 0.2486191 0.2086856 0.2243535 0.2322165 0.2625425 0.2554023 0.2889592 0.2187184 0.1920236 0.1652035 0.1343873 0.1166764 0.1059127 0.09556948 0.09992965 0.09219518 0.1055969 0.1033707 0.08549672 0.09286823 0.09305272 0.08953314 0.04205399 0.03636678 0.03308678 0.03521707 0.01888062 0.01797405 0.02669715 0.02909576 0.03063782 0.03274123 0.02523017 0.1805462 0.1648406 0.02865949 0.007682633 
0.3206903 0.2633221 0.1647723 0.1444537 0.122197 0.1890723 0.2102342 0.1904258 0.1907723 0.2307103 0.2670392 0.2529612 0.3040563 0.2946816 0.2874731 0.3005015 0.3090158 0.285571 0.2589383 0.2166388 0.209601 0.2147029 0.2432463 0.2474075 0.2355391 0.2357956 0.2009692 0.1740615 0.1572723 0.1283617 0.1268472 0.137056 0.1088653 0.1058305 0.1018847 0.1075832 0.1108517 0.08729575 0.08784713 0.1164745 0.1026241 0.0630553 0.04543171 0.03561816 0.03088323 0.03598155 0.0381999 0.04361362 0.0451925 0.04321482 0.0440864 0.1902794 0.1863753 0.03127814 0.03399918 0.01133603 
0.2789252 0.1965852 0.1559567 0.14192 0.1717309 0.1805608 0.2012175 0.1900604 0.1879935 0.2265474 0.2209121 0.2183162 0.276209 0.2548515 0.2457683 0.2391583 0.2660595 0.2605922 0.2485604 0.2288609 0.1966052 0.2113049 0.2383868 0.2587129 0.2648954 0.2151955 0.2089102 0.1744021 0.1483644 0.1354894 0.1332573 0.1295519 0.1284537 0.1286211 0.1035436 0.1019979 0.1106271 0.09819515 0.08972026 0.1008507 0.07726446 0.04859113 0.04378148 0.03968342 0.03369694 0.03403755 0.05550343 0.07226899 0.0817526 0.06967868 0.1175712 0.1370257 0.03642531 0.03274257 0.03400571 0.005829959 
0.3279685 0.2040203 0.1593849 0.1858439 0.1874762 0.2007991 0.2129613 0.2530659 0.2307089 0.2468195 0.2880191 0.2837321 0.321258 0.2929274 0.2671812 0.2240222 0.2369515 0.2813684 0.2702686 0.2337191 0.2018486 0.1935101 0.1857373 0.2402388 0.1935643 0.1920646 0.2091745 0.170833 0.1284574 0.1263184 0.109612 0.1515862 0.1429694 0.1413913 0.1095906 0.08464226 0.09543456 0.09650746 0.1133405 0.08769054 0.08601586 0.06657491 0.04118599 0.04631614 0.03984362 0.04592034 0.06021353 0.09994172 0.190979 0.2202035 0.127731 0.04354361 0.04261712 0.04465609 0.04461631 0 
0.3175703 0.1868515 0.1480042 0.1922579 0.1974011 0.2042894 0.1935242 0.280502 0.2339846 0.2391455 0.2313605 0.2732903 0.3109957 0.2800482 0.2900701 0.2535037 0.2212443 0.2032939 0.1949662 0.1914863 0.1691137 0.1690686 0.1866335 0.2198667 0.2334107 0.2111838 0.1697308 0.1622557 0.1334671 0.126477 0.116773 0.126755 0.1412439 0.1280368 0.1106386 0.08601729 0.09763079 0.09574202 0.09794565 0.09165356 0.09507661 0.07560496 0.04795156 0.03755045 0.03724566 0.05536216 0.06955847 0.1638882 0.2088523 0.1674877 0.05105997 0.04898326 0.0458054 0.04505596 0.04166971 0.001862348 
0.2511832 0.1871506 0.1523481 0.1734582 0.1849626 0.2161296 0.237936 0.2349737 0.178705 0.2142319 0.2380916 0.2929949 0.3058327 0.3325695 0.2959214 0.2512632 0.2462364 0.2166043 0.2249898 0.2244937 0.1886401 0.2040671 0.1829355 0.1928699 0.2176019 0.2054428 0.1690486 0.1497115 0.136877 0.1142394 0.1011414 0.1165538 0.1379916 0.09957309 0.08769362 0.08178215 0.08935987 0.1024388 0.08831153 0.07754765 0.08091726 0.08720917 0.07638385 0.05782274 0.03569398 0.05278927 0.05816449 0.2248147 0.04809891 0.07781665 0.06064109 0.06836843 0.05722128 0.0472299 0.04243671 0.003765182 
0.2533074 0.1449073 0.1500337 0.1948071 0.1880337 0.2141851 0.1927068 0.167011 0.159459 0.1878179 0.1999195 0.2740035 0.3024529 0.2802708 0.2638934 0.2432242 0.2550932 0.2380433 0.2253862 0.2374032 0.2017373 0.1811807 0.166474 0.1890625 0.1875723 0.1894583 0.194524 0.1469451 0.1206485 0.1129079 0.1184095 0.113964 0.1068359 0.1024294 0.09675086 0.08967238 0.09592883 0.09467282 0.09464815 0.06992477 0.06966908 0.115476 0.06290996 0.06981236 0.05118192 0.08291429 0.1391385 0.1760375 0.0661036 0.07867526 0.08749834 0.06011768 0.06794513 0.0599138 0.04344181 0.004129555 
0.2298248 0.1448581 0.1197383 0.175293 0.2098453 0.1499178 0.1189362 0.1617295 0.1836934 0.1557234 0.1774127 0.2183036 0.2883613 0.2985386 0.2822305 0.254364 0.1972091 0.2135222 0.2223509 0.1916008 0.1415204 0.1427734 0.1262535 0.1627269 0.1701452 0.1805086 0.1469148 0.2200254 0.2002821 0.1493259 0.1391475 0.1020754 0.1171845 0.153446 0.1199144 0.08972479 0.1445537 0.08758754 0.07063147 0.07759269 0.09242421 0.07851021 0.06444494 0.07040448 0.08549359 0.1135459 0.1402471 0.1004859 0.07180881 0.09366268 0.06900743 0.04935222 0.04838056 0.03635627 0 0 
0.2224069 0.1772065 0.1174687 0.1651278 0.1587738 0.1217595 0.1290855 0.1408363 0.1749272 0.1994071 0.1794446 0.2172367 0.2303716 0.2828553 0.264609 0.2384657 0.2223798 0.2193325 0.1962648 0.2047898 0.1497409 0.149597 0.1125462 0.1250862 0.1650214 0.13142 0.1155543 0.1715099 0.1947825 0.1604285 0.2049003 0.1485473 0.1542275 0.1995581 0.1930447 0.1006369 0.1045793 0.08993113 0.08007952 0.1317315 0.09758253 0.09307381 0.06338891 0.05470857 0.09900746 0.1443827 0.1141364 0.04901584 0.05089949 0.04858571 0.05265794 0.07987853 0.06874494 0.051417 0 0.0001214575 
0.2435463 0.1426953 0.1309893 0.1182332 0.1389705 0.1311295 0.1347229 0.1555039 0.2242261 0.2785879 0.2103781 0.2701312 0.2399301 0.256932 0.2525828 0.2226977 0.2318345 0.2051411 0.188514 0.1759836 0.1561961 0.1336671 0.09656397 0.09250603 0.1456228 0.1239978 0.09206102 0.1219512 0.1738181 0.183213 0.2550899 0.1428841 0.1557977 0.1523885 0.1195135 0.09405855 0.08579038 0.1222792 0.09246677 0.08639887 0.09315245 0.104546 0.08897118 0.06114068 0.05392307 0.1456156 0.06943475 0.03246134 0.03568569 0.04706072 0.05144576 0.06558704 0.05287449 0.05688259 0.004129555 0.0001214575 
0.1772519 0.110304 0.1461334 0.1001426 0.1456322 0.1610871 0.1300375 0.1511831 0.2343923 0.2490226 0.2057637 0.1868379 0.228624 0.2566453 0.2535097 0.232793 0.2417765 0.2437373 0.2085246 0.1399615 0.1602264 0.1264544 0.09893196 0.08282349 0.09344697 0.09482671 0.1146144 0.1483701 0.1685843 0.1779574 0.2129942 0.2379354 0.1571292 0.1444088 0.1435009 0.1008972 0.09786592 0.1051961 0.090161 0.1449157 0.1557675 0.1431654 0.09241936 0.08494247 0.0514714 0.1265469 0.0411295 0.0401064 0.0408909 0.04173745 0.04815126 0.05364373 0.048583 0.03174089 0.004129555 0.003441295 
0.1775427 0.1346464 0.1500422 0.07715321 0.1045924 0.182687 0.1555126 0.1310284 0.2143546 0.2199455 0.1937376 0.1872835 0.2377844 0.2249606 0.2515299 0.2539588 0.2529631 0.2355171 0.2435581 0.160734 0.1616531 0.1171725 0.1120276 0.1410306 0.1065824 0.1092161 0.1283429 0.2178593 0.1677803 0.2017452 0.2105703 0.2097412 0.1742761 0.1659384 0.1555125 0.1107719 0.1006676 0.1017821 0.1078879 0.1153736 0.1147961 0.08877221 0.06956454 0.09080655 0.134571 0.07130022 0.03393738 0.02153846 0.03388664 0.04445344 0.05975709 0.04777328 0.01510121 0.05696356 0.01101215 0.003481781 
0.1805915 0.1502791 0.1557693 0.1187465 0.1072294 0.1481423 0.1973477 0.1468914 0.1968869 0.1985228 0.1640191 0.158849 0.1961819 0.1644367 0.2063776 0.2194608 0.1994988 0.1921485 0.2100071 0.1565524 0.1413546 0.1259591 0.1132731 0.1416141 0.1583437 0.2072725 0.1915973 0.1759233 0.19953 0.2610485 0.276215 0.2743167 0.2279517 0.2476806 0.2535604 0.1210436 0.1002719 0.104164 0.1086057 0.1220102 0.1160891 0.09475568 0.0783372 0.1231369 0.1260539 0.04572985 0.04311337 0.006680162 0.04271255 0.07692308 0.07939272 0.06846154 0.03222672 0.1046154 0.06186234 0.02012146 
0.1726023 0.1453845 0.1676153 0.1710456 0.1211541 0.1251396 0.2221469 0.1448877 0.1942955 0.2298735 0.2180835 0.1309198 0.183981 0.158217 0.1969101 0.1973746 0.1958905 0.1853197 0.1410506 0.1493079 0.145349 0.1333453 0.1516375 0.1517952 0.17587 0.2246451 0.2391432 0.2449031 0.251373 0.2671424 0.247909 0.2619947 0.2265491 0.2007976 0.2094104 0.1332402 0.1033619 0.0930208 0.1179886 0.1172684 0.1141943 0.1204755 0.1245519 0.1298994 0.05538865 0.05249812 0.06022659 0.01890688 0.05267206 0.05165992 0.06591094 0.0594332 0.05214575 0.05765182 0.04910931 0.09951416 
0.1786659 0.1924136 0.2020683 0.1928487 0.1338943 0.1270963 0.1752454 0.1469907 0.1831189 0.2585181 0.2516615 0.1913372 0.2069868 0.2148192 0.2326669 0.2754228 0.1765238 0.202895 0.1673912 0.1198261 0.1386059 0.1375731 0.1714677 0.2036398 0.1923894 0.2012909 0.1880639 0.2662013 0.1861819 0.2455841 0.2439849 0.2127977 0.225783 0.1735479 0.1667712 0.1836325 0.1317413 0.1238575 0.1166925 0.1392157 0.1237746 0.1170431 0.1401498 0.1190919 0.07103975 0.05749201 0.06644601 0.06635627 0.03469636 0.04777328 0.05327935 0.05910931 0.05060729 0.0665587 0.06279352 0.05643725 
0.1296913 0.139208 0.1629241 0.1688407 0.1283921 0.1106962 0.1351998 0.1596474 0.1439181 0.182669 0.199098 0.2162077 0.2226815 0.2522564 0.2048027 0.2231276 0.1985999 0.1868364 0.1411429 0.1036536 0.1340611 0.1658997 0.1561209 0.174291 0.2070476 0.1887753 0.1771841 0.1746147 0.1417796 0.1646559 0.1451967 0.1424561 0.1771935 0.1634481 0.1368749 0.1459952 0.154043 0.1548495 0.1693048 0.1757542 0.1437805 0.141169 0.1347948 0.0898654 0.07540665 0.08937257 0.07534812 0.02093117 0.03076923 0.04623482 0.04473684 0.0457085 0.06307692 0.09846154 0.09773279 0.06299595 
0.1204939 0.1208372 0.1604245 0.2166225 0.1399318 0.1095236 0.116343 0.204764 0.1576219 0.1985399 0.2608359 0.2746856 0.3251478 0.2671953 0.2462307 0.1802112 0.1809165 0.1776039 0.1369764 0.1342696 0.1822876 0.1519961 0.1460496 0.1695542 0.2072872 0.1789073 0.1861372 0.1762467 0.1830531 0.156645 0.1264911 0.1395255 0.1531815 0.1625673 0.1818523 0.1711372 0.1655531 0.1969922 0.257179 0.179733 0.1588637 0.153117 0.1473235 0.09013683 0.08711705 0.09637802 0.08780182 0.0734008 0.06004049 0.07319838 0.07307691 0.04141701 0.04060728 0.04668016 0.07599191 0.09765182 
0.1334086 0.1406373 0.1085466 0.1790533 0.1066564 0.1049832 0.114124 0.225117 0.1389363 0.1785484 0.2519975 0.2977727 0.2902971 0.2720643 0.25566 0.2174377 0.1833067 0.2030593 0.1935164 0.1648654 0.1709768 0.1811659 0.164508 0.1883177 0.1765894 0.1690214 0.1638428 0.1891969 0.1516452 0.141823 0.1266991 0.1643931 0.1553563 0.1748268 0.2051901 0.1819151 0.20933 0.26432 0.2180233 0.1666511 0.1477022 0.1696859 0.1452603 0.1111692 0.09637491 0.09186506 0.0987551 0.07813765 0.05923077 0.05489879 0.08623482 0.09923076 0.04178137 0.03161944 0.05024292 0.07497976 
