ncols         56
nrows         54
xllcorner     28.264
yllcorner     -5.7719999999999
cellsize      0.25
NODATA_value  -9999
0.05052419 0.05549973 0.04608468 0.04056292 0.04527323 0.02804827 0.03282171 0.04091556 0.0326349 0.02229332 0.0436604 0.07639939 0.1189486 0.1153202 0.08437589 0.07374316 0.06200636 0.0842506 0.07340353 0.06776094 0.09023716 0.08615325 0.1228594 0.1502468 0.1676343 0.2166333 0.2213414 0.2052131 0.2157248 0.1970089 0.1840397 0.1912079 0.1612777 0.1759075 0.1524303 0.2511927 0.2506071 0.2268013 0.1777916 0.1195081 0.07187501 0.07936891 0.07112535 0.05243504 0.07549398 0.1124362 0.1206574 0.1183484 0.09790338 0.1285224 0.1355405 0.1112032 0.1031201 0.08684731 0.115457 0.1097907 
0.04592883 0.05248132 0.04339474 0.05061381 0.04076615 0.03973162 0.04638819 0.04666661 0.03932695 0.03363902 0.04216171 0.1017806 0.09136397 0.1159564 0.1201679 0.1163236 0.08875198 0.1043762 0.08600047 0.102464 0.1211597 0.1502074 0.09059769 0.1080388 0.1479615 0.1895913 0.2213071 0.220498 0.223722 0.1946056 0.2229249 0.2450214 0.2112798 0.2597404 0.2654786 0.4402394 0.3642853 0.254074 0.154495 0.06241415 0.09348749 0.07575533 0.04316608 0.03595247 0.03621183 0.06552348 0.09951597 0.1000476 0.1133426 0.1107316 0.1454208 0.1120446 0.09712905 0.0825272 0.0975524 0.05685646 
0.0480656 0.04584749 0.05645344 0.05065573 0.05785575 0.06173564 0.04767499 0.05230849 0.07000718 0.06031785 0.05743083 0.09506983 0.1332752 0.1426746 0.1349808 0.1160135 0.088382 0.08545276 0.09552917 0.1206056 0.1550924 0.1633005 0.1055669 0.1243128 0.1395999 0.2046194 0.2065227 0.2154573 0.2020422 0.2424194 0.2164101 0.2482357 0.2857708 0.35127 0.4171421 0.5304183 0.4066603 0.2837447 0.2136101 0.1334615 0.1600474 0.09607188 0.09391504 0.05950793 0.05913206 0.07186124 0.0925295 0.06603344 0.1016572 0.1049222 0.1084041 0.1320324 0.1023304 0.0580687 0.04572246 0.02943013 
0.03685504 0.03951109 0.0384128 0.05310933 0.06189662 0.05621548 0.05126381 0.06267876 0.07888937 0.08447966 0.09643838 0.1676585 0.160359 0.1222728 0.1046633 0.09152925 0.07860627 0.07960623 0.09256275 0.1325489 0.1383986 0.1292518 0.1024422 0.1256381 0.1255546 0.1589766 0.233644 0.3161327 0.3375389 0.2883091 0.2742186 0.3367843 0.3830984 0.4158435 0.4189975 0.4512611 0.3524791 0.3440517 0.2535182 0.170958 0.2392372 0.1980568 0.176167 0.1951691 0.2016968 0.1124335 0.1115972 0.1799276 0.1342983 0.1034647 0.1324566 0.1381016 0.187244 0.06443351 0.03517971 0.03006391 
0.03534183 0.0506184 0.05645727 0.06903869 0.08952956 0.08438879 0.07596049 0.1202749 0.09791163 0.145245 0.1888267 0.1886146 0.1242647 0.1105104 0.097242 0.1017484 0.113987 0.07898088 0.09028336 0.1521946 0.1525455 0.1320492 0.1277154 0.129252 0.1318004 0.1453291 0.2508606 0.285948 0.3101735 0.2446843 0.3398213 0.4280997 0.4437321 0.4694116 0.4964349 0.5011033 0.4486077 0.362932 0.1908829 0.1809994 0.2536423 0.2450167 0.237545 0.2451809 0.2448165 0.2240418 0.2348447 0.2689692 0.1629581 0.1528547 0.1045399 0.1003434 0.08888095 0.1139307 0.03038658 0.03222969 
0.05555912 0.1111884 0.08231384 0.08479927 0.1113693 0.1027351 0.1229168 0.2014696 0.1273625 0.105551 0.1437591 0.1802971 0.1238409 0.1363009 0.1090562 0.08477142 0.05311674 0.04006965 0.0823443 0.1604096 0.1692908 0.1260583 0.1213284 0.129296 0.1229115 0.1717571 0.2030708 0.2416292 0.3106474 0.2999271 0.3356003 0.4185682 0.4642324 0.5011829 0.4198008 0.506745 0.4022245 0.2894232 0.2431547 0.2096251 0.3186611 0.2757409 0.2813711 0.3666399 0.3810082 0.3066412 0.2652985 0.174337 0.1829353 0.1721547 0.1262927 0.1286458 0.1086949 0.1220796 0.05758371 0.0633169 
0.09400261 0.0943535 0.08020842 0.09229668 0.1018331 0.1142446 0.1321564 0.215563 0.1584197 0.1262308 0.1092604 0.1108083 0.103847 0.1543284 0.1659467 0.1201077 0.0898854 0.06102706 0.08059524 0.1313747 0.1802003 0.1578948 0.135085 0.1356473 0.1773474 0.2117973 0.1804498 0.2355435 0.3140251 0.30053 0.3331686 0.409916 0.3490732 0.3808428 0.3041751 0.4015236 0.3172956 0.2743181 0.268705 0.2776367 0.3406875 0.3024733 0.3727113 0.4309042 0.3489756 0.2733553 0.2552922 0.1709177 0.2028215 0.1597178 0.1107498 0.1297501 0.2002375 0.260758 0.1263906 0.08945104 
0.1147267 0.1193397 0.1199399 0.1385893 0.1504204 0.1615779 0.1496579 0.2455321 0.153134 0.1042328 0.085693 0.08180039 0.1500871 0.150356 0.1534274 0.158623 0.1472055 0.09540904 0.1191802 0.1089154 0.1284404 0.11239 0.1536012 0.1914586 0.1787308 0.212098 0.197859 0.263167 0.3333333 0.3357885 0.3356689 0.4252462 0.4534715 0.4668728 0.4170488 0.4558493 0.3452776 0.2763129 0.4316299 0.3973279 0.36806 0.4086289 0.3754964 0.3514656 0.3065708 0.2361922 0.1668413 0.2190882 0.1620366 0.1787696 0.1381599 0.2691039 0.2967795 0.3215446 0.1981282 0.1189245 
0.2025069 0.1579875 0.1457064 0.1519222 0.2084865 0.1621097 0.1731944 0.171941 0.2025178 0.1850384 0.098482 0.08931454 0.08570411 0.1137865 0.1618284 0.1991635 0.1567884 0.1140311 0.1100998 0.1088516 0.1484303 0.1419553 0.1547281 0.1702133 0.2099607 0.1805579 0.1751267 0.2529852 0.3816268 0.3436678 0.2869797 0.3544922 0.4157777 0.4769202 0.4544504 0.3892548 0.3370178 0.3933238 0.3850721 0.3433992 0.3957614 0.2939805 0.2648459 0.2830018 0.2544435 0.2532775 0.1867845 0.1862066 0.147962 0.1325221 0.1180624 0.1859973 0.2128494 0.1220477 0.1067266 0.09940474 
0.1608342 0.1659179 0.1384459 0.1134731 0.1738926 0.1797171 0.1205489 0.174476 0.200902 0.1690994 0.1105605 0.1107564 0.08232943 0.1216929 0.1683788 0.2457874 0.1585274 0.1077594 0.0877213 0.100085 0.1475997 0.1445508 0.209401 0.2656001 0.2688688 0.2186535 0.2158171 0.2643535 0.3217558 0.3240012 0.2623449 0.3179324 0.4139085 0.3696549 0.4086539 0.4308997 0.3796579 0.4955023 0.448763 0.3266525 0.3273445 0.2621664 0.2264922 0.2401354 0.1981883 0.1882077 0.1540155 0.1290994 0.1156799 0.1178968 0.1447736 0.1400214 0.09790696 0.08490513 0.06624312 0.05997483 
0.2481473 0.1813008 0.1842043 0.1438212 0.1462888 0.1809144 0.1434443 0.1497651 0.1467457 0.12548 0.1457722 0.1388929 0.1260129 0.1459298 0.2644583 0.1527867 0.1260482 0.1271401 0.102833 0.1128768 0.1395492 0.1388871 0.1745466 0.2700708 0.2296868 0.235566 0.1946717 0.2401994 0.3091148 0.2722993 0.286212 0.3898133 0.4111432 0.3444309 0.3043147 0.367475 0.4260994 0.4540341 0.3664083 0.2599272 0.2432351 0.2060616 0.1176764 0.1229876 0.1537947 0.1342284 0.1047519 0.05119796 0.06614432 0.08576855 0.09386069 0.1136811 0.1390908 0.08109803 0.06196661 0.05315667 
0.2803736 0.2750923 0.2006218 0.1934007 0.1572429 0.2249367 0.1658392 0.1425168 0.1299215 0.1784873 0.1695855 0.1982964 0.1762588 0.2027246 0.2454978 0.1743176 0.2595399 0.1268201 0.1119399 0.1741035 0.239622 0.1982611 0.2476171 0.3567504 0.321209 0.3262029 0.3098472 0.3408889 0.341778 0.3424603 0.3706344 0.3117064 0.3726129 0.3091029 0.2494514 0.2866886 0.3157231 0.3792787 0.3007055 0.2428053 0.1987896 0.178144 0.1258108 0.1354927 0.2062624 0.1725351 0.1281423 0.1095701 0.09943909 0.1506277 0.1107368 0.1041953 0.109952 0.07820556 0.09708085 0.08897579 
0.3155573 0.27282 0.2317486 0.1684491 0.1248432 0.1259671 0.1115211 0.1185066 0.1471955 0.1592141 0.188449 0.3149516 0.2395489 0.2190846 0.2108477 0.1963959 0.1520392 0.1263448 0.1499457 0.228303 0.2723753 0.2219612 0.2274351 0.3310484 0.3619855 0.3134065 0.3877454 0.4052919 0.4487703 0.4222829 0.4246323 0.2814462 0.3386883 0.217292 0.1327081 0.1501045 0.1803562 0.2005871 0.2049468 0.1947064 0.1807366 0.1652188 0.1364904 0.1801179 0.227378 0.2203801 0.1292787 0.1942137 0.1379498 0.1089504 0.08578516 0.1037033 0.08372327 0.07412698 0.09922275 0.1140864 
0.290047 0.2662318 0.1877705 0.1697941 0.1320383 0.1102345 0.1457121 0.1295695 0.1944009 0.2547157 0.212131 0.2420832 0.2212163 0.21544 0.1893852 0.2061059 0.1682392 0.1706806 0.1904313 0.2110396 0.2405213 0.242265 0.2183983 0.3238644 0.3336165 0.300384 0.3521279 0.3701634 0.3391049 0.4230903 0.3706748 0.2800505 0.234575 0.1376927 0.1200585 0.1310742 0.1160313 0.09635003 0.1308508 0.1411188 0.1117419 0.1523617 0.1581448 0.2028461 0.1658966 0.1358174 0.09578088 0.09325723 0.1319063 0.07529151 0.07143579 0.05204405 0.07390986 0.08215028 0.1113091 0.1020091 
0.4758564 0.4570526 0.2134398 0.1531098 0.1200622 0.1061741 0.1428299 0.222775 0.2262401 0.2587813 0.3095103 0.2836364 0.2617064 0.2654726 0.1703102 0.1589161 0.212951 0.2495968 0.2418655 0.2867365 0.1580547 0.151339 0.1897974 0.3683854 0.2605435 0.2572536 0.2454497 0.3257202 0.3882287 0.4868009 0.3809857 0.2228844 0.1390193 0.1006386 0.09971368 0.1051816 0.06778681 0.08434011 0.1110976 0.1435327 0.1304024 0.1354353 0.1508593 0.1630148 0.1432405 0.1224389 0.1105722 0.07556697 0.1173527 0.1087534 0.06919051 0.04569053 0.04870263 0.07471884 0.1076561 0.1165844 
0.3865244 0.3591744 0.263923 0.2139239 0.1267402 0.1190163 0.1511642 0.248152 0.2274453 0.2588014 0.2507803 0.2940593 0.3835192 0.392362 0.2255094 0.1768492 0.2015511 0.2098007 0.2537131 0.2095581 0.2081366 0.2272966 0.2553754 0.306489 0.2681638 0.2700318 0.2811084 0.3797703 0.4030445 0.4374077 0.3259794 0.2142269 0.1123198 0.1885182 0.1040729 0.09974372 0.06350958 0.1005116 0.111619 0.1177847 0.1032291 0.1009939 0.1007027 0.1181131 0.1435873 0.09625166 0.1109548 0.110085 0.1391384 0.08638898 0.113848 0.08438649 0.04725603 0.06790762 0.08168532 0.07242422 
0.4197129 0.3180742 0.2526716 0.1672143 0.1279037 0.146794 0.2261113 0.3313256 0.2000369 0.2030378 0.2042641 0.2485811 0.2909689 0.2947588 0.2525392 0.2039581 0.1980807 0.2116847 0.200262 0.2250603 0.2228481 0.2194209 0.2256981 0.3388 0.2838036 0.2787642 0.3049565 0.3724533 0.3663782 0.4219461 0.3885486 0.2433091 0.1499055 0.2107843 0.08777338 0.09326659 0.06798031 0.06578959 0.06623062 0.08851516 0.1012191 0.1355202 0.11032 0.1041387 0.1048869 0.06661144 0.0848948 0.07901637 0.09282648 0.1040989 0.08487901 0.07943749 0.07069811 0.05248234 0.06429365 0.03859153 
0.2802229 0.2730063 0.1828138 0.1505682 0.2023496 0.2353557 0.2595946 0.262982 0.1907316 0.1632181 0.1844947 0.2095731 0.2686098 0.2480899 0.248735 0.3054097 0.273649 0.2439161 0.2263457 0.2719506 0.2202572 0.1332141 0.1633309 0.2260129 0.2290905 0.2455342 0.2626761 0.3027513 0.3048179 0.516067 0.3842424 0.1968322 0.1491306 0.134984 0.06987486 0.079189 0.06041896 0.06971163 0.07335197 0.1069655 0.1681696 0.1834343 0.1351854 0.111102 0.08884326 0.06082977 0.0749009 0.09144299 0.09321623 0.1010435 0.08163688 0.04669183 0.03532555 0.05484829 0.07158486 0.06139187 
0.2664309 0.2482098 0.1962034 0.2483188 0.2057184 0.1772166 0.1837213 0.1639158 0.1324542 0.1283193 0.154746 0.1937171 0.2234386 0.3064104 0.3219081 0.2730284 0.2941169 0.3698576 0.2860644 0.3482208 0.1867478 0.1744276 0.1792175 0.1795291 0.2164211 0.2148502 0.2892294 0.2923511 0.2237697 0.2547397 0.1681569 0.1315385 0.1311705 0.1260458 0.07153205 0.10522 0.04582911 0.05472909 0.07857703 0.1624607 0.1598889 0.1467847 0.0971697 0.08096398 0.07034545 0.06884437 0.04860733 0.07812492 0.1082622 0.06686294 0.06277791 0.03494918 0.03184381 0.04870627 0.04768689 0.05377815 
0.2327764 0.2161799 0.2357615 0.2229286 0.211018 0.2478203 0.2320184 0.1781918 0.1598083 0.1227892 0.1057119 0.1530189 0.164869 0.234141 0.247839 0.2463326 0.29335 0.3750173 0.38161 0.2545849 0.2419716 0.2800776 0.2290187 0.1775258 0.1790892 0.2240408 0.3185229 0.3737876 0.1547763 0.2179784 0.2947056 0.114919 0.08663097 0.0782809 0.1246444 0.1603105 0.1506381 0.1502082 0.1520626 0.1250673 0.1176172 0.1002259 0.07998906 0.06103928 0.06555384 0.04277727 0.04934435 0.06932595 0.05409444 0.05973036 0.05278917 0.02832457 0.02364083 0.03647379 0.03545048 0.01496355 
0.2246705 0.206334 0.3022853 0.3222305 0.1867093 0.2035155 0.2634507 0.2082843 0.1586512 0.09309007 0.09170346 0.0912402 0.1229934 0.2151155 0.2465569 0.279753 0.3056597 0.3565169 0.3075032 0.3220741 0.3144572 0.3252333 0.2942616 0.190581 0.1918038 0.2335256 0.2560158 0.2562369 0.1895131 0.1851877 0.155839 0.1280045 0.1034276 0.0851751 0.1754656 0.1963577 0.1628967 0.1379823 0.123707 0.1185965 0.1238776 0.09503148 0.1118037 0.093549 0.05899502 0.0532568 0.07527298 0.05227617 0.03223833 0.02579295 0.01862429 0.04500495 0.05996999 0.07910967 0.05419591 0.00639529 
0.1991017 0.1780249 0.2504892 0.2419278 0.2047303 0.1985805 0.2060208 0.2049168 0.1666841 0.09600125 0.08407538 0.09970354 0.1071077 0.2257089 0.2571407 0.2524394 0.3794005 0.3254547 0.2955733 0.421618 0.3509053 0.3287679 0.2994739 0.2444466 0.2313349 0.2926264 0.3344964 0.3844078 0.2407955 0.1423383 0.1076953 0.161026 0.1502108 0.09262613 0.1389142 0.1835512 0.1603621 0.1267715 0.1261128 0.1221303 0.1171257 0.10266 0.08295464 0.06863924 0.0603617 0.05895088 0.04260949 0.03259258 0.02709121 0.04293426 0.01746067 0.06966885 0.0775471 0.06549568 0.08489209 0.05888584 
0.2251024 0.1643668 0.1898819 0.3945161 0.2275385 0.1689166 0.1807787 0.1675031 0.1164915 0.1022411 0.08660293 0.1363529 0.1186925 0.1712248 0.185734 0.1821674 0.2741491 0.2979498 0.3046497 0.3360899 0.3247886 0.2967048 0.3323426 0.3301617 0.3441713 0.2931017 0.347507 0.5337314 0.2913102 0.1705435 0.1138406 0.1543186 0.1230486 0.1592209 0.1540448 0.1735417 0.163095 0.120759 0.1285289 0.1456555 0.1127384 0.103909 0.08908147 0.09435856 0.1466306 0.1616345 0.1809619 0.07447258 0.02476359 0.02429332 0.04299832 0.04778893 0.08090284 0.02727446 0.07681357 0.07416187 
0.2710733 0.2037084 0.1911951 0.1984732 0.1956652 0.1531771 0.1304433 0.1100885 0.1161881 0.1472475 0.1771177 0.1926034 0.1746461 0.1914026 0.1651457 0.1479938 0.1489158 0.1506488 0.185323 0.266725 0.3220565 0.2869649 0.2790456 0.2293365 0.2569785 0.2876367 0.2720235 0.3297434 0.2388793 0.2209774 0.246028 0.2402408 0.1491073 0.2078045 0.1085907 0.1570467 0.1327182 0.1187615 0.128755 0.1172158 0.1057548 0.1018404 0.1039483 0.0813008 0.1145779 0.1935594 0.1279472 0.09426337 0.06673881 0.05555555 0.06037655 0.07310557 0.03383429 0.01017594 0.04961027 0.08535831 
0.2668393 0.2373847 0.2529624 0.2040225 0.1834175 0.1529994 0.1408245 0.1338126 0.1602393 0.2252865 0.2053599 0.161921 0.1440935 0.1616363 0.160096 0.1358101 0.0937717 0.1168262 0.1437871 0.2420188 0.2919818 0.2816668 0.2367005 0.2458028 0.2987314 0.3159807 0.3816777 0.3451584 0.3302441 0.325341 0.307344 0.2567919 0.2051029 0.2292272 0.09206173 0.1423242 0.1228292 0.1359874 0.1141373 0.1033661 0.101156 0.1075655 0.1033806 0.08108811 0.1389393 0.1755362 0.1141385 0.1282943 0.1382467 0.07995697 0.04238052 0.05540161 0.04706655 0.04289774 0.06772649 0.04636255 
0.1864755 0.2051145 0.2043232 0.1996002 0.2034534 0.1756622 0.1586552 0.1989198 0.2018684 0.1993521 0.1543199 0.139909 0.136781 0.1245967 0.1582387 0.1502523 0.1209375 0.1159723 0.1219556 0.219149 0.2462563 0.2506047 0.273968 0.3467882 0.3252703 0.3217919 0.3833725 0.3857974 0.395186 0.3857822 0.3913533 0.395708 0.367226 0.2433166 0.1346294 0.1858012 0.1682034 0.1269552 0.1215364 0.1007359 0.09755156 0.09880436 0.1052498 0.14741 0.179749 0.2021502 0.1282207 0.1110329 0.06612583 0.04390681 0.0272903 0.0552019 0.06585134 0.06982774 0.1478357 0.06610366 
0.1700413 0.1620094 0.1792772 0.2057009 0.2119929 0.1979569 0.1747316 0.2026503 0.1702595 0.1629551 0.1548185 0.1725025 0.1297975 0.1242755 0.1146589 0.1248212 0.1333156 0.2312831 0.1851792 0.2316981 0.3115062 0.3094584 0.3333592 0.3213323 0.359439 0.3399251 0.3442333 0.3703701 0.3723428 0.4326583 0.4209893 0.2725537 0.2769731 0.2371745 0.1751355 0.1835522 0.1488981 0.1391174 0.1376116 0.1228009 0.1118266 0.1074663 0.10008 0.1006517 0.1383375 0.1302056 0.0967116 0.07011145 0.06893346 0.03963006 0.03985588 0.09915273 0.0985366 0.08080514 0.1181763 0.06996948 
0.1858227 0.186422 0.1923038 0.1940368 0.1787882 0.2368881 0.3393268 0.2151625 0.171434 0.1694432 0.1614856 0.1824745 0.1593769 0.1647343 0.1983017 0.1658973 0.1802577 0.2134906 0.1951328 0.2634896 0.3427016 0.3925524 0.3160177 0.3484757 0.439232 0.4276164 0.3494745 0.3739921 0.3582366 0.4391661 0.4024 0.2801608 0.2928589 0.1847973 0.1864956 0.171054 0.1568117 0.1379654 0.1344519 0.1272208 0.1559516 0.1495453 0.1270522 0.1560534 0.0882978 0.08394516 0.07433693 0.05988702 0.0509942 0.0451919 0.04390261 0.04030727 0.08656316 0.06011651 0.085632 0.08806681 
0.2404709 0.2330028 0.2411038 0.2042939 0.2490515 0.1931512 0.1745787 0.2209472 0.171659 0.1452285 0.1511048 0.1526279 0.141033 0.126794 0.167347 0.1965531 0.2196726 0.192183 0.1759172 0.1974291 0.2372839 0.2823577 0.3231963 0.3585267 0.4641756 0.4232118 0.402913 0.3343544 0.3624131 0.4347063 0.3437092 0.2804309 0.2645101 0.1551064 0.1427807 0.1373594 0.1510892 0.1646113 0.1553166 0.1313487 0.2048743 0.2089176 0.1306695 0.1206361 0.07497516 0.06874568 0.06968541 0.06004249 0.05697916 0.06441355 0.05289815 0.06650285 0.09673076 0.07209802 0.1153914 0.1186014 
0.2384189 0.2316907 0.2690573 0.264335 0.2116713 0.1378758 0.1613292 0.1722975 0.1475167 0.1323077 0.1236573 0.1626826 0.1593736 0.1536492 0.1528107 0.1556665 0.1794448 0.1550342 0.1821358 0.1852718 0.176887 0.125335 0.1906513 0.3058805 0.4045018 0.4098996 0.4234966 0.3897655 0.349141 0.4037346 0.3164269 0.3136939 0.2516929 0.1753825 0.2108361 0.2103566 0.1671172 0.1733244 0.2487155 0.2181263 0.2325171 0.2009939 0.1242281 0.08473259 0.06535163 0.06505553 0.06949094 0.05807938 0.05928635 0.06790899 0.0647221 0.08897594 0.1106454 0.1436484 0.1324592 0.1191111 
0.2450923 0.22284 0.2501048 0.2218538 0.1592265 0.1211276 0.1187226 0.09047571 0.1147442 0.09161258 0.1019897 0.1597969 0.1535372 0.1564914 0.1592235 0.1406725 0.1314422 0.128562 0.2447743 0.3080353 0.2095394 0.1872785 0.192032 0.2598493 0.3746868 0.3880949 0.4081225 0.4095745 0.358071 0.3181782 0.2741154 0.3235269 0.1970891 0.1716675 0.2155167 0.3284119 0.2592711 0.219608 0.3374765 0.2410057 0.1949149 0.2168171 0.1322571 0.07703512 0.06616906 0.06271754 0.06621008 0.06162447 0.06809039 0.06738392 0.08144934 0.1128699 0.1085226 0.1281998 0.1577208 0.1353813 
0.3241675 0.3279896 0.3026091 0.2274991 0.1331034 0.07765654 0.08746983 0.09544294 0.1196228 0.1076249 0.1050984 0.1732033 0.1896011 0.1975168 0.1852669 0.188484 0.2135056 0.1963519 0.2606848 0.2341413 0.1939124 0.3461046 0.3273227 0.3758735 0.4292622 0.4057578 0.3574368 0.4390656 0.4578972 0.3396677 0.2132675 0.2754213 0.2414874 0.1877221 0.1778256 0.2821365 0.2989703 0.2856361 0.3313579 0.2640009 0.2549832 0.1790246 0.1161087 0.07559853 0.06360756 0.06345215 0.06914383 0.06899925 0.06629529 0.07893737 0.08556972 0.08551083 0.1120502 0.1439003 0.1665255 0.1547101 
0.3620955 0.4151627 0.1990199 0.08400372 0.08190583 0.07627643 0.1175335 0.2119825 0.1429922 0.1260651 0.1195718 0.2000101 0.2235606 0.2320363 0.1896754 0.2432182 0.275361 0.218815 0.2173852 0.1886679 0.1825549 0.2814447 0.3159691 0.3771666 0.4419987 0.3978456 0.4004907 0.4291571 0.4793579 0.3450935 0.2248055 0.2393476 0.2510446 0.2411722 0.219605 0.2545302 0.2999211 0.3076739 0.2993559 0.2470696 0.210989 0.1291237 0.09565312 0.07541923 0.06425866 0.07468208 0.0724492 0.07427621 0.07493041 0.08312054 0.1204751 0.1186337 0.1558684 0.1482268 0.1913318 0.2480801 
0.3934436 0.2988956 0.1333008 0.09072089 0.08995512 0.1241452 0.147242 0.1606982 0.1665664 0.1616243 0.1179202 0.2148984 0.2568505 0.2801723 0.2611787 0.3002776 0.3257655 0.2879172 0.3280031 0.3239439 0.2746593 0.2896466 0.3498886 0.3861141 0.4535691 0.4258933 0.3719094 0.3002214 0.365384 0.3430472 0.2949628 0.2348362 0.2104273 0.2490165 0.2811777 0.3365649 0.3252587 0.2707298 0.2470502 0.1716 0.1272049 0.09704705 0.08733271 0.07363096 0.06330323 0.08916685 0.0824351 0.08245492 0.1041937 0.1222189 0.1226811 0.1448197 0.1792219 0.1954262 0.2316047 0.2451781 
0.3687358 0.25935 0.175204 0.136342 0.1561503 0.1670886 0.1680203 0.1274157 0.1392257 0.1497151 0.117998 0.2260346 0.2863114 0.2901097 0.356934 0.3638252 0.3244206 0.3618828 0.3427824 0.3321416 0.3268992 0.2469121 0.2861814 0.335525 0.3728935 0.4422641 0.3100497 0.2342848 0.2301016 0.231533 0.2132358 0.2211684 0.2010422 0.2342082 0.2842685 0.3125213 0.2993718 0.2133159 0.1735876 0.09738389 0.09739175 0.08988589 0.07951181 0.06168124 0.06282065 0.07360357 0.09014247 0.08670861 0.1364398 0.1272976 0.1421261 0.1807404 0.2159788 0.2177772 0.3167144 0.3199496 
0.3173811 0.2575209 0.170549 0.235196 0.1624242 0.1383124 0.1364032 0.1390952 0.161605 0.1657476 0.1565578 0.246567 0.3043844 0.3309642 0.3723933 0.4745875 0.4571016 0.3890778 0.3916896 0.3253295 0.2618165 0.2548687 0.2692089 0.2544285 0.39257 0.3968974 0.2649223 0.2251193 0.209552 0.1701295 0.1522474 0.1841106 0.1980093 0.2495079 0.2674145 0.2011818 0.1861656 0.1441072 0.1206353 0.08746845 0.05187808 0.04731591 0.05302226 0.044399 0.04923204 0.05711209 0.06810488 0.1396203 0.1817204 0.2100185 0.248433 0.2390758 0.3035604 0.2811058 0.3034462 0.4187181 
0.2777059 0.2112978 0.1082069 0.2043579 0.1794386 0.1270345 0.1243595 0.1512678 0.1661172 0.1529901 0.1780738 0.2613617 0.3194512 0.3843842 0.3572425 0.4224999 0.424116 0.3603023 0.3619367 0.3243114 0.2438507 0.234487 0.2281764 0.3086918 0.437583 0.3738756 0.2855507 0.2563239 0.2468832 0.1800028 0.1755834 0.2228315 0.1936136 0.2185319 0.191289 0.1648615 0.140256 0.1127675 0.09228592 0.05188761 0.03618205 0.03520307 0.04183037 0.03975295 0.04705803 0.05490565 0.08807717 0.2183059 0.2962895 0.3454472 0.3612521 0.3318957 0.3684584 0.234882 0.3854846 0.447714 
0.2773115 0.1829114 0.0746577 0.09827644 0.09786342 0.1005667 0.1139986 0.1442682 0.1758287 0.1879627 0.200649 0.270795 0.3362836 0.3576237 0.4127296 0.4649297 0.4315826 0.3048999 0.307928 0.2598399 0.2344766 0.1902184 0.2621296 0.494179 0.5171979 0.4184126 0.2661851 0.3155319 0.2301332 0.1758739 0.2555368 0.2595076 0.2313579 0.1483557 0.1249086 0.1143484 0.09928267 0.0884015 0.06686981 0.02933263 0.02579185 0.02727019 0.03670794 0.03973364 0.04487601 0.053445 0.0762131 0.2336776 0.3295575 0.3890911 0.3965065 0.3705207 0.3623672 0.266658 0.3685929 0.1865388 
0.2184522 0.134655 0.07189539 0.08962566 0.07708633 0.1007251 0.1142375 0.1283742 0.1745275 0.1974379 0.2144605 0.246291 0.2904949 0.2896706 0.4227779 0.3848719 0.3889998 0.3218094 0.2705419 0.2301061 0.2397785 0.175112 0.2487417 0.5434299 0.6406195 0.4296181 0.2360959 0.2651441 0.1986339 0.16424 0.2551912 0.1918607 0.1892105 0.1224355 0.09113386 0.08847371 0.08614502 0.05479823 0.04813806 0.02488753 0.02366895 0.02981496 0.03815544 0.03663456 0.04943496 0.05885075 0.08965631 0.1915665 0.3266511 0.4546691 0.4577391 0.3614011 0.2529748 0.3525132 0.2555242 0.1986778 
0.1837544 0.1633197 0.1540213 0.1275329 0.1177482 0.1276017 0.1084464 0.1191865 0.1389972 0.176198 0.2149355 0.2268496 0.2700935 0.2338688 0.3112991 0.278068 0.319408 0.293944 0.2804767 0.2774522 0.2232696 0.2096606 0.3247275 0.5285621 0.8001605 0.4570182 0.2308952 0.1109368 0.1463076 0.1568997 0.1751824 0.1533001 0.1816366 0.07911507 0.05956576 0.05337696 0.04873059 0.0426126 0.03178933 0.02256755 0.02055053 0.02437626 0.03379309 0.05323036 0.06801935 0.09979676 0.1277151 0.1744719 0.3042495 0.5243188 0.3999958 0.2903694 0.3528502 0.2299628 0.2143681 0.1899521 
0.2336134 0.140833 0.08749309 0.1416891 0.1350364 0.1441113 0.1308861 0.1212091 0.1323771 0.1448064 0.1976483 0.209852 0.2120844 0.2027251 0.2398286 0.2331596 0.2845527 0.2780635 0.3222583 0.408379 0.2294997 0.2456982 0.3637522 0.5038996 0.4835972 0.3678389 0.1542504 0.09710737 0.1124785 0.08989567 0.06391386 0.08997706 0.09559426 0.06765926 0.05342234 0.05224671 0.04194701 0.05082956 0.03092946 0.01815262 0.01828586 0.02215231 0.03190613 0.0522059 0.06798958 0.0921925 0.1236413 0.1768161 0.2518653 0.3076972 0.2945516 0.2411857 0.1943029 0.1898103 0.2147732 0.2270432 
0.2845932 0.1698256 0.1224007 0.1647026 0.1911667 0.1531168 0.1304083 0.149676 0.1242381 0.1808107 0.1578607 0.1878147 0.1810673 0.2099657 0.215353 0.2354852 0.2550505 0.2085665 0.2455043 0.258045 0.2800561 0.3046809 0.3489386 0.3965062 0.3111458 0.1971198 0.109408 0.1195267 0.1126055 0.06697551 0.03424269 0.07035135 0.06318567 0.04438123 0.04629415 0.03969834 0.03249805 0.02628699 0.03040214 0.01713866 0.01715865 0.0215657 0.03121522 0.04890488 0.06295864 0.09132531 0.1365821 0.1561343 0.2338909 0.361464 0.3515182 0.1679554 0.2153736 0.2233247 0.2399998 0.2085544 
0.260969 0.1887428 0.1458444 0.159457 0.1816705 0.1717804 0.1558685 0.1656947 0.1714554 0.1742202 0.1490349 0.1398926 0.1500624 0.1873092 0.2403152 0.2370028 0.2324845 0.1886048 0.1772354 0.2437784 0.2499871 0.2437773 0.2883141 0.2619944 0.1941669 0.1211082 0.08102344 0.05025101 0.05756792 0.1200445 0.06391149 0.05003676 0.05046786 0.05792151 0.04402372 0.1486089 0.1937415 0.02760667 0.02604799 0.02562734 0.01923526 0.02113364 0.03066583 0.05108297 0.06058741 0.08778556 0.1283624 0.1200203 0.1722488 0.4094079 0.360664 0.2352873 0.2812575 0.3073576 0.2699957 0.1986269 
0.1410795 0.1196377 0.1072441 0.1193841 0.1033658 0.1236666 0.1290785 0.1525264 0.1388464 0.1434848 0.1416017 0.1732891 0.1763224 0.2008048 0.287268 0.2274233 0.1810066 0.1460187 0.1756437 0.2180379 0.2201074 0.2191507 0.1873914 0.172953 0.1574055 0.0896455 0.04940429 0.05156668 0.04375726 0.05013661 0.03656668 0.04984002 0.04238898 0.04212593 0.0387111 0.07575337 0.2948952 0.05582204 0.02866969 0.02550454 0.02006842 0.02113145 0.02822522 0.0531413 0.07525808 0.08589489 0.1196773 0.1614979 0.1678596 0.3397038 0.2725253 0.2499409 0.3250656 0.3143294 0.2695399 0.1745161 
0.1293458 0.09591375 0.05332829 0.09250442 0.06155324 0.104066 0.08496147 0.09334867 0.1224509 0.1133565 0.1152506 0.1432168 0.1931644 0.2207581 0.2273888 0.1491741 0.115395 0.1151606 0.1692166 0.2050604 0.2020551 0.2356741 0.2354704 0.2158847 0.1546587 0.09130128 0.04087469 0.02687545 0.03065445 0.0308185 0.02736122 0.03886431 0.04083933 0.06092968 0.04407056 0.0482548 0.07764775 0.04457343 0.05281412 0.02920353 0.02925137 0.03317671 0.02751253 0.06130587 0.07531188 0.08944695 0.1252301 0.1781388 0.2648022 0.2068001 0.2966758 0.3174467 0.3475224 0.3573539 0.2655961 0.1838306 
0.1228243 0.08131645 0.03666949 0.08782564 0.07933094 0.1187313 0.1576814 0.1143931 0.1088297 0.1161835 0.1022409 0.100284 0.13958 0.1594333 0.1475831 0.1013266 0.1242044 0.1374146 0.145225 0.1564318 0.1393129 0.1766206 0.1738971 0.1522604 0.1080225 0.04824494 0.04012829 0.02776285 0.02239846 0.02465565 0.05046989 0.04407637 0.04413893 0.05094827 0.0422655 0.03757073 0.04245165 0.03984462 0.0366144 0.03312916 0.03137206 0.03294484 0.03467243 0.05765371 0.08653463 0.1016084 0.1058902 0.2042188 0.2219458 0.1828193 0.3126642 0.278582 0.2930125 0.3605832 0.3615623 0.2386693 
0.06931233 0.04698198 0.03720844 0.0673297 0.0648607 0.1137697 0.1758348 0.1813922 0.1272663 0.1069745 0.08981852 0.1130243 0.1354505 0.156117 0.1329615 0.08537845 0.1097771 0.1256474 0.1319097 0.09058168 0.09842808 0.1203556 0.1654339 0.1605158 0.1089775 0.06301513 0.03017353 0.04715857 0.05280906 0.02799874 0.04406722 0.04018273 0.03742379 0.03848097 0.04237434 0.0374569 0.04057008 0.05111788 0.0378839 0.03411304 0.0264622 0.02944895 0.04017593 0.06823398 0.08605808 0.09993804 0.1212218 0.1517434 0.1726824 0.2197888 0.3211413 0.3097512 0.3303573 0.374305 0.3899843 0.2833871 
0.03302513 0.03281943 0.03981833 0.07399807 0.07158144 0.08850394 0.137945 0.1472247 0.08739778 0.09175284 0.09206095 0.1073968 0.116766 0.1512261 0.07047139 0.08176034 0.09032577 0.1186266 0.1246881 0.1463068 0.1416316 0.1495914 0.1729016 0.1748958 0.1115486 0.06381745 0.03438513 0.1170186 0.09944551 0.01273324 0.04549234 0.04587264 0.03199688 0.02647719 0.04301495 0.03735938 0.0259628 0.04091092 0.03182335 0.05469349 0.01943888 0.02337273 0.04259656 0.08969329 0.09325884 0.1053144 0.1827152 0.1829441 0.2083774 0.2233938 0.3041288 0.3337097 0.3729032 0.4197177 0.422258 0.3218145 
0.02079855 0.03706716 0.05110596 0.0661578 0.0627085 0.0795488 0.1129129 0.102507 0.07482431 0.06982931 0.09347194 0.1052759 0.1008646 0.09266707 0.03978842 0.06254469 0.06958838 0.0908429 0.1041116 0.1112501 0.1506459 0.122793 0.1392169 0.1391073 0.09757298 0.03253605 0.02309419 0.05156767 0.0164588 0.00977521 0.01502632 0.03408738 0.04552741 0.04141817 0.02375415 0.04502164 0.04011485 0.03932796 0.05069736 0.04065992 0.04119635 0.03490068 0.0413334 0.07913426 0.1179751 0.1414858 0.280306 0.1968982 0.2123156 0.2322091 0.279641 0.3513306 0.5347984 0.3844757 0.3742339 0.3423387 
0.03003386 0.05029754 0.04537319 0.09486624 0.0932447 0.06650962 0.0677674 0.08323076 0.08502244 0.1148625 0.1076424 0.1342327 0.1086979 0.06273084 0.035656 0.05134859 0.08316139 0.09286935 0.09146868 0.09773806 0.1239006 0.08563843 0.08105115 0.09499993 0.07463904 0.03283493 0.01267293 0.0145689 0.008585223 0.007513704 0.01069464 0.01731665 0.03389285 0.03734346 0.01904236 0.03486198 0.03195039 0.05690227 0.06742709 0.07756542 0.077535 0.04791374 0.0628149 0.100819 0.1200835 0.1809436 0.2394069 0.2024554 0.2695938 0.3388456 0.3633115 0.3829435 0.4352016 0.3876612 0.3624999 0.3042339 
0.06003975 0.06906888 0.03830938 0.06237669 0.06146387 0.05529111 0.0665803 0.05845312 0.0761843 0.1119195 0.1008701 0.169497 0.0852885 0.06880216 0.0643353 0.08811815 0.1287148 0.09917716 0.1165825 0.1124841 0.110548 0.0697367 0.07651312 0.0775209 0.03713452 0.02195758 0.01478064 0.02282113 0.01534445 0.03527747 0.04566665 0.02786333 0.02282136 0.019375 0.01636419 0.01957939 0.02753674 0.04184868 0.07049444 0.08248767 0.08606318 0.1028652 0.129304 0.1221868 0.1567847 0.1611256 0.1646508 0.2575376 0.3298795 0.4380834 0.3815612 0.438508 0.3943951 0.3692742 0.3073791 0.2721774 
0.07007714 0.06406891 0.06497697 0.07010907 0.1123799 0.09740297 0.07831071 0.1363697 0.1239319 0.09031036 0.08595457 0.09226824 0.08539733 0.07358412 0.09660827 0.117726 0.1725011 0.1056909 0.1364751 0.09809639 0.0720189 0.06906043 0.06372513 0.03503041 0.02046326 0.01533159 0.01515698 0.06237041 0.04870934 0.02594934 0.006938916 0.03439316 0.03511151 0.01235307 0.02286582 0.01593493 0.01922588 0.04644185 0.1158756 0.1691856 0.2204359 0.2667454 0.176849 0.1373598 0.2182896 0.2259631 0.2295773 0.3658242 0.3910249 0.5323761 0.5362967 0.4292741 0.3927017 0.3540725 0.3132661 0.2551209 
0.06824667 0.05654391 0.06030662 0.08804996 0.1174165 0.09190333 0.09937169 0.1274437 0.1287918 0.08065076 0.05551169 0.06400847 0.06621245 0.06135586 0.04027928 0.07566027 0.1064676 0.09350429 0.09475303 0.07426882 0.06487409 0.07448322 0.05016265 0.03335164 0.01095524 0.009581283 0.006646309 0.03212342 0.02684544 0.02486198 0.008071795 0.005527686 0.0333628 0.01002822 0.0139745 0.02478006 0.02352096 0.09929721 0.1724305 0.1855178 0.2072872 0.2522258 0.2277007 0.1822966 0.2775125 0.2804784 0.3517102 0.3592488 0.4887058 0.5836604 0.4891104 0.4018548 0.3330242 0.3133468 0.3467741 0.2975 
0.03954136 0.02818266 0.03500253 0.082144 0.07520031 0.1044443 0.07784398 0.09123688 0.09540968 0.08888683 0.04786739 0.05069225 0.05464802 0.06383363 0.07525114 0.06316205 0.07234624 0.09924833 0.1117695 0.06666544 0.05809003 0.06427857 0.04309876 0.03464527 0.01417729 0.006994365 0.005415829 0.002141164 0.02144702 0.005385951 0.0253235 0.01055281 0.009651135 0.01025416 0.01287603 0.0225197 0.03427447 0.1204148 0.1583578 0.1425342 0.1798905 0.2190168 0.2143661 0.2297226 0.3169116 0.3868018 0.406848 0.4117164 0.4193285 0.4892015 0.4498647 0.3225806 0.3160484 0.3352016 0.347379 0.2731855 
