ncols         56
nrows         54
xllcorner     28.264
yllcorner     -5.7719999999999
cellsize      0.25
NODATA_value  -9999
0.02277453 0.06247386 0.0205444 0.01360841 0.005891567 0.008239423 0.02537451 0.02782935 0.0248411 0.01680433 0.02398603 0.03114318 0.02683276 0.02613476 0.02210659 0.02264477 0.03852611 0.04586027 0.03978542 0.03548901 0.02441076 0.02597307 0.02785582 0.03236063 0.03241079 0.02880188 0.03634872 0.0452742 0.02796775 0.02204684 0.02432752 0.02561209 0.02595308 0.03222383 0.04656039 0.01322821 0.01433582 0.02123 0.01514593 0.02014267 0.01081907 0.003423156 0.01547596 0.02359117 0.02603603 0.01556122 0.006875206 0.02369251 0.02376841 0.02831022 0.03584798 0.0258384 0.01588196 0.03547673 0.0358571 0.02210178 
0.02213676 0.03453256 0.05403667 0.01774449 0.006000515 0.01205179 0.02215523 0.02023532 0.02398135 0.0222383 0.02766246 0.02847409 0.0349159 0.03436955 0.02463565 0.03066059 0.0427103 0.0418939 0.04359156 0.03737623 0.0261781 0.02655973 0.02465477 0.03406294 0.04348354 0.03721426 0.03308692 0.04775807 0.03765848 0.03246995 0.02232534 0.03606158 0.03747848 0.03510085 0.045452 0.0288524 0.02932734 0.02653989 0.03427744 0.01742863 0.006680383 0.006975746 0.01400983 0.01622403 0.008975754 0.01629098 0.006844656 0.02542957 0.03479604 0.03512039 0.03555529 0.03164898 0.03128475 0.02127521 0.01801083 0.01664775 
0.03853476 0.03236982 0.02061063 0.0222871 0.01697787 0.01405708 0.02275995 0.01970923 0.03030963 0.03796266 0.02818767 0.02736079 0.03441177 0.04200109 0.03008395 0.039244 0.04241018 0.04136487 0.04035912 0.03615622 0.02727325 0.02492737 0.03134214 0.04930186 0.04187397 0.03306202 0.03436123 0.03876451 0.04041259 0.03655057 0.03427551 0.04313332 0.06464512 0.06714699 0.06054425 0.05206526 0.02812335 0.02410607 0.0326639 0.02781915 0.02540594 0.01198814 0.01728741 0.01333977 0.01095322 0.01111963 0.01356069 0.02299361 0.04320084 0.04939103 0.03184904 0.0380493 0.03170604 0.0006120333 0.004561416 0.008191618 
0.07984277 0.03234853 0.01888151 0.02515226 0.02792211 0.01988169 0.02358047 0.0236416 0.01788545 0.03315759 0.0318849 0.0215584 0.0289615 0.03603213 0.03852808 0.04499207 0.04995035 0.05575898 0.04875261 0.03425787 0.02462319 0.02175847 0.03315555 0.04367535 0.03628383 0.02819445 0.03491513 0.03321044 0.02810556 0.03224425 0.03512674 0.06446367 0.08002517 0.08798011 0.08223667 0.0854657 0.06208819 0.03915605 0.04029512 0.05317796 0.04565876 0.06131307 0.04869071 0.05165726 0.04396116 0.03219652 0.03590672 0.06897943 0.0790507 0.09399134 0.07478695 0.07820214 0.04980538 0.01452968 0.007779544 0.007225269 
0.03398092 0.0219927 0.02683581 0.02248095 0.02160521 0.0176181 0.01748558 0.0197176 0.02588651 0.03685833 0.04323429 0.02788577 0.02415718 0.03376967 0.04791038 0.05413083 0.05921233 0.05874831 0.04892285 0.02864566 0.0223848 0.02451921 0.02872008 0.02588382 0.02525716 0.03580965 0.03283235 0.02753983 0.02044811 0.02629156 0.03502251 0.06695115 0.09728128 0.07682561 0.08270687 0.07683631 0.05652464 0.03213291 0.02691486 0.05432135 0.07826958 0.09191494 0.07384222 0.07192406 0.06271111 0.0636274 0.07283659 0.0622554 0.09122925 0.06968082 0.04079991 0.0563519 0.05224549 0.01423326 0.0102935 0.007214937 
0.03182933 0.01731292 0.03519731 0.02220302 0.02000328 0.02176533 0.03433564 0.02396446 0.02272424 0.02768675 0.04698249 0.02897086 0.0314397 0.02884233 0.04009939 0.04711296 0.05406005 0.05349253 0.04032003 0.02354883 0.02470159 0.02391127 0.02017121 0.0228392 0.02796808 0.0351825 0.02500752 0.01576515 0.01513085 0.02448495 0.0260953 0.05269832 0.07886504 0.06001097 0.06220284 0.05620455 0.04415154 0.03202203 0.02678209 0.08039368 0.1061347 0.08495411 0.07724202 0.07692269 0.0684186 0.07924951 0.06981143 0.04476224 0.05878038 0.03927975 0.06768959 0.07118417 0.06714225 0.03845254 0.01202422 0.010464 
0.03872738 0.03179367 0.03254183 0.02231031 0.01549412 0.01592273 0.02146142 0.01932974 0.02106595 0.0343277 0.04615379 0.03767268 0.03505778 0.02590377 0.03948878 0.04107221 0.05239866 0.05420311 0.03524012 0.02403292 0.01989804 0.01795336 0.01779955 0.01937553 0.02621718 0.02484123 0.01931579 0.00960085 0.009393893 0.02300312 0.02247668 0.03780829 0.03613063 0.04636349 0.05177495 0.0616013 0.05831338 0.03118655 0.03494788 0.1065959 0.1116983 0.0861453 0.1001967 0.09839442 0.1157489 0.1281883 0.07336064 0.0531299 0.05300828 0.0640671 0.0850905 0.07063822 0.05433283 0.05301854 0.04397443 0.01115413 
0.05770968 0.03523387 0.02574194 0.02056452 0.02046774 0.02950807 0.02384678 0.01684677 0.01946774 0.03670161 0.05299193 0.03866129 0.03329838 0.02462097 0.03918548 0.04494887 0.04737397 0.0479584 0.03049176 0.02672915 0.01943214 0.01702905 0.0170781 0.0163775 0.02063586 0.02191561 0.01208831 0.01619836 0.01793489 0.02782832 0.01884208 0.0364772 0.04572748 0.07124718 0.05932624 0.06447055 0.04774246 0.05063891 0.06023776 0.07570097 0.09895892 0.106276 0.1128364 0.1138996 0.111577 0.09638408 0.08086032 0.07582828 0.05264504 0.05823779 0.06764092 0.07797686 0.0779659 0.0484872 0.06622908 0.05238505 
0.06787097 0.0388629 0.0272258 0.0257742 0.02376613 0.04302419 0.03308064 0.0247742 0.03008871 0.034 0.0361371 0.0373871 0.02849193 0.023 0.03508065 0.04163155 0.04303039 0.04264973 0.02980416 0.02467052 0.02067853 0.02039086 0.01605064 0.01366837 0.009831827 0.01323438 0.0123683 0.01329061 0.02526578 0.02151885 0.03015902 0.04521783 0.08849866 0.07398198 0.0436356 0.05681713 0.03657994 0.0438934 0.06236644 0.05358429 0.07513048 0.09685348 0.1052485 0.131216 0.08056568 0.0474999 0.05107368 0.07491194 0.05200892 0.04873695 0.04094064 0.03948759 0.06556219 0.0570934 0.08939093 0.07580391 
0.0294113 0.02933064 0.03605644 0.03575806 0.0211371 0.03408064 0.03740322 0.02299193 0.02365323 0.0293629 0.0461334 0.04324963 0.02187319 0.0160171 0.0254707 0.04284818 0.03823385 0.04119051 0.02383044 0.03117331 0.0260618 0.02153216 0.01921755 0.01336229 0.01613055 0.01221939 0.006242674 0.01203602 0.02115545 0.01836826 0.02176772 0.04866597 0.0703287 0.05157114 0.04768812 0.07383603 0.04244614 0.06148327 0.06735516 0.07467492 0.06979097 0.07267086 0.07790336 0.1222149 0.09064303 0.09036443 0.06751915 0.07816875 0.05153029 0.04259733 0.06790622 0.0678186 0.04738171 0.05599562 0.03907271 0.01723418 
0.04398634 0.04973143 0.04257335 0.04303427 0.03178535 0.02525402 0.02675788 0.02186878 0.03863855 0.04501591 0.0442334 0.05155734 0.04109747 0.0239274 0.03060442 0.04493108 0.04131789 0.04052313 0.02634774 0.03773303 0.0321776 0.03078084 0.02029808 0.01599725 0.01213996 0.007802807 0.006159963 0.009149238 0.01158398 0.0287753 0.03890095 0.04617484 0.06221524 0.03535877 0.05638929 0.06997499 0.06517385 0.06859824 0.05646326 0.08621082 0.101015 0.09635875 0.08743191 0.1185904 0.078881 0.07376268 0.0795783 0.080254 0.0554083 0.0365621 0.08511508 0.06681579 0.03387145 0.01583764 0.01258178 0.03462244 
0.07896935 0.06466712 0.04952991 0.05541257 0.06360899 0.04191745 0.03094327 0.01777246 0.04510958 0.05708711 0.07122915 0.07634056 0.05821777 0.04637007 0.04441646 0.03986413 0.04644081 0.05195247 0.04602206 0.0446685 0.04262315 0.04551774 0.01881014 0.009452291 0.01701177 0.01438642 0.007598166 0.01383358 0.01938245 0.0195507 0.0563199 0.04810672 0.04270195 0.04333387 0.04698278 0.07818234 0.1060781 0.075037 0.05559681 0.08096093 0.07948948 0.08668242 0.08639245 0.06989393 0.04958438 0.08220661 0.06613971 0.04075642 0.04122448 0.03651393 0.0578743 0.05689446 0.009897796 0.007354851 0.005817394 0.0009814689 
0.09175722 0.05517376 0.05789667 0.0730982 0.07571437 0.06222497 0.04236206 0.04307357 0.04871725 0.06309467 0.07398863 0.06892329 0.06148976 0.05503905 0.07096266 0.06438672 0.05712368 0.05686263 0.05281028 0.04940193 0.04331869 0.02471057 0.01410482 0.01349269 0.01627518 0.01161612 0.01151512 0.01365529 0.00811633 0.008712052 0.02338329 0.02691804 0.04366243 0.03590117 0.01965681 0.07863991 0.09484849 0.077478 0.07453102 0.06267925 0.06376912 0.06906454 0.05575109 0.04841898 0.053154 0.06614935 0.06462715 0.0681144 0.0465652 0.02276661 0.03037026 0.02090342 0.01360921 0.009227899 0.001997801 0.0009758476 
0.112247 0.07302303 0.07849359 0.1032586 0.07788449 0.0813345 0.07348124 0.06731154 0.06684377 0.06125863 0.06559749 0.05674082 0.07763633 0.1030435 0.06650541 0.05722083 0.04715412 0.04813557 0.05622726 0.05682505 0.04369707 0.02837575 0.01556315 0.01079974 0.01114929 0.009661394 0.007080459 0.009904304 0.002975249 0.006998694 0.00575089 0.02286661 0.02184538 0.008256283 0.01476541 0.04664636 0.082213 0.07046275 0.04758931 0.06105469 0.05106004 0.04360292 0.04068084 0.04773842 0.04607195 0.05146344 0.03108046 0.04293945 0.02335826 0.02100801 0.01834448 0.01970575 0.009623296 0.01131456 0.0009662191 0.000944425 
0.1431579 0.1153727 0.1162597 0.114586 0.1072936 0.1154302 0.152294 0.116856 0.07472502 0.06854128 0.06611004 0.081873 0.08359168 0.07863337 0.08349841 0.07469354 0.08014986 0.08061016 0.05642776 0.03992886 0.04342414 0.01880182 0.009254755 0.006595693 0.004954679 0.003199431 0.003107227 0.004068843 0.0017959 0.004111079 0.001945773 0.007626741 0.00964593 0.00418453 0.005418751 0.007016007 0.01249408 0.01398574 0.01565385 0.04106851 0.03809499 0.03434385 0.02884939 0.06320003 0.03374356 0.02603757 0.01773502 0.02851606 0.04195739 0.03758786 0.01193654 0.002558338 0.001570258 0.0009655798 0.0009065276 0.0008869088 
0.1453746 0.1422326 0.1410909 0.114336 0.1129775 0.09264252 0.1196048 0.1129883 0.1252463 0.1117462 0.1235615 0.122119 0.08505671 0.08447124 0.08738337 0.09584516 0.100844 0.08648386 0.04693987 0.03007679 0.03926374 0.02410064 0.01387028 0.009853386 0.005628297 0.002735825 0.001652226 0.004863975 0.001534897 0.002196514 0.002169082 0.007731867 0.007164258 0.008792095 0.01145699 0.008478081 0.009954087 0.01113144 0.01166641 0.02735228 0.03166192 0.03743619 0.02031626 0.01200003 0.0250487 0.01982184 0.02507224 0.03770631 0.04552487 0.01800403 0.01967807 0.003710293 0.001351837 0.001151939 0.002109206 0.0008197601 
0.1365734 0.1185954 0.1376373 0.1139457 0.09463274 0.09840526 0.1192267 0.1055028 0.1762971 0.1589758 0.1377607 0.09906863 0.08890674 0.08323136 0.099673 0.09281184 0.08933931 0.07488947 0.05099761 0.04079495 0.05126611 0.03214657 0.01677511 0.005930547 0.005640826 0.002790316 0.002001006 0.002367589 0.001603878 0.002683657 0.00369336 0.01288829 0.007057109 0.00919689 0.01203758 0.008953082 0.01064402 0.01162799 0.0122702 0.0141831 0.01264324 0.02391893 0.02517208 0.009112862 0.004855146 0.007639154 0.005971278 0.009918962 0.01616985 0.01922176 0.01606997 0.009894705 0.001864702 0.00115284 0.002755831 0.002997419 
0.152419 0.1181981 0.1130952 0.1268744 0.1318096 0.1533167 0.1765687 0.1391015 0.1677951 0.1627932 0.1309104 0.1268035 0.1238774 0.1440624 0.1603061 0.1316698 0.1103935 0.127772 0.0507331 0.05225947 0.06179733 0.04581517 0.01868771 0.01307086 0.01805651 0.01136527 0.003554034 0.002404052 0.002809212 0.003094723 0.003869592 0.01619426 0.01411365 0.01188701 0.01301994 0.009577838 0.01135604 0.01237059 0.0189896 0.02227824 0.01967722 0.02547501 0.01554781 0.005440614 0.006638082 0.003946442 0.003492979 0.01026504 0.01001671 0.009750877 0.01309217 0.003562903 0.001086602 0.001148316 0.009178995 0.004990854 
0.1495001 0.1475181 0.1457432 0.1374039 0.1255452 0.1511589 0.2014892 0.1540573 0.1629615 0.1321915 0.1322736 0.1309439 0.1635192 0.2516963 0.2311829 0.2373232 0.1390068 0.1293088 0.07510571 0.05086667 0.06692945 0.07658158 0.03838999 0.03792481 0.03697546 0.03735192 0.01526449 0.004526957 0.003389222 0.003135777 0.004387258 0.01433678 0.02935009 0.01442535 0.01559962 0.0120239 0.01217618 0.01309888 0.01444667 0.03271922 0.03933476 0.04004429 0.01864653 0.004998241 0.01356391 0.004205103 0.003262651 0.0182774 0.01231815 0.009661673 0.008570639 0.01437402 0.008746299 0.01618704 0.03118322 0.02447695 
0.1691383 0.1981658 0.1847217 0.161508 0.1720063 0.1596831 0.1915929 0.141469 0.109402 0.1047859 0.1249297 0.1226851 0.1546574 0.2235522 0.2138323 0.2011686 0.1545903 0.1182699 0.08922116 0.1032863 0.07407982 0.07010452 0.05682025 0.0457248 0.02193819 0.01521484 0.007846588 0.01264731 0.0113171 0.01058071 0.01047631 0.01264793 0.01971554 0.02051529 0.02151247 0.03008504 0.03349531 0.0341167 0.0340487 0.03386303 0.0402042 0.04450451 0.03750529 0.0185596 0.02230825 0.01434186 0.01164984 0.01673965 0.01459732 0.01312846 0.01249886 0.01309028 0.008740455 0.01862608 0.03867549 0.04555675 
0.2077221 0.1861227 0.1618351 0.1559488 0.1867852 0.1424424 0.1518435 0.1868958 0.1502789 0.113083 0.1178241 0.1446732 0.1500795 0.2100395 0.2443499 0.1678363 0.1283987 0.1095387 0.1007543 0.1286156 0.1198487 0.1087817 0.05573042 0.0336322 0.01879664 0.02847791 0.01730713 0.01417004 0.01340929 0.01423689 0.0163233 0.02192842 0.02150933 0.02450442 0.02175954 0.0322157 0.03686217 0.03670904 0.03547799 0.03508002 0.03446215 0.03247106 0.02786584 0.0275918 0.01814071 0.01669307 0.01214551 0.009030825 0.008322253 0.009873457 0.01235093 0.007577634 0.01679364 0.04255674 0.05425853 0.06050342 
0.2650925 0.3073537 0.2563522 0.209592 0.1244827 0.1860078 0.2205481 0.3049236 0.2476808 0.09991524 0.08778241 0.1445812 0.1648941 0.2100956 0.1796054 0.1411755 0.1363483 0.1151113 0.1386845 0.1304705 0.1230234 0.1289449 0.07442182 0.07096216 0.05139702 0.02827524 0.02343828 0.04009717 0.04123436 0.03176991 0.02451776 0.02896079 0.02611265 0.04033542 0.02883948 0.03595054 0.03860109 0.04295401 0.0448376 0.04675011 0.03594334 0.03458121 0.03100805 0.02218592 0.01865942 0.01791468 0.0155535 0.010746 0.00702624 0.005538554 0.005376086 0.009509514 0.01462929 0.03532038 0.03512907 0.05968292 
0.3693748 0.2741779 0.2140931 0.1813346 0.1532414 0.2351516 0.2165104 0.223121 0.18287 0.08651415 0.06824715 0.09772798 0.1007475 0.1020573 0.1302083 0.09710535 0.09344012 0.08331709 0.1199029 0.1940301 0.1719053 0.1489361 0.109565 0.1050835 0.06562544 0.05045746 0.02380099 0.04919215 0.03801992 0.04119455 0.04111918 0.03423265 0.0338686 0.0466667 0.04738137 0.04093074 0.04210162 0.04156362 0.03946694 0.04030596 0.04088354 0.03910097 0.0350338 0.02582526 0.02133353 0.01814127 0.01655875 0.01344585 0.00991163 0.008515134 0.006950773 0.04480601 0.03685232 0.06095236 0.02540956 0.04206457 
0.2634026 0.2385664 0.2311468 0.2128561 0.2071969 0.1787471 0.1397453 0.2058275 0.1553673 0.1088351 0.08497438 0.1503665 0.1183176 0.1011811 0.07782304 0.07802589 0.05242202 0.05961596 0.08205044 0.1545562 0.1502014 0.1904831 0.1531217 0.1440878 0.1077768 0.07924091 0.0576428 0.08746319 0.08720737 0.07501046 0.0634896 0.05580895 0.04251225 0.02266653 0.03428392 0.05460887 0.04427953 0.04420374 0.0441676 0.04585444 0.04814767 0.04383807 0.03887539 0.02450532 0.02053981 0.01779659 0.01650338 0.01727574 0.02148544 0.02724917 0.00840742 0.05795988 0.04523635 0.06597038 0.0441205 0.0810217 
0.2599509 0.2674462 0.2248611 0.2586499 0.2490199 0.1530067 0.1388803 0.1173152 0.07509898 0.08698113 0.07259164 0.1146412 0.08790669 0.09549991 0.06771056 0.045098 0.03286913 0.04973258 0.08673867 0.08049022 0.09891284 0.1517441 0.1542195 0.1524887 0.1357979 0.1078356 0.08095691 0.07743572 0.1217858 0.1160497 0.0694482 0.03407669 0.03126561 0.04007148 0.04242468 0.0591969 0.04917065 0.04691056 0.04847153 0.04993388 0.05039618 0.04726314 0.04159991 0.02695212 0.02249363 0.01953159 0.01821559 0.02747171 0.01496115 0.01827252 0.01497191 0.02021848 0.02614272 0.05385671 0.04622449 0.05428372 
0.2802543 0.3042506 0.245991 0.2864598 0.2724085 0.1559371 0.1565787 0.09650859 0.04898011 0.06004715 0.06622958 0.1455562 0.1357304 0.1012977 0.05146607 0.04052421 0.04522708 0.05207546 0.07727975 0.0862869 0.08382395 0.1287598 0.1646277 0.1591689 0.1553778 0.1362093 0.1131553 0.1033149 0.1443404 0.1594202 0.08871006 0.05703323 0.1030377 0.08662892 0.08470962 0.06855593 0.06078474 0.05336659 0.05369596 0.05494169 0.0549028 0.05158533 0.04500657 0.02954746 0.02446798 0.02113788 0.03308016 0.02392782 0.01409855 0.01296442 0.01168093 0.02653445 0.0230442 0.03716522 0.03191269 0.006647428 
0.2463238 0.2236432 0.186328 0.1914918 0.2026331 0.1715771 0.1478051 0.1152125 0.08007485 0.06855674 0.0930748 0.136858 0.1186224 0.09797919 0.09428506 0.03990538 0.06893684 0.09219921 0.1065601 0.112056 0.1214574 0.2028759 0.2156775 0.2151348 0.1415604 0.1525754 0.1506284 0.1462266 0.1353631 0.1434988 0.115063 0.1006957 0.06481676 0.05457732 0.04801801 0.0613169 0.0644059 0.06503129 0.0594429 0.06428012 0.06075506 0.05637148 0.04875795 0.03986454 0.02779668 0.03721639 0.04128011 0.02092001 0.01543548 0.01469378 0.0149636 0.03219979 0.03923226 0.03114833 0.02697884 0.02248232 
0.2464848 0.2289468 0.2255325 0.2135233 0.2288218 0.1981146 0.1292707 0.1497123 0.211823 0.1640268 0.2323464 0.2006963 0.1613869 0.1156932 0.09083649 0.07979565 0.1069788 0.1099353 0.1249349 0.1631703 0.1775345 0.2238667 0.1942183 0.1607031 0.1691812 0.142177 0.1433642 0.1381988 0.1263175 0.129179 0.1283506 0.108393 0.09945748 0.08684065 0.08978025 0.1024853 0.1111643 0.1141149 0.1063044 0.08403169 0.0827975 0.06847404 0.05694612 0.03296158 0.02931741 0.02868196 0.02348562 0.01892838 0.01566574 0.0147383 0.01435487 0.02594313 0.07180766 0.04889809 0.04976761 0.05492276 
0.2821054 0.2525666 0.2362782 0.2903315 0.2676608 0.1659744 0.1288678 0.2070153 0.2340821 0.2855324 0.1886802 0.1412687 0.1519142 0.1480748 0.1056829 0.1267924 0.1120394 0.1053237 0.1210911 0.147397 0.165508 0.1795729 0.2353568 0.2140559 0.2046442 0.150024 0.1351387 0.140526 0.113038 0.121188 0.1330507 0.1179546 0.100038 0.08629966 0.08843688 0.1097932 0.1228836 0.1291625 0.1119053 0.08744696 0.08760756 0.09688514 0.06785681 0.03745639 0.02868556 0.02563177 0.04727288 0.01888 0.03786495 0.02441414 0.01380664 0.0196514 0.02733978 0.03223431 0.03938034 0.03759387 
0.2918552 0.3451204 0.3271731 0.3510013 0.2659639 0.1550333 0.1663654 0.1838975 0.166383 0.2284391 0.1789144 0.1467245 0.1764033 0.1575968 0.0992941 0.1276091 0.1097431 0.1043549 0.08160489 0.06673401 0.07766458 0.06354667 0.1152323 0.1922659 0.1918222 0.1771919 0.211192 0.2004308 0.1263575 0.1171172 0.124809 0.1160655 0.09121188 0.1211123 0.1294535 0.107417 0.1190712 0.1360374 0.1243983 0.08813631 0.08334695 0.0768734 0.07072116 0.03679759 0.02427102 0.02258913 0.03583575 0.0189584 0.01534021 0.02131278 0.01359729 0.01575016 0.02328007 0.03377884 0.02794279 0.03086715 
0.3032645 0.3772105 0.3284166 0.4070537 0.260729 0.2166018 0.1683393 0.1355687 0.1721573 0.1783577 0.1388292 0.1433493 0.1554254 0.1440392 0.0825892 0.08980985 0.05395909 0.03890395 0.04362927 0.08635654 0.100633 0.1027357 0.0755043 0.1008737 0.1500474 0.1911291 0.2134921 0.197714 0.1522075 0.1021757 0.1258068 0.1314963 0.08273258 0.08888692 0.1196206 0.1285022 0.1670403 0.1555266 0.1315765 0.08333997 0.07671197 0.0712358 0.05725143 0.0307745 0.02320516 0.01938524 0.03022263 0.03071509 0.026341 0.01829829 0.01729606 0.01718921 0.02768806 0.03918571 0.08199384 0.06457613 
0.4029257 0.378144 0.2818723 0.3375421 0.2143221 0.2047985 0.1281968 0.1388246 0.1651627 0.1335973 0.08148813 0.1294272 0.1121086 0.08440215 0.04815196 0.06982092 0.04610438 0.05032077 0.1148079 0.1303552 0.1155472 0.1047563 0.1498679 0.150903 0.08425892 0.1428006 0.2373856 0.169504 0.1519348 0.07913335 0.09611785 0.1172439 0.09778851 0.1050838 0.1088098 0.1618836 0.2182141 0.1926913 0.1672707 0.08225661 0.07594912 0.06843498 0.05622577 0.02341059 0.01956112 0.01717122 0.03738395 0.09323832 0.05932501 0.03728483 0.01397549 0.01653428 0.03695771 0.06793297 0.06502513 0.04451753 
0.4370623 0.4122998 0.1708449 0.2210638 0.1243652 0.1227438 0.1214242 0.2957411 0.1950348 0.1394653 0.1302543 0.1535862 0.07185758 0.08160335 0.04644826 0.06384477 0.08252035 0.08797946 0.1075521 0.08695804 0.08757919 0.05244755 0.07327528 0.08913562 0.09505263 0.1054264 0.1597291 0.1860625 0.1852372 0.1035585 0.08260861 0.09749316 0.128807 0.1354257 0.09349032 0.1271246 0.1514519 0.171674 0.140678 0.07616282 0.07365582 0.06654845 0.05438586 0.02245922 0.01863425 0.01621672 0.01580392 0.02194884 0.03480059 0.03885698 0.02287048 0.03423742 0.04934725 0.02767205 0.008912764 0.01730241 
0.3421909 0.2112321 0.1495493 0.118472 0.09444468 0.1367723 0.1357099 0.2563857 0.1120549 0.09160052 0.1069962 0.09954611 0.07752226 0.06575457 0.05019419 0.05046303 0.08208247 0.1253575 0.1374783 0.1430316 0.1286212 0.06378378 0.05561535 0.0729724 0.1238108 0.1321111 0.1495011 0.1692346 0.1973977 0.1544552 0.0943954 0.08279184 0.0986096 0.08384992 0.09309729 0.1319184 0.1372645 0.1319984 0.1184101 0.07213324 0.06808947 0.06183961 0.05080608 0.02148856 0.01801882 0.01599386 0.01553402 0.01668814 0.02287642 0.01575908 0.01859294 0.02199294 0.01543979 0.02867769 0.01019823 0.00671867 
0.260826 0.2883376 0.1299907 0.1536048 0.1985004 0.2169539 0.1433378 0.1723706 0.1377466 0.1020782 0.06647894 0.08286504 0.09761486 0.09045048 0.06410444 0.08294068 0.1428887 0.1886593 0.1683756 0.161811 0.1433137 0.08147555 0.06058265 0.1318236 0.1725799 0.1848418 0.1625307 0.1159027 0.09064513 0.09741694 0.083165 0.06440001 0.09415276 0.05639953 0.06914327 0.1030063 0.1119159 0.1002295 0.09695705 0.05987424 0.05859091 0.05392965 0.04515213 0.02040879 0.01763672 0.01582862 0.01565148 0.01746501 0.01686572 0.01711339 0.01667004 0.01851457 0.02618022 0.02111938 0.01158847 0.008149382 
0.3900819 0.4444204 0.2158748 0.2576081 0.3042827 0.2532342 0.1919036 0.2121254 0.1963177 0.1587999 0.1362281 0.1248752 0.1258585 0.07318615 0.107554 0.1281034 0.1922152 0.2165908 0.1931613 0.1464802 0.114939 0.1010195 0.07999671 0.1813375 0.2162499 0.2180255 0.1776681 0.1256354 0.1117367 0.03145402 0.02604908 0.04548836 0.03520298 0.03231108 0.04661176 0.06638043 0.06989001 0.07772149 0.04817843 0.04205739 0.04255718 0.04038798 0.03507302 0.02302345 0.02119202 0.01988678 0.0351069 0.01949955 0.0193949 0.01986095 0.02835989 0.01936617 0.02203295 0.01655268 0.01443247 0.009427088 
0.3582277 0.2928272 0.1531733 0.2617178 0.2354585 0.1885401 0.1689636 0.2156522 0.2110477 0.1860512 0.1834993 0.134259 0.1730173 0.1001016 0.1053791 0.1546314 0.1703033 0.2647417 0.1930211 0.1350089 0.1217529 0.08841824 0.08800846 0.1409954 0.1794784 0.1872847 0.1908835 0.1721892 0.09497999 0.03403307 0.02996717 0.04280739 0.04040143 0.04266716 0.05318831 0.0475712 0.0442638 0.04150553 0.03626732 0.03424377 0.03730118 0.0329262 0.0293728 0.02101238 0.0199941 0.0438821 0.06396626 0.04661706 0.02063445 0.03276835 0.02955292 0.02091889 0.02288011 0.01822613 0.01576308 0.01038184 
0.3465499 0.1999799 0.1005041 0.1458208 0.1598194 0.1689244 0.1675884 0.2022524 0.1867166 0.1585506 0.1536071 0.1361208 0.1334361 0.1267633 0.1733298 0.1955266 0.2122161 0.1868207 0.1602768 0.1446786 0.1192611 0.100917 0.1331658 0.1454526 0.1770433 0.178942 0.1788762 0.09417982 0.04176179 0.03419663 0.05027436 0.03789973 0.01737661 0.03023865 0.02456521 0.02714752 0.03997636 0.03472233 0.02711469 0.02514943 0.02694539 0.02722509 0.0251919 0.01911161 0.03737449 0.05715252 0.07128274 0.06262579 0.02118656 0.02169576 0.02155036 0.0222797 0.02268454 0.01818329 0.01635434 0.002999039 
0.4057623 0.27854 0.1337615 0.1746062 0.1566753 0.1447135 0.1677742 0.23747 0.1763024 0.1541263 0.1250956 0.1066253 0.0971932 0.1268345 0.1818814 0.1791567 0.193701 0.1823172 0.1262513 0.08719236 0.0769695 0.06015213 0.07836042 0.1415144 0.2020545 0.1954218 0.1592366 0.04771728 0.03807902 0.05132816 0.04671036 0.02061197 0.01363621 0.01964449 0.02581435 0.05251192 0.03224487 0.02370818 0.02415152 0.0259894 0.02242741 0.02348828 0.03051122 0.0174664 0.03155261 0.01745201 0.03813838 0.0302811 0.03966738 0.03169876 0.02590146 0.02157576 0.02731641 0.01898126 0.00830032 0.003220845 
0.461045 0.2900214 0.1512991 0.2201135 0.1886459 0.1576373 0.1754925 0.2184991 0.1763742 0.1481482 0.1349282 0.1117775 0.1046447 0.1178152 0.2201043 0.2535597 0.2372961 0.2432532 0.1944595 0.1201768 0.08418969 0.06284665 0.04135855 0.1174001 0.1055697 0.1480692 0.07307008 0.0136949 0.02663374 0.03801278 0.02184154 0.01436289 0.03996182 0.046641 0.03932385 0.03807893 0.03014037 0.02029416 0.01590941 0.01549028 0.01836609 0.01875965 0.02008824 0.02662316 0.01915521 0.0252352 0.03196727 0.03043486 0.02664835 0.0368839 0.02634436 0.02529959 0.02163701 0.01109461 0.01020966 0.005823873 
0.5086097 0.2855784 0.1701153 0.2051361 0.1912017 0.1647716 0.1661689 0.1939963 0.1878701 0.162082 0.1530268 0.0993555 0.1078489 0.1410935 0.2034299 0.1848899 0.1909067 0.1717959 0.1292768 0.08272132 0.04285561 0.03964387 0.03552241 0.05786178 0.1274621 0.05630734 0.01786769 0.038597 0.06816735 0.01633952 0.01359421 0.01191038 0.03516858 0.06454385 0.07654857 0.0385806 0.02107861 0.0163003 0.01370468 0.01407172 0.01629861 0.01618511 0.01951201 0.02130696 0.01979251 0.0256097 0.03566799 0.03205353 0.02399375 0.02404701 0.02287834 0.02278981 0.009600225 0.01112645 0.01210495 0.01747286 
0.4506131 0.2515667 0.1217976 0.1723565 0.168474 0.1510061 0.1600301 0.2336987 0.22891 0.1740433 0.1732803 0.1354424 0.09529776 0.1118395 0.1510531 0.1321745 0.1440142 0.1655361 0.1260617 0.06130338 0.04905666 0.04393221 0.03352816 0.06990574 0.06677273 0.0675287 0.05399586 0.05879554 0.03974826 0.007491638 0.01015778 0.03685994 0.04031548 0.02771566 0.03411758 0.01887112 0.009794855 0.01364742 0.02228107 0.009932013 0.01144045 0.01808801 0.03687321 0.03692103 0.0232726 0.02160641 0.03126677 0.02457788 0.02419182 0.02404247 0.02348607 0.01127543 0.0100904 0.01027838 0.01140611 0.01369559 
0.3344373 0.1520721 0.08473556 0.1344893 0.1471107 0.1509152 0.1548036 0.2050356 0.2065632 0.169162 0.1966364 0.1302146 0.07483177 0.1155156 0.1978629 0.1730675 0.1149837 0.1287625 0.1014699 0.07638641 0.07339005 0.04359644 0.03803713 0.0879496 0.06613699 0.06960465 0.06021374 0.07259613 0.05196121 0.02826959 0.02389599 0.04467395 0.08087533 0.03391211 0.007877729 0.04064847 0.04181868 0.03918809 0.02720014 0.02113942 0.01131565 0.01777484 0.01950766 0.0350366 0.03333947 0.03160261 0.03719338 0.0246417 0.02475034 0.02693386 0.0299674 0.01716966 0.01467834 0.01074426 0.0100645 0.00936636 
0.3559815 0.1494756 0.05561924 0.0589476 0.05386597 0.0839103 0.07534069 0.09431695 0.1132297 0.1404774 0.1656542 0.1120417 0.06296895 0.07641574 0.1348716 0.1192473 0.104147 0.06915037 0.04600542 0.02645026 0.03775259 0.03853976 0.01772565 0.04651839 0.04172579 0.05992785 0.06309943 0.05867869 0.07306316 0.1003753 0.05339802 0.01059623 0.02772215 0.03748247 0.01168406 0.0593471 0.1344773 0.06363046 0.04637324 0.04795754 0.02544039 0.02923267 0.01750056 0.02422645 0.03254191 0.03061803 0.03128276 0.02524807 0.02608753 0.0296228 0.01305509 0.01605067 0.01473832 0.009926002 0.005985207 0.006129032 
0.3848866 0.1884576 0.05903519 0.04726396 0.04607194 0.07423054 0.05806994 0.06705298 0.08708599 0.1154272 0.0924345 0.1062586 0.07864023 0.1150468 0.06768787 0.05396975 0.05441558 0.04736678 0.03539003 0.04883482 0.04480371 0.0227568 0.0141813 0.02316897 0.03479795 0.02246915 0.04876089 0.02561421 0.03300544 0.05064106 0.03065701 0.04665515 0.0333856 0.04789318 0.06028787 0.04537281 0.03294205 0.01267517 0.03045854 0.05942526 0.04455741 0.04663266 0.01682712 0.02549631 0.02917371 0.02984349 0.03074674 0.02668837 0.03369988 0.02271808 0.02390823 0.01920944 0.01319911 0.01715091 0.008915598 0.02899193 
0.3529619 0.1735833 0.06460732 0.03617005 0.05346029 0.05420727 0.06586348 0.07595952 0.07413872 0.07824375 0.07265481 0.06148224 0.05952476 0.06164712 0.02894404 0.02954798 0.03183524 0.04004917 0.0443708 0.0416532 0.03103784 0.02348495 0.01046372 0.02296999 0.01204284 0.01315939 0.02378104 0.01519809 0.05203022 0.04045577 0.028141 0.03741594 0.01946856 0.009353868 0.07589409 0.04794883 0.04050633 0.01030771 0.02594874 0.04683859 0.02892638 0.02448465 0.02252333 0.02654962 0.02956771 0.03100705 0.03173625 0.03195963 0.04938477 0.03837107 0.02253625 0.01639874 0.03094047 0.01809506 0.02259422 0.02266129 
0.187914 0.08947922 0.06616313 0.03581074 0.04932231 0.05040022 0.04373156 0.05311496 0.0644456 0.06185552 0.04999555 0.04845513 0.04057812 0.04378659 0.04593324 0.02969228 0.02836351 0.0337889 0.02903831 0.01613336 0.03482404 0.03533387 0.03091736 0.01055396 0.01060551 0.03557772 0.04668284 0.01539195 0.03353138 0.009446351 0.006803203 0.05272652 0.07219307 0.01364542 0.05163996 0.01970252 0.01367357 0.02114298 0.01378495 0.03217424 0.02661009 0.03006051 0.03428164 0.03677817 0.03129932 0.03478973 0.03343797 0.03749587 0.02702583 0.03947174 0.03353705 0.01610835 0.0219484 0.01864216 0.02759649 0.01721774 
0.1392273 0.08845526 0.07165794 0.04203677 0.0572614 0.05957619 0.0541672 0.07727017 0.06003771 0.0520575 0.04753676 0.03326362 0.03085258 0.04139183 0.04633589 0.03097181 0.01576699 0.01303256 0.0110915 0.01287993 0.01311774 0.02477395 0.01798913 0.007141531 0.01887306 0.0134039 0.02683594 0.01871149 0.009951727 0.03003342 0.01070786 0.02371506 0.05249153 0.05323964 0.05534483 0.02043198 0.01393626 0.03022369 0.03379777 0.01279619 0.0190466 0.02469542 0.03026863 0.04066403 0.03263509 0.02908688 0.03386514 0.02268091 0.03175842 0.04719166 0.03937437 0.02229839 0.0153629 0.01197581 0.01463709 0.01318548 
0.1122276 0.09113297 0.06592827 0.04842703 0.04753699 0.02978549 0.04760723 0.07139467 0.06621351 0.04162662 0.03832523 0.03056826 0.03733769 0.03370243 0.04539709 0.03718827 0.02984978 0.01556703 0.01040178 0.00813413 0.01116643 0.009920597 0.008774806 0.01527797 0.01588225 0.01069395 0.007876642 0.01696684 0.03332205 0.03454225 0.02132525 0.02395863 0.033551 0.0225924 0.008057612 0.01448135 0.01779114 0.006767671 0.01439491 0.01498797 0.02038984 0.02309042 0.02555669 0.03451085 0.03894605 0.0330529 0.03041708 0.02570867 0.03630327 0.04057565 0.04317542 0.02560484 0.01818548 0.01366935 0.01209677 0.01362903 
0.1167073 0.09886072 0.09384732 0.06261509 0.05399688 0.0305302 0.02229727 0.03311732 0.03894467 0.02730548 0.02904237 0.01922197 0.02477926 0.02089242 0.02902473 0.02807183 0.01628672 0.01629608 0.009976852 0.01239281 0.01157719 0.01795985 0.02238017 0.01485025 0.005086577 0.02700577 0.03654241 0.00833155 0.05604673 0.07351702 0.07114542 0.07596071 0.06499667 0.04327775 0.01362158 0.00890974 0.008639956 0.007778793 0.01272792 0.02414349 0.07355044 0.04011074 0.06554911 0.03502715 0.03921077 0.0370204 0.03299524 0.0224858 0.04337369 0.05068926 0.04472776 0.03737903 0.02822581 0.03318548 0.02104839 0.03625 
0.1426576 0.1168034 0.1410261 0.09409768 0.05531862 0.01816462 0.0163863 0.03092163 0.02854502 0.02677649 0.01934029 0.02107157 0.04074028 0.0381638 0.02170781 0.01193229 0.01313227 0.008885434 0.01223182 0.01677914 0.01777655 0.04433389 0.05940424 0.07075786 0.04122521 0.02685885 0.005914233 0.008724398 0.0368004 0.1011777 0.1044316 0.1196613 0.1154877 0.0883486 0.01110966 0.01542324 0.01597639 0.01226813 0.009396303 0.01694566 0.02113456 0.04278935 0.05552597 0.02999599 0.04218217 0.05013441 0.02124657 0.02453196 0.04445348 0.05311457 0.06187409 0.05423387 0.06919355 0.09056451 0.04020162 0.05447581 
0.1992086 0.1033428 0.102641 0.0658005 0.0651964 0.04618658 0.01899501 0.04555198 0.04854618 0.05237095 0.03301913 0.02698461 0.01694094 0.01662647 0.01236701 0.02188054 0.01519263 0.01071598 0.0186539 0.02333036 0.02682333 0.03072415 0.04202399 0.03943295 0.02628018 0.01241886 0.01363487 0.01883095 0.02264373 0.03157734 0.02759765 0.06942626 0.0977905 0.1173174 0.06856368 0.02359104 0.005862013 0.02899779 0.03584482 0.03093784 0.07429318 0.09238181 0.08010139 0.02576686 0.02907733 0.02854762 0.01834194 0.01376721 0.04323668 0.05450879 0.05682736 0.03665323 0.02782258 0.07008065 0.08528225 0.08762097 
0.2541346 0.1787692 0.09524833 0.06859931 0.04510599 0.03106361 0.01526633 0.03761291 0.06610613 0.06186078 0.04768483 0.04377624 0.03104445 0.02779465 0.01291012 0.01865975 0.01065251 0.007468328 0.01080333 0.01234222 0.01579463 0.01798259 0.01391135 0.01374855 0.02888108 0.05052652 0.01792914 0.02222969 0.02630293 0.02726546 0.02780536 0.09227034 0.1232406 0.1130135 0.04121867 0.02412961 0.007549368 0.007956639 0.01382593 0.02446802 0.09936348 0.05955704 0.04308301 0.02314356 0.02066182 0.03297998 0.02052417 0.01024064 0.03933373 0.07239846 0.09266328 0.06358871 0.04165323 0.03604839 0.04201613 0.06887097 
0.2402253 0.1440367 0.1308814 0.05478881 0.0459837 0.02608949 0.008614881 0.01927004 0.02645661 0.04690155 0.06555323 0.03802922 0.03691604 0.03883265 0.02816294 0.01809541 0.03477183 0.01325811 0.03241828 0.02737969 0.02845962 0.01905996 0.01414358 0.009072526 0.01170219 0.02546991 0.02597057 0.03708757 0.0449264 0.02452642 0.02041039 0.1067524 0.1267427 0.02062118 0.04289863 0.02344408 0.02922646 0.02284685 0.01064748 0.03809535 0.07349721 0.04669544 0.03945535 0.02503841 0.0233726 0.02791324 0.01778768 0.01268446 0.03362189 0.04067743 0.07032987 0.06576613 0.04830645 0.04866935 0.05447581 0.05991936 
