ncols         56
nrows         54
xllcorner     28.264
yllcorner     -5.7719999999999
cellsize      0.25
NODATA_value  -9999
0.0002590633 0.0002826631 7.060746e-005 0.0006909423 0 0 0.0005098105 0.0005570593 0.0004627231 0 0.001264292 0.002878913 0.006630723 0.004144829 0.003670305 0.005397014 0.006855923 0.008981105 0.005891923 0.003383503 0.004046354 0.008949316 0.01519176 0.01479226 0.01075531 0.007541419 0.01534844 0.02378333 0.02078333 0.02218333 0.01558333 0.01295 0.011575 0.009525 0.01243333 0.02245 0.019475 0.01163335 0.009672466 0.01658032 0.01018812 0.01550189 0.02651339 0.01829089 0.02003442 0.006653426 0.001928486 0.006598502 0.008861455 0.02257547 0.02711259 0.02803688 0.02858982 0.01662806 0.01183399 0.02943561 
0 0.0003454582 6.275367e-005 0.0005179456 0.000565219 0.0003372284 0.002003357 0.001114893 0.0008082282 0.0006983145 0.001107031 0.001429851 0.006259065 0.003828465 0.003607425 0.004992848 0.005402724 0.005988563 0.009522635 0.0111213 0.009028028 0.01384964 0.0167499 0.01569048 0.01048999 0.01055602 0.01219054 0.01589167 0.01683333 0.01455833 0.01135 0.01483333 0.015975 0.01484167 0.01821667 0.0217 0.01937677 0.02256282 0.01640544 0.01041988 0.01873537 0.03514875 0.0262132 0.01963794 0.00989724 0.007096814 0.002592971 0.005960096 0.01382738 0.01857699 0.02315795 0.00639088 0.00720288 0.006048483 0.003198174 0.01070569 
0 0 0.0005730014 0.001453292 0 0.001224909 0.001625659 0.001523444 0.0007298266 0.0008240762 0.001020676 0.00282473 0.005212732 0.005212902 0.006903584 0.005112406 0.005553273 0.008626204 0.0129389 0.01402189 0.01034904 0.02013535 0.01515385 0.02148213 0.02547435 0.01060959 0.01169455 0.022875 0.01986667 0.01708333 0.01553333 0.0157 0.017175 0.01843333 0.02588645 0.04590243 0.03709264 0.04734836 0.02503588 0.03147788 0.06339242 0.02926679 0.01708808 0.01193739 0.01339081 0.005188537 0.006140857 0.007088116 0.01385531 0.01035047 0.01004097 0.01107275 0.006879541 0.0005301402 0.004380763 0.001786778 
0.002069119 0.0009662819 0.0009580799 0.002777129 0.0005492076 0.003021309 0.003738994 0.002074728 0.001445226 0.001248554 0.003392851 0.001642721 0.003899092 0.006697187 0.008685473 0.01053836 0.0114686 0.01402007 0.01492074 0.02184053 0.02405489 0.02139382 0.0169666 0.01560538 0.01535994 0.01376254 0.01906217 0.02819838 0.03050407 0.02525629 0.02670767 0.02007432 0.01952758 0.02320376 0.04250351 0.05529052 0.05243706 0.04792419 0.02808161 0.05646212 0.05333509 0.03032215 0.02323863 0.012669 0.02419173 0.02530589 0.02426493 0.03185156 0.03890872 0.03113651 0.02099659 0.008845896 0.02586187 0.007993284 0.004971157 0.01457242 
0.0005733731 0 0 0.000557291 0.001839238 0.003116395 0.003865495 0.003193783 0.004458942 0.003518739 0.004665131 0.003741382 0.004808964 0.00904289 0.01000972 0.0138875 0.01425742 0.01929155 0.01742213 0.02052242 0.02251721 0.02556785 0.02328875 0.0165025 0.01390137 0.01563712 0.02477919 0.03412364 0.02972446 0.02216505 0.0233354 0.02267941 0.02054942 0.02732889 0.04459578 0.03316368 0.03389667 0.01941401 0.01853172 0.04971325 0.03638482 0.04145074 0.04006229 0.03273666 0.03036658 0.03820893 0.03389876 0.04489962 0.05759056 0.06331129 0.02511194 0.02042369 0.03754533 0.02651711 0.001463426 0.008524263 
0.001714843 0 0.001438136 0.0006595965 0.002248916 0.001099176 0.001098871 0.002010959 0.004942277 0.004198411 0.002555869 0.003764671 0.004761617 0.0110441 0.01473587 0.0165687 0.01859853 0.01726729 0.01868486 0.01584346 0.01735598 0.02452668 0.03556941 0.02292614 0.01330403 0.01764411 0.0228823 0.02269723 0.01802785 0.01856713 0.01841603 0.02261148 0.02165797 0.02357936 0.03545325 0.02741845 0.02041067 0.01755836 0.02675547 0.02030243 0.03431904 0.03727173 0.03526263 0.02586186 0.04697395 0.03783692 0.01823989 0.03857832 0.04500904 0.02422848 0.02108487 0.009124207 0.009971289 0.04995628 0.01178696 0 
0.01751769 0.002169497 0.0006287738 0.001099778 0.003306032 0.005045918 0.001712331 0.0004783502 0.001075134 0.004704846 0.003037276 0.001563764 0.005721055 0.0109294 0.01048172 0.007508633 0.008858986 0.0189107 0.01706444 0.01283858 0.01184786 0.02901785 0.03781894 0.02784707 0.01525996 0.01768817 0.02593168 0.02492875 0.02666816 0.02485313 0.01808813 0.01877879 0.02041337 0.04570929 0.02744745 0.01198063 0.01303781 0.01611763 0.01607012 0.01678257 0.02665297 0.02344878 0.03662068 0.03420538 0.03099203 0.02826606 0.03085223 0.04272164 0.05625837 0.01556228 0.01473051 0.002871863 0 0.006587668 0.04424904 0.01574795 
0.01141176 0.00966372 0.004318389 0.002981905 0.003283333 0.004608333 0.003858333 0.001766667 0.003658333 0.003341667 0.002316667 0.0046 0.007566667 0.01059167 0.008699999 0.005487842 0.005986826 0.008867186 0.008749289 0.00678719 0.003542624 0.009472824 0.01796774 0.02227433 0.01234261 0.01693717 0.01580296 0.02876675 0.03076287 0.02269011 0.01688288 0.01555179 0.0203984 0.02494416 0.01943402 0.01802261 0.01201707 0.0205487 0.01689867 0.02053483 0.03215766 0.03031791 0.04769204 0.06402752 0.04851097 0.02927493 0.01934087 0.04185888 0.04011686 0.01467365 0.009345117 0.01318828 0.01345655 0.007609427 0.009218216 0.002776038 
0.01617499 0.01280771 0.005455581 0.005397055 0.007344949 0.004485439 0.002822773 0.0006321436 0.006798712 0.001779007 0.002783333 0.002858333 0.001758334 0.001358333 0.002333333 0.003243792 0.004710031 0.003000295 0.006168242 0.003749877 0.002469878 0.002902106 0.004733252 0.01124599 0.0100065 0.01126931 0.01822178 0.0243597 0.02620495 0.01598793 0.00752465 0.02328662 0.02820269 0.0260367 0.01931587 0.02470655 0.03141129 0.02987082 0.02392789 0.01747916 0.04059342 0.05206992 0.06693353 0.1004434 0.08253466 0.04295376 0.01568359 0.02643357 0.0275721 0.01842043 0.01289801 0.01288268 0.0140242 0.01488579 0.01145 0.002629096 
0.01752991 0.02436649 0.01486867 0.006036742 0.01315132 0.01199362 0.004702587 0.001909714 0.006104626 0.002964233 0.002643091 0.004984699 0.006044927 0.00541834 0.00617989 0.00775991 0.007671732 0.005235008 0.008038037 0.01306904 0.004038625 0.002021768 0.00478564 0.01244657 0.01398274 0.009869336 0.01284535 0.02293653 0.02374351 0.01580122 0.008016253 0.02993349 0.03305247 0.02311633 0.01606171 0.043016 0.02690759 0.03013616 0.05582224 0.02889662 0.01540252 0.04776797 0.05551969 0.05070402 0.0378082 0.0279447 0.02054674 0.0245886 0.02098836 0.01916159 0.03511022 0.0422782 0.01357936 0.001023193 0 0.0006237917 
0.0203271 0.01087096 0.01642772 0.03457142 0.05753183 0.03382117 0.0188666 0.00869571 0.009783235 0.008702818 0.01220425 0.004439029 0.01203522 0.0106575 0.008000347 0.01337974 0.009237142 0.01537073 0.02174215 0.01351496 0.006279006 0.002529188 0.004825764 0.005706906 0.0100602 0.01159173 0.005300876 0.01170868 0.0142631 0.0123055 0.01137635 0.02289262 0.02612309 0.01725616 0.01186078 0.02212654 0.02814128 0.01895837 0.02971518 0.02258561 0.01885123 0.02579786 0.04170141 0.04342797 0.04133625 0.03402511 0.01785062 0.0213713 0.01789792 0.01464212 0.02411862 0.04986537 0.02463162 0.0009591363 0 0.007420503 
0.007886644 0.006647172 0.00419802 0.01084242 0.03017835 0.01162803 0.03390425 0.0143081 0.01491665 0.02164252 0.01886291 0.01770168 0.02278489 0.02518329 0.01222243 0.03402371 0.02484869 0.02899277 0.03940937 0.01994932 0.00748996 0.007494838 0.006943506 0.001658134 0.003429232 0.004474405 0.01702038 0.00579224 0.00233962 0.0045572 0.003948617 0.01259619 0.0218873 0.01996101 0.01174546 0.02388807 0.02705922 0.02993502 0.03489315 0.03444377 0.02911499 0.01792805 0.02026743 0.02116418 0.06532714 0.07577142 0.02182128 0.02605087 0.03372687 0.02601109 0.02055827 0.03783749 0.03775289 0.01245437 0.007920023 0.01042266 
0.01060536 0.01427412 0.008654839 0.03334923 0.03534396 0.03002948 0.03605993 0.02081643 0.06942444 0.04314182 0.02211611 0.03448654 0.02522259 0.02021652 0.02726015 0.03960628 0.04396266 0.07086483 0.09810707 0.03910629 0.02800733 0.02783588 0.01575609 0.01672939 0.008126724 0.006897771 0.008994065 0.005845942 0.004818829 0.005517699 0.01073613 0.008776915 0.01356347 0.01524974 0.01008092 0.02103675 0.04633375 0.02183685 0.04050781 0.03129671 0.04814945 0.03955805 0.02314599 0.03416112 0.04292043 0.07585026 0.06068538 0.04430484 0.02089584 0.02711264 0.02598627 0.03143132 0.0356511 0.005631528 0.01144608 0.01468618 
0.02105477 0.04537785 0.06797396 0.09414473 0.05321636 0.03680284 0.03380048 0.03654785 0.0777446 0.02387468 0.02660495 0.03594927 0.02407085 0.02468919 0.04059297 0.03792855 0.04181905 0.07217486 0.06049567 0.02801014 0.03877242 0.03580184 0.03417061 0.01282711 0.009509596 0.007870288 0.003791838 0.006196734 0.006018954 0.04550127 0.02770386 0.01871669 0.02472999 0.01458282 0.01051779 0.02021358 0.03682559 0.03047032 0.04115831 0.07159621 0.03378762 0.04728546 0.03916061 0.06659578 0.05323069 0.04548011 0.01399543 0.03748246 0.03857582 0.05041798 0.04589551 0.00989077 0.0135931 0.01736783 0.002730973 0.02528761 
0.02402246 0.1438044 0.1208571 0.1201135 0.05111713 0.05149167 0.05503588 0.04798758 0.06528785 0.02402418 0.02622808 0.05456955 0.02303512 0.02754642 0.04528656 0.03110793 0.03023295 0.05208226 0.06971105 0.01765256 0.01162655 0.01759058 0.01723653 0.01730607 0.01083376 0.005488411 0.001506531 0.001527873 0.003049624 0.005739228 0.004390478 0.00837416 0.005148247 0.006518278 0.008638906 0.006823012 0.02325857 0.01716718 0.03419235 0.04554911 0.04749115 0.07848495 0.04024255 0.02887392 0.04235746 0.03559221 0.03743464 0.04953085 0.06042108 0.03245548 0.01594648 0.02699014 0.01911396 0.0276588 0.01359778 0.01338207 
0.02526286 0.08580811 0.05413227 0.06390283 0.03860311 0.03401898 0.05913734 0.04968025 0.0479231 0.02232965 0.01690687 0.09149414 0.05972139 0.04262166 0.05029174 0.02437074 0.02515545 0.03059443 0.04861879 0.02962744 0.02789955 0.02615739 0.01116019 0.01657281 0.007819145 0.002755274 0.002648504 0.0022759 0.002429196 0.002503924 0.002660493 0.005159861 0.007077748 0.004123988 0.02174588 0.008289913 0.004068011 0.00586328 0.01208452 0.02458303 0.02412289 0.04527386 0.01332884 0.02496047 0.02371153 0.04042007 0.04471672 0.06263972 0.05085205 0.02260283 0.04010713 0.00271755 0.006477559 0.002484549 0.003343646 0.003202023 
0.03412915 0.03551139 0.05336669 0.0885627 0.04522978 0.04813102 0.0512243 0.06101219 0.04810117 0.0405566 0.03020604 0.04618607 0.04709123 0.04624586 0.03194042 0.02224621 0.03958568 0.06147052 0.04781339 0.0446067 0.04405023 0.02346288 0.01284354 0.00898802 0.01285779 0.004066056 0.004477026 0.003958529 0.004021582 0.004650421 0.003615048 0.003566518 0.006723094 0.004175421 0.01057077 0.005615423 0.00344346 0.007348151 0.005030372 0.008516528 0.008069538 0.01195169 0.04311707 0.02314816 0.01861836 0.04284519 0.02945049 0.02474315 0.08760124 0.07554939 0.04175181 0.02153813 0.002414456 0.02364339 0.006486115 0.003848578 
0.06226387 0.05972606 0.0583971 0.1096415 0.05024433 0.08374995 0.08539446 0.08893953 0.07388855 0.06797363 0.05684006 0.04887083 0.03956917 0.04507335 0.05019458 0.04467368 0.05830849 0.07933429 0.05424576 0.02659714 0.01839475 0.01265887 0.01076161 0.005101337 0.04269556 0.01288715 0.003019804 0.003374915 0.002843483 0.003059226 0.003028387 0.01000363 0.007548023 0.007207222 0.00484605 0.003160902 0.003444239 0.009358834 0.01070153 0.009807619 0.01623579 0.02310813 0.04717193 0.008333951 0.02264556 0.01691633 0.00828116 0.01694105 0.04040318 0.04832174 0.03949454 0.04697526 0.0485955 0.04294017 0.02343093 0.01340774 
0.05547317 0.0451184 0.04561722 0.08373509 0.06526989 0.08689506 0.07048956 0.07692842 0.05928505 0.07718374 0.07605615 0.0670404 0.08615625 0.09884872 0.08269793 0.07032922 0.0757822 0.07009415 0.05699747 0.04666134 0.05376002 0.0256947 0.02197 0.008378601 0.01000304 0.01215501 0.007161791 0.007468086 0.002518127 0.001959505 0.002204532 0.004013468 0.008735185 0.005796716 0.005773685 0.003791413 0.003645127 0.006978241 0.004860113 0.01238968 0.02243898 0.009581745 0.01466078 0.01629277 0.01506272 0.01408331 0.004210312 0.004177511 0.0220342 0.02703175 0.03733186 0.1154019 0.09365186 0.04595246 0.08368117 0.0390201 
0.0846175 0.05518826 0.03927757 0.04545309 0.03148112 0.07011946 0.1016167 0.09977568 0.05513674 0.05961849 0.07910801 0.08701051 0.1333997 0.1190497 0.09905305 0.08125573 0.06805134 0.08196732 0.07016797 0.05127163 0.04623147 0.0346904 0.03835736 0.01587774 0.03116002 0.03204381 0.004629444 0.009036041 0.007937185 0.006650422 0.003272994 0.003279348 0.008636346 0.008033368 0.006629828 0.008424887 0.008224562 0.008974259 0.01138798 0.01325381 0.03570444 0.03911634 0.05057994 0.02545433 0.03035957 0.01790069 0.01701884 0.03468261 0.02448831 0.02689732 0.04618668 0.04078274 0.03517848 0.09680313 0.06160085 0.01637617 
0.09222474 0.1211032 0.04102419 0.03537038 0.04127812 0.0549661 0.06700723 0.06684893 0.05236679 0.07706498 0.08430076 0.06182911 0.0990408 0.1137955 0.08785669 0.09756652 0.09390908 0.1103024 0.1126343 0.07301624 0.05501461 0.03598287 0.0309609 0.02245164 0.02432336 0.03748956 0.0164087 0.006140344 0.01757972 0.008685629 0.003694337 0.003719976 0.007335518 0.01492779 0.00896797 0.007381083 0.007369051 0.008454736 0.01933654 0.01577262 0.02485526 0.03091674 0.05511247 0.05556118 0.02449573 0.01696871 0.04025755 0.05554761 0.02716124 0.02208969 0.0232297 0.05123778 0.06334651 0.09915458 0.07574056 0.06329718 
0.1659148 0.08704893 0.04550726 0.04802205 0.06154303 0.0730762 0.07964009 0.03917732 0.02175887 0.03328978 0.03842803 0.0504292 0.06826345 0.1136816 0.1158722 0.0873066 0.08065352 0.121773 0.1218447 0.08780706 0.05834588 0.06199729 0.05516138 0.05381589 0.05109935 0.03853164 0.03742019 0.01530805 0.01268833 0.008592247 0.006123562 0.005356312 0.007049385 0.01643675 0.02155971 0.009927758 0.01298964 0.01259611 0.02261496 0.04957633 0.03195794 0.01780748 0.02478401 0.017225 0.01607925 0.01664675 0.03593452 0.03303952 0.02742122 0.02476152 0.02556118 0.041133 0.05498097 0.06087533 0.09485344 0.07800679 
0.126705 0.1070404 0.07564758 0.1085097 0.1060206 0.1171282 0.1473493 0.08937559 0.0249962 0.02053963 0.03660964 0.03307848 0.03852001 0.06521769 0.06546801 0.08310443 0.08704341 0.1373681 0.09686632 0.1028962 0.07005631 0.1020128 0.08486014 0.05583565 0.03226044 0.02493714 0.0243391 0.02101813 0.04802336 0.0276528 0.009849384 0.01257099 0.01139997 0.01253737 0.03281064 0.01537823 0.01619569 0.01693723 0.01657216 0.03341308 0.05181854 0.04215486 0.01659322 0.02883893 0.03150558 0.01708176 0.06027924 0.02797057 0.03136913 0.02476506 0.02426479 0.03882956 0.07676492 0.080948 0.1275051 0.2013811 
0.1588466 0.09258861 0.09605344 0.1126806 0.1456609 0.1054978 0.1000625 0.09533455 0.05526565 0.04868017 0.04069436 0.04879427 0.02167214 0.0426388 0.07568103 0.1001653 0.1155452 0.0833806 0.09941829 0.1045391 0.0829365 0.07413984 0.04753761 0.04519414 0.07387077 0.03559384 0.01789874 0.02884662 0.04639936 0.02891082 0.0276137 0.02566537 0.01986458 0.02721611 0.03147606 0.03382167 0.03056008 0.03188075 0.03040701 0.02601517 0.02471342 0.02339165 0.0231956 0.03962019 0.05901365 0.05932518 0.05115923 0.03321311 0.025369 0.02722053 0.05714503 0.09389589 0.09926544 0.1168511 0.09745588 0.1122147 
0.07145328 0.07319517 0.09372558 0.1078281 0.08789589 0.07756133 0.04449759 0.07105772 0.06051974 0.07097197 0.03332318 0.05187244 0.05399714 0.0550892 0.08566568 0.0972876 0.09495635 0.06023698 0.08958976 0.1032072 0.09478384 0.07371867 0.0480348 0.04412919 0.03072911 0.03505607 0.02413449 0.03529485 0.07161278 0.03942171 0.03747794 0.01418697 0.0135377 0.02594005 0.02241939 0.05163401 0.05086914 0.04111743 0.03885998 0.04241891 0.04401391 0.0274029 0.04265954 0.01970623 0.01774131 0.01679095 0.02772729 0.02516947 0.05426621 0.0562762 0.05092781 0.09142926 0.1165154 0.1405832 0.1579385 0.05969298 
0.07327791 0.06487838 0.06450268 0.0654508 0.06270389 0.04459046 0.02672253 0.04334487 0.0557047 0.05131178 0.0379604 0.07978831 0.09528869 0.09739725 0.09912336 0.09827891 0.06405946 0.07482404 0.0685881 0.09779637 0.1277197 0.08729516 0.07382166 0.05161509 0.04425011 0.05803757 0.04421802 0.03994785 0.06600919 0.07100616 0.05523987 0.06880753 0.04837664 0.07570039 0.05770195 0.09529939 0.07278772 0.06828614 0.0644435 0.08039813 0.07518641 0.06283066 0.09375111 0.05641808 0.01887024 0.01704632 0.02952742 0.03347825 0.04518602 0.06215504 0.04009087 0.07406715 0.1043854 0.1489262 0.1179278 0.07822754 
0.07896256 0.08113611 0.0521616 0.05646257 0.03820089 0.04813329 0.01997053 0.03934503 0.03794936 0.0433988 0.06809694 0.1063656 0.1088932 0.1302132 0.0801124 0.09020907 0.08371422 0.1257323 0.1309245 0.1240249 0.1050551 0.07136307 0.07083666 0.07331034 0.06812081 0.05250842 0.04592704 0.04349523 0.06750578 0.07575873 0.07019593 0.05641268 0.06846866 0.060963 0.06597279 0.08074793 0.1048525 0.09480785 0.0814974 0.06780197 0.05335819 0.07153326 0.063944 0.04677179 0.02885776 0.01679323 0.03494037 0.03722585 0.03113325 0.04647485 0.06479112 0.1285931 0.1439041 0.1474629 0.1531823 0.1751502 
0.153007 0.09695781 0.05069155 0.07247625 0.06858613 0.04535481 0.03749799 0.082546 0.06969041 0.08468578 0.08754061 0.1430488 0.11445 0.1185156 0.1138715 0.1101366 0.08319629 0.09466346 0.1327491 0.1550437 0.1116283 0.08176073 0.07544387 0.07768376 0.1000187 0.1204156 0.07076153 0.05036673 0.04189646 0.05611769 0.0689664 0.05217607 0.05915275 0.06496929 0.08568976 0.1292271 0.150944 0.1884782 0.1643703 0.1116308 0.1299138 0.100404 0.06169548 0.02832246 0.03980734 0.02597144 0.03421286 0.04700344 0.05072785 0.08686679 0.07616943 0.1662166 0.1382019 0.1177672 0.1330338 0.162954 
0.1360314 0.08210392 0.08411571 0.100969 0.09238002 0.05754476 0.04451061 0.09532529 0.1071929 0.1076592 0.1011118 0.1079291 0.07257886 0.08728375 0.09811717 0.1192177 0.1425687 0.1263881 0.1137385 0.2043197 0.1231954 0.07547847 0.1089639 0.1241708 0.1549103 0.1196216 0.05527761 0.04485463 0.05039934 0.05410632 0.06147123 0.05525307 0.05529575 0.06443186 0.09245978 0.1512336 0.1881837 0.2097422 0.2031785 0.1447447 0.1180555 0.09766921 0.07876246 0.04215512 0.05409224 0.04666505 0.06771057 0.04043872 0.09786328 0.0755963 0.03938027 0.1517134 0.1464685 0.08288615 0.1344744 0.1476591 
0.1549217 0.1116951 0.1044577 0.09433469 0.0781686 0.0689867 0.06028798 0.08743649 0.1276633 0.09585232 0.06114679 0.08567006 0.08504748 0.06836902 0.07392409 0.07632508 0.1017076 0.0944407 0.08367303 0.08710346 0.1060539 0.05634743 0.09652487 0.1303982 0.1316632 0.1662535 0.08378284 0.06573962 0.05027268 0.06043538 0.08413649 0.06639713 0.06935564 0.07680295 0.1080988 0.1811237 0.2107125 0.2468258 0.279094 0.2043075 0.1511564 0.1154903 0.08895846 0.06015008 0.05794235 0.08053689 0.1268184 0.05368987 0.0591331 0.07765325 0.05814907 0.06326687 0.1146869 0.1201713 0.1659604 0.1110469 
0.2352171 0.195724 0.1901739 0.09488647 0.05254346 0.06545183 0.08011781 0.07400399 0.07740235 0.08459241 0.06078503 0.08440498 0.0810361 0.07807726 0.09229112 0.07265312 0.04907562 0.04759125 0.06359614 0.1015385 0.09288625 0.08251791 0.02642212 0.07176538 0.1300266 0.1412859 0.09412206 0.090185 0.06650536 0.07285517 0.06274505 0.08685815 0.053567 0.08140334 0.1010378 0.1588629 0.2268447 0.2591814 0.2785887 0.2117735 0.1491115 0.1308744 0.1077216 0.06313734 0.07905566 0.07295851 0.06607549 0.05066217 0.1115275 0.1090919 0.1090134 0.1225734 0.1144438 0.1353345 0.2017219 0.1710435 
0.2718539 0.2788773 0.2229105 0.1380707 0.03481326 0.03345378 0.06710724 0.06128936 0.05613889 0.08374411 0.07300463 0.0777596 0.08309202 0.1060929 0.1219814 0.1099573 0.06053763 0.0659533 0.127833 0.1077161 0.145462 0.05995187 0.03455678 0.05512838 0.09755684 0.08263208 0.07004016 0.09261707 0.09393318 0.07467634 0.06976082 0.05497724 0.06502675 0.05984208 0.08787106 0.1571295 0.2480071 0.2549891 0.2826099 0.1639045 0.1172305 0.1145921 0.11413 0.06500769 0.01965709 0.02367868 0.02770371 0.05491605 0.116878 0.1346039 0.1585554 0.2001444 0.1630251 0.1593458 0.22093 0.1593387 
0.3468899 0.2410913 0.1046262 0.08465787 0.03775008 0.04075008 0.06983921 0.1324813 0.06527489 0.09068534 0.09780116 0.0941299 0.08041652 0.07756294 0.06367162 0.0875572 0.07809807 0.0979523 0.1457711 0.154625 0.06935609 0.05888152 0.08699313 0.05662933 0.0787516 0.07030793 0.09065335 0.08588336 0.1067832 0.06292786 0.05004439 0.04602724 0.06436934 0.07003792 0.05881589 0.151303 0.1722836 0.2068329 0.2613982 0.1898407 0.1418145 0.1465501 0.1098228 0.07575547 0.03850081 0.01726988 0.03843635 0.05450854 0.141114 0.1502044 0.1655349 0.1581732 0.182778 0.2125306 0.2924718 0.1829783 
0.2861664 0.1825572 0.05914692 0.05825664 0.05189978 0.0411654 0.08181368 0.1111444 0.06634689 0.06146156 0.09174978 0.09198868 0.08364523 0.07123093 0.09669317 0.13 0.1093161 0.1551031 0.1637974 0.1305707 0.09197889 0.05553424 0.06655304 0.06696615 0.07411558 0.1393963 0.1442986 0.1347314 0.1238759 0.09210798 0.05137108 0.04451752 0.0626664 0.05546628 0.06438628 0.1095769 0.1306094 0.1848848 0.2010018 0.1514859 0.1155645 0.1238319 0.1532676 0.1288753 0.08723447 0.1010845 0.08892232 0.1162627 0.1503844 0.1765174 0.1332247 0.1684823 0.2179399 0.1768265 0.09585142 0.02108329 
0.2881344 0.1894625 0.08483715 0.06314421 0.07338121 0.1126554 0.08778453 0.09980547 0.06942599 0.067552 0.06723917 0.09471121 0.1047312 0.07471198 0.09885033 0.109285 0.1372975 0.1725016 0.1523163 0.0812007 0.0503999 0.05016197 0.05183106 0.06878734 0.08260226 0.1214865 0.09192414 0.1198922 0.08940533 0.0820819 0.06656078 0.05404019 0.08023851 0.06583905 0.08049756 0.1024127 0.1208442 0.1500071 0.1881559 0.1510292 0.1331772 0.1134553 0.1314856 0.1006417 0.04436656 0.1248597 0.1375644 0.1381186 0.1469069 0.1975378 0.133084 0.2038132 0.202486 0.1683612 0.05577397 0.01345885 
0.3393369 0.2207557 0.1287788 0.1137667 0.1057258 0.1216567 0.08750689 0.07986577 0.09196717 0.09379804 0.06798137 0.08925269 0.1049952 0.07502936 0.09277751 0.12942 0.1711056 0.1854231 0.1459883 0.09300734 0.05319298 0.04005383 0.0786647 0.1149916 0.1963266 0.1837555 0.1000314 0.1182856 0.07272844 0.04162411 0.04951468 0.0765449 0.06895189 0.07706743 0.1202595 0.1079383 0.1004041 0.09569619 0.1845039 0.1673683 0.0926577 0.08069533 0.08637183 0.08793638 0.03092469 0.0565933 0.09285027 0.09685989 0.192801 0.1533394 0.2091377 0.2972131 0.2596707 0.1019856 0.04357104 0.01542428 
0.3773712 0.2777121 0.1519307 0.1062515 0.09341276 0.0744837 0.05305355 0.06989557 0.09421147 0.08578142 0.07926837 0.09362329 0.09759717 0.09621973 0.1271422 0.1519513 0.1947854 0.1546261 0.1518426 0.09313511 0.04759831 0.04184116 0.07615551 0.1237667 0.339822 0.2187165 0.100494 0.09427311 0.07582085 0.0337369 0.02133278 0.04785388 0.04104646 0.05798484 0.06474416 0.08707599 0.1401361 0.1613688 0.1964761 0.1927905 0.1661166 0.1292404 0.06362766 0.09004045 0.09747737 0.05425663 0.1166933 0.1479209 0.1645828 0.1820878 0.2053342 0.265203 0.2438278 0.07123859 0.04323787 0.0270612 
0.3528311 0.2518772 0.09083045 0.06285195 0.04743344 0.0713217 0.06196596 0.0829615 0.09482419 0.06826997 0.07922021 0.0821064 0.07951515 0.08758427 0.1440542 0.191882 0.1804886 0.1641341 0.1141128 0.07528789 0.06366242 0.05154074 0.08620694 0.1483861 0.2188826 0.256132 0.122658 0.09774875 0.1134036 0.04715149 0.03056665 0.05025594 0.04312509 0.03522552 0.05644903 0.07556662 0.1329781 0.1130855 0.1676845 0.1571337 0.1109488 0.06766786 0.05588986 0.0539571 0.1253685 0.1783201 0.159423 0.1314985 0.1797846 0.2330489 0.1892053 0.2094153 0.1218143 0.07304532 0.047386 0.03249699 
0.3031855 0.2474849 0.1117394 0.0702474 0.05283636 0.06648328 0.07787259 0.08927651 0.07567965 0.05043341 0.0683884 0.06351002 0.08343531 0.07140511 0.1182382 0.1468361 0.1792973 0.1644116 0.1271773 0.07915801 0.08180565 0.0595689 0.1466114 0.2049313 0.2183395 0.1966856 0.1329264 0.06397385 0.122213 0.0896178 0.04167173 0.04304137 0.04174809 0.03226384 0.04478692 0.05618419 0.1017209 0.1016055 0.1152964 0.08715787 0.1119729 0.08525378 0.0674842 0.04843419 0.09484622 0.2038713 0.251322 0.1333982 0.1857199 0.2527262 0.1742304 0.1110903 0.04936909 0.05081585 0.04568616 0.0218728 
0.2738005 0.1961842 0.1236446 0.09238164 0.0600359 0.0646181 0.08007981 0.1042835 0.09191713 0.08440876 0.05551594 0.06912737 0.08979288 0.06271053 0.1614943 0.182855 0.1467827 0.1301327 0.1402628 0.1020826 0.05187828 0.04613731 0.09376398 0.1426322 0.08781871 0.0971727 0.04272135 0.02641422 0.07357445 0.05589798 0.04326858 0.08021068 0.0298704 0.03200092 0.03577904 0.02327157 0.04863388 0.05851745 0.09471828 0.06994299 0.1820865 0.1738259 0.08707949 0.06254965 0.07250813 0.1307391 0.2102249 0.2365972 0.2157577 0.2022496 0.127149 0.06771405 0.06132594 0.0499758 0.05032023 0.06026749 
0.2817204 0.1505412 0.07616864 0.07784915 0.06352358 0.05585862 0.07512458 0.08923659 0.09819172 0.08675614 0.07364765 0.074826 0.1085802 0.1080111 0.06586823 0.1367316 0.1437423 0.07739113 0.06763875 0.05226965 0.02709519 0.0434848 0.07412231 0.1199454 0.1007703 0.07331648 0.06318727 0.0255567 0.02630386 0.02766714 0.03698957 0.06358454 0.05127123 0.02963502 0.02754559 0.03101703 0.03684803 0.07438931 0.108136 0.1493224 0.1765272 0.1626974 0.1562711 0.1289792 0.1338383 0.2113985 0.2859778 0.2278959 0.2116541 0.140877 0.07631438 0.08043913 0.05620368 0.05833852 0.04868852 0.04492091 
0.2882251 0.1718001 0.1048995 0.1271161 0.1071404 0.08239968 0.07744981 0.09651329 0.08134545 0.08599897 0.09326953 0.1284818 0.1225063 0.09934276 0.08908206 0.1135381 0.1015076 0.06730146 0.06582481 0.05537161 0.04877308 0.08270266 0.07375381 0.1170421 0.08798314 0.04128986 0.05581775 0.02798314 0.02051864 0.03847952 0.05386876 0.05881962 0.05875815 0.0191552 0.02909848 0.03704966 0.04053098 0.08142033 0.1537319 0.1488177 0.1817315 0.1355459 0.0829126 0.07662863 0.1374463 0.1709662 0.2626418 0.1162062 0.1381247 0.1376189 0.1221506 0.06228998 0.05245009 0.05371206 0.05322303 0.02760087 
0.2202194 0.1507333 0.09430351 0.1271048 0.1138214 0.1004566 0.09373412 0.09704096 0.09749298 0.08580055 0.09378695 0.1217625 0.1114837 0.1300915 0.1213345 0.1007648 0.1070461 0.06302489 0.05693784 0.06572986 0.07153437 0.09891161 0.05162728 0.03015814 0.03466063 0.05817607 0.05514229 0.03441799 0.01477387 0.102259 0.02824375 0.03379338 0.02590805 0.01724559 0.04131881 0.09094523 0.1021564 0.1183853 0.1069934 0.05899804 0.1281437 0.09342439 0.1053683 0.09676316 0.1029617 0.147651 0.1954049 0.1133 0.1163996 0.08750797 0.1074695 0.09532148 0.05654447 0.04860391 0.0544919 0.0423865 
0.1938374 0.122992 0.09255479 0.1219193 0.1199308 0.07341514 0.09052614 0.09498278 0.08540152 0.05537172 0.07679064 0.09046582 0.1036548 0.08848295 0.1128787 0.1082844 0.07038364 0.0408408 0.05478923 0.09266477 0.132291 0.1068759 0.03591152 0.03818625 0.06740137 0.06539592 0.04878737 0.09281456 0.07122768 0.1130663 0.0331877 0.01061963 0.01698125 0.01586431 0.03441183 0.146048 0.4429262 0.1790414 0.07943492 0.02908553 0.08924233 0.07613457 0.1463754 0.1418 0.1329729 0.2093719 0.1716299 0.1426075 0.1916702 0.2384172 0.1066867 0.06552779 0.03698705 0.04113841 0.0289195 0.005166667 
0.2079182 0.1518765 0.08337318 0.0843685 0.09058211 0.1008756 0.08791601 0.09832043 0.08008855 0.07050432 0.09420759 0.1127439 0.1136669 0.09409773 0.08979237 0.08778835 0.06992685 0.05158839 0.06820431 0.105715 0.09292195 0.08602691 0.04941273 0.01872313 0.05864806 0.04656158 0.01950993 0.0156449 0.006540961 0.007153289 0.04552248 0.02464716 0.01932373 0.009405523 0.009724 0.01699209 0.06919817 0.0872063 0.03497649 0.08564869 0.2473788 0.1555707 0.0907966 0.1843457 0.1849862 0.1833849 0.1403587 0.1283242 0.1211223 0.1504801 0.1570731 0.07323311 0.0345568 0.03166322 0.04827449 0.002791666 
0.2254668 0.1521601 0.08699507 0.07455066 0.111151 0.1059023 0.09550993 0.1075988 0.07260147 0.07112386 0.1026265 0.1207789 0.1312047 0.1030623 0.07438046 0.05393128 0.05253262 0.04215188 0.05488568 0.08670001 0.05829922 0.03187276 0.02091894 0.04004364 0.06432682 0.03920496 0.0373738 0.009740711 0.005110488 0.07549582 0.06966858 0.01025325 0.01601398 0.01653359 0.01209488 0.02842512 0.03200745 0.03290901 0.1070563 0.102448 0.1119293 0.04587448 0.09690925 0.1441431 0.1480277 0.09282013 0.1642081 0.1526618 0.131078 0.1155883 0.1440443 0.06203452 0.03597246 0.02982241 0.04742509 0.01091667 
0.2121415 0.1253697 0.108291 0.06847221 0.08708803 0.09222525 0.1123131 0.1051142 0.08574455 0.1010857 0.1212584 0.1248625 0.1344693 0.1008718 0.1080643 0.07875931 0.05861966 0.02904141 0.02367299 0.05348165 0.06834543 0.05576622 0.0311946 0.0263814 0.02665527 0.06895282 0.05566461 0.01261246 0.01147424 0.0271296 0.01125133 0.0133841 0.01486453 0.007865946 0.008835291 0.01324655 0.02301339 0.03320614 0.05812519 0.07954305 0.03849958 0.07064754 0.08020791 0.1347302 0.116423 0.09406202 0.09996004 0.1911778 0.1102495 0.1161499 0.1329214 0.06576813 0.03810571 0.03641305 0.04383267 0.003041666 
0.1447734 0.09326884 0.07912862 0.09671059 0.1376541 0.1446849 0.1635715 0.1551573 0.1557973 0.1601506 0.1696459 0.1194094 0.1246888 0.1135023 0.08188444 0.1009113 0.05269226 0.03685036 0.03113518 0.03439197 0.03759543 0.0687407 0.05465255 0.04900324 0.0658062 0.04973968 0.03685008 0.01282173 0.006559123 0.02934262 0.01693428 0.01592141 0.01504325 0.02335278 0.005375544 0.01178631 0.01281677 0.01336707 0.07288153 0.04138143 0.08469956 0.06258766 0.07219177 0.1606879 0.1792618 0.1063894 0.06940044 0.07280714 0.1146507 0.09321724 0.0772628 0.04804166 0.03704166 0.01008333 0.002625 0.002125 
0.1629051 0.09589858 0.08312574 0.1125164 0.1362191 0.1475796 0.1596106 0.2405614 0.1725545 0.1575321 0.1359788 0.08312966 0.08120621 0.08174246 0.07556549 0.09811326 0.07807462 0.0559696 0.05045165 0.03372392 0.04024772 0.0643994 0.06099485 0.06736408 0.03956935 0.03364009 0.02731567 0.01259784 0.008057819 0.01233033 0.01891925 0.03067744 0.03112607 0.01184418 0.005343091 0.008193199 0.01162325 0.01889529 0.03591077 0.07608135 0.1863374 0.1910397 0.147576 0.1803444 0.1225148 0.09280929 0.103463 0.07136525 0.09900559 0.1047632 0.07539511 0.01429167 0.02804167 0.03779167 0.0025 0.0001666667 
0.197137 0.1111388 0.1316411 0.1473365 0.1357227 0.1366616 0.1892871 0.224492 0.1735944 0.1250954 0.1249277 0.1021691 0.07072806 0.1134325 0.08610155 0.08598431 0.06491619 0.0457096 0.03950762 0.04028036 0.04411593 0.04072239 0.03191203 0.03797584 0.03720977 0.01011898 0.01078789 0.004604681 0.005040701 0.007822074 0.005096349 0.01611415 0.01790736 0.0222628 0.03487134 0.04131723 0.03916444 0.02203902 0.02100095 0.06700769 0.1601054 0.2126254 0.2550745 0.1591598 0.08320525 0.09099469 0.124272 0.1088849 0.1170485 0.1125657 0.1128463 0.045 0.032625 0.02845833 0.006166667 0.002041667 
0.1967103 0.1342423 0.1596212 0.1791398 0.1549778 0.1522195 0.1394015 0.1787062 0.1855964 0.1387224 0.1248943 0.07593238 0.07782424 0.0663657 0.05590999 0.05703723 0.05379432 0.0531006 0.04389933 0.04740424 0.04361486 0.0430969 0.03404937 0.07578802 0.04764935 0.00967037 0.0132182 0.004279294 0.006433507 0.01049075 0.005645275 0.01204657 0.02952937 0.03237773 0.01355125 0.02340783 0.04309014 0.03924867 0.07582479 0.115456 0.1600546 0.1810181 0.1037532 0.1235433 0.1041743 0.1059254 0.09508165 0.1236105 0.145532 0.1330872 0.101214 0.07091666 0.039625 0.01841667 0.00525 0.005625 
0.1974642 0.1399951 0.1723375 0.2433352 0.267437 0.1835698 0.1625025 0.1899819 0.1791852 0.119199 0.1037579 0.08577286 0.07774748 0.07571899 0.05815878 0.06652369 0.05203856 0.04418408 0.0336069 0.05629948 0.03812001 0.04481515 0.0680337 0.08695661 0.07441242 0.02104967 0.008176557 0.01049753 0.00739828 0.008296094 0.01059482 0.01200792 0.01649129 0.02826486 0.02001832 0.01849664 0.02601796 0.02770229 0.05268682 0.07817584 0.1084562 0.1318076 0.08399203 0.0646281 0.08213038 0.08831017 0.09495053 0.05994447 0.08270866 0.08382204 0.06034411 0.029875 0.03216667 0.01675 0.008124999 0.00325 
0.1460698 0.1617976 0.2429505 0.3157567 0.1940856 0.1650491 0.1453848 0.1824056 0.1451771 0.1105173 0.1078408 0.06302689 0.05858597 0.08794282 0.0847716 0.09465374 0.05973726 0.05108655 0.04000355 0.06381305 0.0499173 0.04303287 0.03623524 0.04905449 0.03321612 0.008543026 0.008524623 0.02457437 0.009742003 0.006672194 0.01052628 0.01160812 0.01212639 0.02132939 0.02982924 0.03727631 0.05124881 0.06177201 0.02955387 0.0517632 0.09439947 0.1271011 0.08884658 0.07327834 0.09793326 0.1178542 0.08289352 0.05011784 0.02346257 0.05365786 0.0658743 0.023 0.03029166 0.015125 0.01733333 0.01354167 
0.1594716 0.2544436 0.2628554 0.2920863 0.1928697 0.1564004 0.1703314 0.2346215 0.1391033 0.1242291 0.129279 0.09090197 0.08172775 0.09945258 0.1200371 0.08767816 0.1003872 0.07882844 0.0503165 0.06098504 0.06144443 0.04257102 0.03364512 0.0505671 0.02424325 0.01535008 0.02260868 0.01677208 0.01165384 0.006480449 0.006918218 0.006622144 0.008063461 0.009841247 0.01385895 0.01758613 0.038295 0.05937757 0.0637925 0.06886468 0.1022637 0.1011196 0.07627966 0.07918732 0.1618313 0.2143724 0.1126425 0.06200301 0.06556173 0.04368187 0.06218713 0.030625 0.034375 0.01845833 0.010875 0.02125 
